# intensity: 0.994225002795139
# background: 3.74865853187359e-06
#           Q (1/A)             dQ (1/A)                    R                   dR               theory              fresnel
 0.00828394595712192 8.50615737097951e-05        0.47215511033       0.013655666465    0.470369940751746    0.994228751453671
 0.00828394595712192 8.51562576423779e-05        0.47409195817        0.01506367361    0.470365648610333    0.994228751453671
 0.00878400299739452 9.07858815078283e-05        0.43231267528      0.0094059099996    0.445862397998925    0.994228751453671
  0.0092840596899637 9.72266976371036e-05         0.4117909705      0.0079844426887    0.418109336381372    0.994228751453671
 0.00978411601492948 0.000103114789517934        0.38148368959      0.0078326446409    0.391083233723859     0.99422875145367
  0.0102841719520918 0.000109567675525457        0.36069614689      0.0083547896605    0.364858887328945    0.994228751453671
  0.0107834955625998 0.000115395155749597        0.33189077252      0.0061556497067    0.339539706974704    0.942563326735102
  0.0112806269580311 0.000121806171661971         0.3100443328      0.0052306560235    0.315253277411206    0.471097251287531
  0.0117843372439586 0.000127471750767821         0.2895290972      0.0051585745389    0.291634014806303    0.244557898027992
  0.0122843920875071 0.000134013810038082        0.26655861334      0.0054337883761    0.269213188886576    0.156010748805714
   0.012784445137853 0.000139735640433108        0.24957499434       0.004195076356    0.247848762257535    0.110251864591628
  0.0132837692174245 0.000146080727058304        0.22580066046      0.0035085647774    0.227593234651528   0.0822274320846822
  0.0137838209173802 0.000152238691869229        0.20962199021      0.0034679182448    0.208400645031195   0.0634962537424552
   0.014284603787669 0.000158335434898984        0.19018290039      0.0035792490746    0.190279939004385   0.0502892354298014
  0.0147846546952016 0.000164652439169841        0.17440958109      0.0027214288208    0.173280413213557   0.0406415319959698
  0.0152847063245301 0.000170643889445896        0.15694609713      0.0023446140635    0.157362318578356   0.0333722901633446
  0.0157825637821926 0.000177082508179186        0.14284874954      0.0025342214218    0.142570538346643    0.027789841983787
  0.0162804193137508 0.000182797252281715         0.1317091842       0.002562302057    0.128808298510072   0.0233998700016575
  0.0167848548872976 0.000189059155788357        0.11708317053      0.0020261958252    0.115882464962812   0.0198512434985942
  0.0172849039768129 0.000194909845720337        0.10439105063      0.0017795258093    0.104044056782388   0.0170069582239012
  0.0177827588288589  0.00020152954428991       0.094615123463       0.001704123352   0.0931864641057163   0.0146888717791368
   0.018282805226018 0.000207240932137621       0.085389622779      0.0016787025919   0.0831705865466405   0.0127625736631582
  0.0187828522069728  0.00021379827189121       0.073709455128      0.0013435023319   0.0740033433025715   0.0111553200209431
  0.0192839965337827 0.000219744665344169       0.065347816558      0.0011958859304   0.0656210948570279  0.00980039915317742
  0.0197851348453447 0.000226114864005734       0.059729382739      0.0011447615322   0.0579989132457593  0.00865264422584129
  0.0202829859946204 0.000231884638111837       0.051861612019      0.0010894075184   0.0511332304291463  0.00767982536832749
  0.0207830298827626 0.000238110143043519       0.046308355313       0.000920416102    0.044900826644951  0.00684113536871173
  0.0212808794167793 0.000244360914455047       0.037776391001     0.00077851579665   0.0393113243711673  0.00612043343980293
  0.0217853073903117 0.000250507817589186       0.033053895181     0.00071761086381   0.0342288415157683  0.00548727768885655
  0.0222853487467954 0.000256414544070305       0.030220375856     0.00069346507958   0.0297236453045666  0.00494056774102714
  0.0227831943943026 0.000262550798114337       0.025355990525     0.00058634951757   0.0257255271591565  0.00446413260098529
  0.0232832326634307 0.000268863143168893       0.022090870008     0.00052423602565   0.0221600527580547  0.00404363758226728
  0.0237832700103558 0.000274633253030164       0.018283073103     0.00046954781064   0.0190050793292644  0.00367254710332852
  0.0242855025377023  0.00028120311595069       0.015971318631     0.00043998501821   0.0162154500885879  0.00334277648901454
  0.0247833444745942    0.000287036542207       0.013917801169     0.00038861094647    0.013794377239001  0.00305280318043501
  0.0252844764426741 0.000293499912465634       0.011754392225     0.00024397308059   0.0117583515433616  0.00280129655670115
  0.0276837518308107 0.000322672931313117      0.0048120757579     0.00019197120461  0.00503691463341175  0.00188851520585297
   0.030081909575489 0.000352650349913444      0.0019271099432     0.00011144230712  0.00200441240306385  0.00131759967400755
  0.0324822304243071 0.000381735272716246     0.00090301928141      7.147455918e-05 0.000995381106601724 0.000949109129635634
  0.0348825213239716 0.000411056954852685     0.00092538056742     6.6807086265e-05 0.000893541880656459 0.000702265998678153
  0.0372838785506578 0.000440750055792776      0.0010998513431     6.6855242121e-05  0.00106998917437511 0.000531500684964214
  0.0396830057828514 0.000470162282280766       0.001287309484     6.6680727306e-05  0.00122026854412167  0.00041029955276909
  0.0420820994611328 0.000499772964700427      0.0012573386611     6.1193364065e-05  0.00123824197891719 0.000322182133332253
  0.0444833454351577 0.000529016143437083      0.0011863283054     5.5829897875e-05  0.00112439291061116 0.000256768358873394
     0.0468823601774 0.000558946391559847     0.00097224715208     4.7247013405e-05 0.000925910343136555 0.000207441474734171
  0.0492835227629232 0.000588157698331392     0.00063119062598     3.6186107146e-05 0.000698676957503807 0.000169591649502304
  0.0516846455740727 0.000617935490748629     0.00047959025829     2.9941568092e-05 0.000488537623298417 0.000140174013910465
   0.054085715964877 0.000646945135696644     0.00029145264802      2.271672928e-05 0.000322996409306459 0.000117022853966673
  0.0564845465278606 0.000676582012739859     0.00024009855592     1.9775405199e-05 0.000211606919423822 9.86127793543505e-05
  0.0588855160012028 0.000706248265454686     0.00010813506263      1.363164381e-05 0.000149837823315177 8.37952222370657e-05
  0.0612842413622066 0.000735379609021065     0.00013942775665     1.4247407477e-05 0.000125374130117568 7.17791809697721e-05
  0.0636851011581093  0.00076545137347113     0.00013031482242      1.321993013e-05 0.000122971575826925 6.19339935091905e-05
  0.0660837125651568 0.000794431573089895     0.00014878722126     1.3321128824e-05 0.000128725589914987 5.38181020120142e-05
  0.0684844539216446  0.00082427479785457     0.00012118052747     1.1633771434e-05 0.000132479976333899 4.70672768787164e-05
  0.0708851379708002 0.000853386706652423     0.00011297211375     1.0714535918e-05 0.000128728653333619 4.14192549920103e-05
  0.0732857520676632 0.000883196453170532     0.00012667433099     1.0765532309e-05 0.000116356537800034 3.66645387748631e-05
  0.0756841092466402 0.000912648125834308     0.00010391822281      9.749086993e-06 9.75656541817398e-05 3.26418057237316e-05
  0.0780845873801428 0.000941845391697016     6.8845075439e-05     8.0385377785e-06 7.63139098147511e-05 2.92136135932448e-05
  0.0804849942133586 0.000971436715611173     5.6566726689e-05     7.2562027589e-06  5.6929060368915e-05  2.6280059962538e-05
  0.0828831377524177  0.00100072591011783     3.9851933104e-05     6.4255806192e-06 4.28236950501478e-05 2.37599459793842e-05
  0.0852844971311142  0.00103043508404251     4.6330064055e-05     6.5786833945e-06 3.56951135204372e-05 2.15803969501439e-05
  0.0876835805639371  0.00105959766671445     3.3321796273e-05     5.7125648324e-06 3.53838443688254e-05 1.96917384649527e-05
  0.0900847752739058  0.00108963365146542        4.3642929e-05      5.806356889e-06 4.00801516578262e-05 1.80456831098157e-05
  0.0924837031144374  0.00111844794441412     4.1135157904e-05     5.6422201497e-06 4.69786957615346e-05  1.6608191559166e-05
  0.0948836362023383  0.00114843977547046     5.5477784869e-05     6.0300092186e-06 5.31236226339153e-05 1.53466968726881e-05
  0.0972834826500119  0.00117755833673226     5.6313747673e-05     5.6953349742e-06 5.61499896044909e-05 1.42363703064787e-05
  0.0996843379425681  0.00120687053315524     5.6831289023e-05     5.3987412744e-06 5.48365880486976e-05 1.32555650217706e-05
   0.102085101275684  0.00123679003026464     5.0515863054e-05     5.0767113162e-06 4.92974842448578e-05 1.23869478024594e-05
   0.104484674567496  0.00126580918773494     3.5459002031e-05     4.6847359014e-06 4.08181937705253e-05 1.16157559503928e-05
   0.106884152461121  0.00129565340861181      3.013874202e-05     4.3189188698e-06 3.13763758078074e-05 1.09289051442148e-05
   0.109285726905827  0.00132488075994746     1.8734064352e-05     3.8033424753e-06 2.30431239711291e-05 1.03149378776941e-05
    0.11168500732287  0.00135462167967825      7.967950145e-06     3.4310996538e-06 1.74393197750269e-05 9.76577702076737e-06
   0.114084185751757  0.00138347920277044     1.4355301907e-05      3.657642036e-06 1.52984678795615e-05 9.27291409550576e-06
    0.11648545388105  0.00141345625975345      1.573885026e-05     3.5838018305e-06 1.63882688139013e-05 8.82918519080232e-06
   0.118884421683421  0.00144253656631963     1.6892328129e-05     3.3711762028e-06 1.96522220287632e-05 8.42952054755524e-06
   0.121285474595749  0.00147191487501954     2.3950273523e-05     3.4165590666e-06 2.35951917085591e-05 8.06813136855183e-06
   0.123684222991651  0.00150187359785991     2.3445425332e-05     3.3894820724e-06 2.67172735193319e-05 7.74128485421283e-06
   0.126082868899395  0.00153086602514424     2.9599972292e-05     3.4610101176e-06 2.79464320465544e-05 7.44480884823647e-06
   0.128483572146542  0.00156066193727275     2.9910945458e-05     3.2629990524e-06 2.68666093538997e-05 7.17515339605406e-06
   0.130884168305084  0.00158967822291126     2.0478354118e-05     2.9984883929e-06 2.37642476668125e-05 6.92966867400006e-06
   0.133284644725092  0.00161942370606698     1.8564131905e-05     2.9650602083e-06 1.94653504353703e-05 6.70580901830664e-06
    0.13568499922658  0.00164869034646442     1.3649847771e-05     2.8905548621e-06 1.50403872496929e-05 6.50131912586773e-06
    0.13808194188991  0.00167821496448234     1.5921151785e-05     2.6962294426e-06 1.14770923738791e-05 6.31447177779494e-06
   0.140482045124758  0.00170710850558327     1.1511560243e-05     2.4784219301e-06 9.39517962765771e-06 6.14300527015723e-06
     0.1428831165341  0.00173697880092619     1.2130377427e-05     2.4418585259e-06 8.94457701248007e-06  5.9855765544663e-06
   0.145285143607664  0.00176641428787657     1.2285797858e-05     2.4821518122e-06 9.80355835221661e-06 5.84082612145693e-06
   0.147684855536754  0.00179544925703108     1.2275999637e-05     2.3078621336e-06 1.13332770247209e-05 5.70772473681494e-06
   0.150083337324777  0.00182538647795248     1.7509747355e-05     2.3082220098e-06 1.28060498439039e-05 5.58511118602371e-06
   0.152482775677133  0.00185432209119718       1.52995085e-05     2.2773302494e-06 1.36258304939111e-05 5.47190149856244e-06
   0.154884267005853  0.00188430850243976     1.3621328246e-05     2.3194059049e-06 1.34766632334156e-05 5.36720328034617e-06
   0.157284518223454  0.00191305293368118     1.1333343472e-05     2.1587428159e-06 1.23794181324048e-05 5.27038553753931e-06
   0.159683532270273  0.00194266502059607     1.3049575957e-05     2.0811775252e-06 1.06366648245247e-05 5.18075629484959e-06
   0.162083489300811  0.00197233782372697     9.2159890698e-06     2.0008098921e-06  8.7033148942066e-06 5.09759703334575e-06
    0.16448330598271   0.0020014532024883      4.034171913e-06     1.9806648484e-06 7.03237342158996e-06 5.02039327384598e-06
   0.166882966116087   0.0020307513882534     6.4468587656e-06     1.9306944712e-06 5.94130326745105e-06 4.94864201159981e-06
   0.169284664184276  0.00206011966558831      4.788783042e-06      1.805016003e-06 5.53810272258112e-06 4.88182777720764e-06
   0.171684017760326  0.00208974058681926     6.2761836721e-06     1.7978061262e-06 5.72130900185327e-06 4.81966052146388e-06
   0.174083210867885  0.00211867273307621     8.9180613674e-06     1.8695401391e-06  6.2396347651888e-06  4.7617033181058e-06
   0.176482251496893  0.00214860262529586     6.1972084271e-06     1.7944472277e-06 6.79121936117156e-06 4.70762045752857e-06
   0.178884404521133   0.0021774515146172      6.226338146e-06     1.6805991023e-06 7.12075379342095e-06 4.65703551620347e-06
    0.18128312093283  0.00220704078096333     1.0081369362e-05     1.6812892297e-06 7.08642427168492e-06 4.60980989843985e-06
   0.183681672586069   0.0022363906244065     4.6764056066e-06     1.6435176411e-06 6.68670302304604e-06 4.56561782299112e-06
   0.186083325993564  0.00226569599256261     5.7817984355e-06      1.651250179e-06 6.03417803580177e-06 4.52417365800877e-06
   0.188483715381194  0.00229520937522108     6.2102985578e-06     1.5495703451e-06 5.30560838808273e-06 4.48534529582503e-06
   0.190882847779252  0.00232415232964575     4.3937172176e-06     1.4902029799e-06 4.67452612218069e-06 4.44893570499387e-06
   0.193283994959697  0.00235380871082792     4.0411278306e-06     1.5047993796e-06 4.25867087841291e-06 4.41472144467268e-06
   0.195682754270504  0.00238292028596414     3.9212480722e-06      1.534870197e-06 4.09505313805469e-06 4.38260265271881e-06
   0.198083544493082  0.00241254901023743     3.2352988985e-06     1.4148265215e-06 4.14103527614224e-06 4.35237296133782e-06
   0.200481963626349  0.00244146231178892     3.6084367176e-06     1.3655916147e-06 4.30265199714132e-06 4.32395119925264e-06
   0.202883473491243  0.00247081969666508     4.7676042801e-06     1.3862972936e-06 4.47353732438612e-06 4.29714979685301e-06
   0.205283699277042  0.00250017527252649     5.8296281731e-06      1.453468288e-06 4.56936924131764e-06 4.27190466105231e-06
   0.207684843843548  0.00252945143501574      4.080083132e-06     1.3315438914e-06  4.5508693271016e-06 4.24808684796675e-06
   0.210084681861405  0.00255908795888525     4.6918831613e-06     1.2835407178e-06 4.42665064719408e-06 4.22562136915621e-06
   0.212484347840145  0.00258792261728127     4.4878708446e-06     1.2806561046e-06 4.24030054072989e-06 4.20440836464086e-06
   0.214883818729983  0.00261778773930879     5.1091756231e-06     1.3315896165e-06 4.04845694823497e-06 4.18436250799509e-06
   0.217283071491144  0.00264655430729083     5.1278269363e-06     1.2552536626e-06  3.8986012515059e-06 4.16540823748348e-06
   0.219684333411641  0.00267615094187468     2.8170756174e-06     1.1801185687e-06 3.81490445438142e-06 4.14745955505703e-06
   0.222084276603977  0.00270539723906035     3.4115143234e-06     1.1789975062e-06 3.79491573141997e-06 4.13047598579466e-06
   0.224484040577014  0.00273433490736184     3.8120928534e-06     1.2236164645e-06 3.81606979545922e-06 4.11438822908571e-06
   0.226883584361163  0.00276372182002183     5.1809141472e-06     1.1863478056e-06  3.8486187970895e-06 4.09914067694569e-06
   0.229284014865016  0.00279311215154059     4.6932371159e-06     1.1169352703e-06 3.86843036512589e-06 4.08467449240247e-06
   0.231683152480923  0.00282231380003842     3.9904436643e-06     1.0936715223e-06 3.86517499577107e-06 4.07095434414947e-06
   0.234083148456591  0.00285118775017456      2.987120257e-06     1.1154385975e-06 3.84355337455997e-06 4.05792289621678e-06
   0.236482949952866  0.00288099341779256     3.4025341287e-06     1.0981758055e-06 3.81816079278792e-06 4.04554487798529e-06
   0.238884699386722  0.00290987207786762     2.9208431272e-06      1.032837371e-06 3.80494205644506e-06 4.03379136971573e-06
    0.24128404261471  0.00293959326470486     5.2715223494e-06     1.0303902535e-06 3.81269083113896e-06 4.02283313447246e-06
   0.243684276721399  0.00296836828529303     1.6107407577e-06     1.0344303594e-06 3.83711725150621e-06 4.01333332065654e-06
   0.246083174591083  0.00299753587802448     2.0231521616e-06     1.0664540024e-06 3.86460007500018e-06 4.00623676756246e-06
   0.248482958999272  0.00302708902803547     5.7361901346e-06      1.063204936e-06  3.8856765594427e-06 4.00163712329303e-06
