# intensity: 0.991983457403631
# background: 5.53101352864684e-08
#           Q (1/A)             dQ (1/A)                    R                   dR               theory              fresnel
 0.00847259117033215 8.26378976815876e-05         1.0028149857       0.026680758399    0.991983512713765    0.113109389242806
   0.008971549711162 8.89735106128838e-05        0.99042751589       0.019581769898    0.991983512713763   0.0986820061365544
 0.00947270463788733 9.49709603086132e-05        0.97526573967       0.017477479889    0.991983512713767   0.0879261723494084
 0.00997276081915766 0.000101007764244291        0.97733936694       0.018630663038    0.991983512713768   0.0785009998863125
  0.0104750095423801 0.000107308975007565         1.0055662047       0.021904635702    0.991983512713767   0.0701763863412772
  0.0109728719774839 0.000113530823207745         1.0072722482       0.016753672187    0.991983512713768   0.0629026849506925
  0.0114729275682392 0.000119697777718039         1.0092503215       0.015200421412    0.991983512713767   0.0564262448175088
  0.0119718852402849 0.000125601002077892        0.99863882882       0.016183347089    0.991983512713767   0.0507396095478039
  0.0124719452307334 0.000131838349030635         1.0108320934       0.018959394908    0.991983512713766   0.0457020059182713
  0.0129730889224789 0.000137753920494935          1.001571203       0.014678135488    0.991983512713766   0.0412272789089842
  0.0134709489997166 0.000144242580645764        0.99606787558        0.01306638867    0.991983512713766    0.037280340611719
   0.013971000817198 0.000150018813161753        0.99570101871       0.013976953447    0.991983512713766    0.033752182491002
  0.0144732469616749 0.000156460998243896        0.96492386403       0.015909163867    0.946145712180554   0.0305972691187847
  0.0149732976507318  0.00016222594422253        0.29853729964      0.0045234323149    0.294103946851954   0.0277937239039999
  0.0154755413146215 0.000168734139887934       0.091041665569      0.0017665984154   0.0947377475603461   0.0252785278342428
  0.0159733985368304 0.000174525144796144       0.054107259285      0.0012725959345   0.0566048596959199   0.0230460148540925
  0.0164712551335314 0.000180894195449223       0.044778230214      0.0011584667716   0.0444443620910898   0.0210430200079179
  0.0169734968942438 0.000186640063709089       0.041634676484      0.0010202702205    0.040463736746946     0.01922876195102
  0.0174735457279429 0.000193018334324081       0.040434400569     0.00095620602846   0.0395238010909865   0.0176037982409922
  0.0179735925639724 0.000199015254709332       0.040671971574     0.00095498391888   0.0396505809532723   0.0161401015844044
  0.0184736399943291 0.000205492673052825       0.039160876085     0.00095840589537   0.0400272678295038   0.0148192308099436
  0.0189714931470836 0.000211704951792953       0.040394590233     0.00090057339059   0.0402899626224135   0.0136353381630513
  0.0194737313350308 0.000217678677500873       0.038694189652     0.00084823657128   0.0403087627883643   0.0125527400153784
  0.0199737752053759 0.000223854620656854       0.040015076151     0.00086672302786   0.0400401048244097    0.011572756195604
  0.0204738195920481 0.000229832365150426       0.039655505957     0.00089231186217   0.0394758257915807   0.0106832070000146
  0.0209738631690493 0.000236377716200607       0.039110136541     0.00080732764561   0.0386369233147324  0.00987467236549066
  0.0214728089451189 0.000242156023555636       0.037679634734     0.00076364222052   0.0375583060453441  0.00914023406674553
  0.0219739465030405 0.000248614049872179       0.035760058898     0.00074326382574   0.0362681354601773  0.00846791958886306
  0.0224739875290287 0.000254265817169837       0.032458466074     0.00071594149805    0.034811404509731  0.00785564732501314
  0.0229740263573481 0.000260668715965722       0.032977038255     0.00067252507815   0.0332206855526752  0.00729613281501475
  0.0234718707638028 0.000266412762852359       0.031298137563     0.00063459663976   0.0315369279482332  0.00678627113045722
  0.0239719077578625 0.000272927368798063        0.02940670832     0.00061427693729   0.0297755630491662  0.00631705646486668
  0.0244719464182467 0.000278761414243162       0.027986113035     0.00061274959539   0.0279715395697519  0.00588657343066656
  0.0249730788769379 0.000285042968278167       0.026296060191     0.00054825620247    0.026146306177004  0.00549079330053005
   0.025473114778941 0.000291000475696303       0.024843283769     0.00036923654869   0.0243493503519498  0.00513722667698138
  0.0278734850862211 0.000320869818597492       0.015863804636     0.00034611137862    0.016245752601831  0.00375807649828709
  0.0302738322352497 0.000350542654321915      0.0097873889491     0.00024667846591  0.00989010973276414  0.00279799518355583
  0.0326741495080413 0.000379625202327522      0.0059986173617      0.0001780755475  0.00565678531110276   0.0021217007151799
  0.0350733427124431 0.000409300889946586      0.0035886562089     0.00012759627505  0.00331914110374909  0.00163567783879719
  0.0374725039480061 0.000438525879182112      0.0023939774203     9.6570713685e-05  0.00235435387922634  0.00127967290972128
  0.0398716284157438 0.000468284863906961      0.0022195595028     8.6250198048e-05  0.00218754158699421  0.00101452092480135
  0.0422718100062231 0.000497031154490871      0.0024497482871     8.4239715914e-05   0.0023374263696168 0.000813923453584639
  0.0446719620204616   0.0005270601702329      0.0023968558381     7.8414947515e-05  0.00248310233844726 0.000660148596509143
  0.0470731693206592 0.000556562747833713      0.0024989168421     7.4609860737e-05  0.00246868300465394 0.000540713871308071
  0.0494721326113577 0.000586075367898436      0.0023527378668     6.8107164389e-05  0.00226973706669027 0.000447000932536418
  0.0518710560402402 0.000615807765998593      0.0019551199801     5.8407370595e-05  0.00194229835115561 0.000372613958606766
  0.0542721279024721 0.000644834403173918      0.0015506561325     4.8705509304e-05   0.0015722940270489  0.00031293809685814
  0.0566731449811581 0.000674939824781287      0.0012425572307      4.136502222e-05  0.00123800548147726 0.000264684364844437
  0.0590730195600804 0.000703831919649555      0.0010072067616     3.5329379133e-05 0.000986878612866534 0.000225351654811452
  0.0614706410189051 0.000733647245541268     0.00083064976483     3.0653477276e-05 0.000830181627466282  0.00019305721524696
  0.0638736866663234 0.000763002656702067     0.00070148643546     2.6738091046e-05 0.000749912364903875 0.000166266382802802
  0.0662722934170359 0.000792420905568024     0.00074364232659     2.6218193221e-05  0.00071364967127581 0.000143984982129375
  0.0686730299408206 0.000821685984485432     0.00064851077462     2.3483852673e-05 0.000687636956618822 0.000125285806404605
  0.0710715136396882 0.000851465768893239     0.00061190144034      2.154090917e-05 0.000648134813699904 0.000109529832283152
  0.0734721278458366 0.000881092239528908     0.00058158536549     2.0049147586e-05 0.000585763780565751 9.61564017243932e-05
    0.07587266973953 0.000910343803303044     0.00049182366627     1.7816302173e-05  0.00050468087623042  8.4757681753742e-05
  0.0782731423517528 0.000940149437944675     0.00042882697909     1.5858495154e-05 0.000417442524145194 7.49952290358207e-05
  0.0806724483990983 0.000969005671301951      0.0003255240866     1.3406064075e-05   0.0003385988223032 6.65992012058446e-05
  0.0830727768156089 0.000998955382869758     0.00026941524487     1.1697546424e-05 0.000278964859753337 5.93409468844011e-05
  0.0854730291366891  0.00102793332673301     0.00025871674325     1.1054365615e-05 0.000242655220823815 5.30433230129232e-05
  0.0878721117344992  0.00105756565011006     0.00023811376756     1.0152315877e-05 0.000226679759271717 4.75607173781732e-05
  0.0902722103689225  0.00108740475424797     0.00023087942158     9.5237970252e-06 0.000223023336988197 4.27657418038888e-05
  0.0926722213499907   0.0011167110312706     0.00023269386793     9.2666966012e-06 0.000222017596624835 3.85595145027314e-05
  0.0950721477106848  0.00114607562938137     0.00021138803398     8.5407123321e-06 0.000215576276747805 3.48576222573463e-05
  0.0974719872600199   0.0011755600744476      0.0002051940177     8.0673178838e-06 0.000199400904147525 3.15893527006535e-05
  0.0998717378070119  0.00120523733181689     0.00016809571885     7.0632087828e-06 0.000173622431301211 2.86952828874823e-05
    0.10227249308432  0.00123436416758046     0.00015200019018     6.4816394144e-06 0.000141947069292299 2.61240862261641e-05
   0.104673157442905  0.00126414545243863     0.00011818195735     5.6531147819e-06 0.000109901490067549 2.38346621140164e-05
   0.107072627749572  0.00129310531039411     8.6831130713e-05     4.7407480793e-06 8.27679712120127e-05 2.17917290454423e-05
   0.109472000285963  0.00132269825306718     5.9744688206e-05     3.8970322875e-06 6.39319063099378e-05   1.996325209935e-05
   0.111871283312008  0.00135222339725481      5.207929617e-05     3.5766599763e-06 5.41714687504589e-05 1.83228355315466e-05
   0.114272637239286  0.00138175388681741     5.3036748516e-05     3.5263670895e-06  5.1805687411495e-05 1.68464890879058e-05
   0.116670618264005  0.00141176081899832     5.1074899031e-05     3.3652183835e-06 5.35818329135311e-05 1.55178962730096e-05
   0.119069575009297   0.0014404888034156     5.3243259768e-05     3.2635314014e-06 5.58833027874572e-05 1.43174964489427e-05
   0.121472808084664  0.00147021556003876     5.4718022207e-05     3.1845521375e-06 5.58413110123598e-05 1.32293776504833e-05
     0.1238726403287  0.00149936810820663     5.3305374329e-05     3.0807654235e-06 5.20297111174121e-05  1.2244255187945e-05
   0.126273460281825  0.00152906228916004     4.5914290983e-05     2.8370595611e-06 4.46050258789999e-05 1.13490675231141e-05
   0.128670879305588   0.0015580168586609     3.4545680546e-05     2.4413303553e-06 3.49679859499942e-05 1.05355698005117e-05
   0.131071466217502  0.00158745644040163     2.5127712067e-05     2.1086311778e-06  2.5038935396851e-05 9.79301690999559e-06
   0.133474120716755  0.00161711410983599     1.6463225641e-05     1.8176320813e-06 1.66328781885458e-05 9.11444104998188e-06
   0.135871176969915  0.00164654651537112     1.0581688791e-05     1.6203411969e-06  1.0911868972548e-05 8.49527589433496e-06
   0.138271397629486  0.00167628862737864     9.4928118862e-06     1.4912648692e-06  8.0985794742728e-06 7.92735592184935e-06
   0.140670396109763  0.00170516524504616     8.6148850931e-06     1.4157554234e-06 7.64680427916384e-06 7.40660761943618e-06
   0.143071457286245  0.00173507898500402     8.8192348953e-06     1.4065919856e-06 8.51951495322484e-06 6.92779516722325e-06
    0.14547457265784  0.00176376967644944       6.93876563e-06     1.3750226761e-06 9.59731511990645e-06   6.486922682181e-06
   0.147872085837915  0.00179359950235594     9.0220388858e-06     1.3312638373e-06 1.00228784155864e-05 6.08173065541908e-06
   0.150272742101277   0.0018230293672585     9.0450621379e-06     1.2694199143e-06 9.40534517973571e-06 5.70745126905431e-06
   0.152671072658515  0.00185219976196425     7.0736206646e-06     1.1924310635e-06 7.82339460982171e-06 5.36207722198345e-06
   0.155071459230056  0.00188181601379167     4.9052381624e-06     1.1473169675e-06 5.68572610096559e-06  5.0424050298238e-06
   0.157472787857817  0.00191128358823251     3.1194251551e-06     1.0373746702e-06 3.52607807891821e-06 4.74631114726971e-06
   0.159871790830239  0.00194077338322107     5.6397645564e-07     9.1714076318e-07  1.7985813914894e-06 4.47212795141489e-06
   0.162272839205507  0.00196992380631454     5.7599798845e-07     9.1115353472e-07  7.3639213364359e-07 4.21744710811042e-06
   0.164673728419561    0.001999531317747    -1.1383710872e-07     9.2294990906e-07 3.34472393461812e-07 3.98086450181753e-06
   0.167072285789531  0.00202830716054765     2.3844022508e-07     8.8970501943e-07 3.98903852039162e-07 3.76104546973043e-06
   0.169471784935136  0.00205811944999643     8.9031565345e-07     8.4886118038e-07 6.58919902387944e-07 3.55631775578933e-06
    0.17187222830575  0.00208708483020654     3.2712568326e-07     8.1322285305e-07 8.76974377324498e-07 3.36544856748069e-06
   0.174271403559597  0.00211653373638175     1.7592417164e-08     8.1811523502e-07 9.22330644529206e-07 3.18749542769024e-06
   0.176669346566804  0.00214648062854454     7.6574609122e-07     8.1239125128e-07 7.90291115713282e-07 3.02141928768615e-06
   0.179069287314711  0.00217542131090516     9.0131229191e-07     7.5689594818e-07 5.69000285424098e-07  2.8660706952728e-06
   0.181470182876296  0.00220508473735535     1.1172606899e-06     7.3471932141e-07 3.79180872334396e-07 2.72070086199946e-06
   0.183869811381502  0.00223412993874183     6.8181884721e-07     7.2937636225e-07 3.12791757247571e-07 2.58467063819334e-06
   0.186272538200117   0.0022636312961418     8.8500482018e-07     7.2818308754e-07 3.94714514280057e-07 2.45704551775631e-06
   0.188671829862557  0.00229267467155908     1.5220754556e-06     6.9056739225e-07 5.78605541044854e-07 2.33752901645742e-06
   0.191070948623971   0.0023221357714073      6.605346227e-07      6.465807618e-07 7.74526415361515e-07  2.2253605585447e-06
   0.193472081982702  0.00235128724059202     9.2444217358e-07     6.5733504606e-07 8.91157779097528e-07 2.11990932550669e-06
   0.195873016849989    0.002380887005276     1.2822923089e-06     6.7579946587e-07 8.74750669203825e-07 2.02079165994112e-06
   0.198273792745256  0.00241039594302261     1.1375711633e-06     6.2856644667e-07 7.30871509728762e-07 1.92755380744773e-06
   0.200672197381707  0.00243941204387994     9.6060931872e-07     6.0881281356e-07 5.20132034127928e-07 1.83986010972488e-06
   0.203070418117293  0.00246903011458762    -1.2553825302e-07     5.9752248459e-07 3.31863562630094e-07 1.75724620896949e-06
   0.205470620768711  0.00249791596096105    -5.3436689547e-07     6.2230539742e-07 2.48983714031789e-07 1.67929207191218e-06
   0.207872844324176  0.00252749707689726    -1.0372429282e-06     5.5674350023e-07 3.16985827200396e-07  1.6056891188562e-06
   0.210270478786517  0.00255672006557671     3.2864483589e-07     5.5334026144e-07 5.26280239237652e-07 1.53633531599547e-06
   0.212670129742967  0.00258595116118582     2.0967129057e-07     5.4456063729e-07 8.18179196879475e-07 1.47076776633806e-06
    0.21506848892559  0.00261519356230507    -6.1014744408e-08     5.5585137067e-07 1.10509298727621e-06 1.40881489430065e-06
   0.217469915524005   0.0026445393411375     1.3862339927e-06     5.4587983579e-07 1.30284819583153e-06 1.35014051782819e-06
   0.219872257001874  0.00267406191044559     8.3631909655e-07     5.0843133721e-07 1.35690787289978e-06   1.294589558497e-06
   0.222271092502172  0.00270309119551054     9.4104956898e-07     5.0431143191e-07 1.26037335013964e-06 1.24205880667393e-06
   0.224674119617179  0.00273262516215362     1.8156925898e-06     5.3352785027e-07 1.05245470140971e-06 1.19219688655781e-06
   0.227070377990905  0.00276149420730341      1.336704909e-06     5.0517595047e-07 8.04699110132922e-07 1.14505436935085e-06
   0.229470781529328  0.00279108084806287     6.3929228991e-07     4.6602876017e-07 5.92961457916926e-07 1.10025481757713e-06
   0.231868807983369  0.00281980885014963     4.0124529306e-07     4.5470089417e-07 4.76405983488135e-07 1.05777327386854e-06
   0.234270974039828  0.00284922148016538     2.2213183525e-07     4.6360685727e-07 4.78541412064696e-07 1.01736074863585e-06
   0.236670758591974  0.00287884101037781     1.2119784631e-06     4.6932827219e-07 5.83735245018278e-07 9.79000814164357e-07
   0.239070304622595  0.00290785516514259      1.116828311e-06     4.3827219424e-07 7.45262142965889e-07 9.42600134720921e-07
   0.241471816831805   0.0029372281347925     9.1869519974e-07     4.2425929703e-07 9.03379088229386e-07 9.08588715619308e-07
   0.243872034698007  0.00296620316397673      1.126060491e-06     4.3408981874e-07 1.00994164372352e-06 8.79121059650607e-07
   0.246272006672431  0.00299568860524816     1.6852930608e-06     4.5127815251e-07 1.05609657747314e-06 8.57096573506107e-07
   0.248671772404349  0.00302458975088827     8.5931164837e-07     4.3026744468e-07 1.06541898320308e-06 8.42822017632052e-07
