# x	 y	 dy	 fy
1.003700000000000009e-01 1.209609480515740021e+00 5.000000000000000278e-02 1.355584815859602443e+00
1.010999999999999954e-01 1.206665344300569931e+00 5.000000000000000278e-02 1.363279667373092696e+00
1.018199999999999938e-01 1.230862620910269989e+00 5.000000000000000278e-02 1.370859426606778619e+00
1.025500000000000023e-01 1.270276484695100017e+00 5.000000000000000278e-02 1.378536756485361225e+00
1.032799999999999968e-01 1.278296348479929900e+00 5.000000000000000278e-02 1.386193551768490462e+00
1.039999999999999952e-01 1.271709625089620044e+00 5.000000000000000278e-02 1.393738282073807788e+00
1.047300000000000036e-01 1.303353488874450017e+00 5.000000000000000278e-02 1.401359015613215853e+00
1.054599999999999982e-01 1.323303352659279897e+00 5.000000000000000278e-02 1.408965105422760544e+00
1.061900000000000066e-01 1.329536216444120011e+00 5.000000000000000278e-02 1.416546756792436801e+00
1.069100000000000050e-01 1.362999493053810074e+00 5.000000000000000278e-02 1.423994958566087821e+00
1.076399999999999996e-01 1.396600356838640034e+00 5.000000000000000278e-02 1.431530342464747418e+00
1.083699999999999941e-01 1.396189220623470062e+00 5.000000000000000278e-02 1.439016657627400830e+00
1.090900000000000064e-01 1.391531497233170045e+00 5.000000000000000278e-02 1.446385013856595458e+00
1.098200000000000010e-01 1.379973361018000055e+00 5.000000000000000278e-02 1.453806351405360076e+00
1.105499999999999955e-01 1.402358224802829900e+00 5.000000000000000278e-02 1.461196417962970617e+00
1.112699999999999939e-01 1.421175501412520026e+00 5.000000000000000278e-02 1.468449278178121320e+00
1.120000000000000023e-01 1.435059365197359993e+00 5.000000000000000278e-02 1.475748489522008322e+00
1.127299999999999969e-01 1.445100228982189927e+00 5.000000000000000278e-02 1.483026811315008020e+00
1.134600000000000053e-01 1.466410092767020057e+00 5.000000000000000278e-02 1.490223608919269083e+00
1.141800000000000037e-01 1.465160369376709903e+00 5.000000000000000278e-02 1.497297798372567934e+00
1.149099999999999983e-01 1.468599233161540063e+00 5.000000000000000278e-02 1.504405610177947050e+00
1.156400000000000067e-01 1.471917096946369963e+00 5.000000000000000278e-02 1.511460768455084924e+00
1.163600000000000051e-01 1.493483373556069971e+00 5.000000000000000278e-02 1.518376537879727151e+00
1.170899999999999996e-01 1.517542237340899991e+00 5.000000000000000278e-02 1.525304621215707535e+00
1.178199999999999942e-01 1.521151101125729932e+00 5.000000000000000278e-02 1.532203390419464739e+00
1.185400000000000065e-01 1.534811377735429971e+00 5.000000000000000278e-02 1.538909275813845845e+00
1.192700000000000010e-01 1.534866241520260077e+00 5.000000000000000278e-02 1.545666651809850745e+00
1.199999999999999956e-01 1.526032105305090036e+00 5.000000000000000278e-02 1.552348975274319809e+00
1.207300000000000040e-01 1.550507969089919946e+00 5.000000000000000278e-02 1.558952830730124139e+00
1.214500000000000024e-01 1.579966245699609972e+00 5.000000000000000278e-02 1.565421823198981599e+00
1.221799999999999969e-01 1.571573109484440067e+00 5.000000000000000278e-02 1.571863438807925784e+00
1.229100000000000054e-01 1.576503973269270054e+00 5.000000000000000278e-02 1.578267594438094834e+00
1.236300000000000038e-01 1.586790249878970105e+00 5.000000000000000278e-02 1.584473199275678645e+00
1.243599999999999983e-01 1.596111113663799985e+00 5.000000000000000278e-02 1.590701348181283725e+00
1.250900000000000067e-01 1.609688977448630043e+00 5.000000000000000278e-02 1.596849730541801016e+00
1.258100000000000052e-01 1.622209254058329941e+00 5.000000000000000278e-02 1.602807661775687009e+00
1.265400000000000136e-01 1.622798117843160082e+00 5.000000000000000278e-02 1.608806148899817767e+00
1.272699999999999942e-01 1.635512981627990081e+00 5.000000000000000278e-02 1.614650336825183441e+00
1.280000000000000027e-01 1.619593845412820032e+00 5.000000000000000278e-02 1.620449309342437916e+00
1.287200000000000011e-01 1.626807122022509988e+00 5.000000000000000278e-02 1.626051106621303477e+00
1.294500000000000095e-01 1.649096985807350091e+00 5.000000000000000278e-02 1.631641120997797234e+00
1.301799999999999902e-01 1.668357849592180031e+00 5.000000000000000278e-02 1.637151918430587827e+00
1.308999999999999886e-01 1.658440126201869980e+00 5.000000000000000278e-02 1.642448069891013773e+00
1.316299999999999970e-01 1.661797989986699919e+00 5.000000000000000278e-02 1.647770541001398747e+00
1.323600000000000054e-01 1.668861853771530068e+00 5.000000000000000278e-02 1.652925523320329937e+00
1.330800000000000038e-01 1.664556130381229959e+00 5.000000000000000278e-02 1.657946555758404550e+00
1.338100000000000123e-01 1.690157994166060051e+00 5.000000000000000278e-02 1.662914742441648164e+00
1.345399999999999929e-01 1.703342857950890021e+00 5.000000000000000278e-02 1.667763992187377697e+00
1.352599999999999913e-01 1.703184134560590035e+00 5.000000000000000278e-02 1.672474190411911366e+00
1.359899999999999998e-01 1.716124998345420094e+00 5.000000000000000278e-02 1.677074873554368573e+00
1.367200000000000082e-01 1.722723862130250083e+00 5.000000000000000278e-02 1.681619444941307551e+00
1.374499999999999889e-01 1.720912725915080044e+00 5.000000000000000278e-02 1.685993086113185546e+00
1.381699999999999873e-01 1.724352002524770056e+00 5.000000000000000278e-02 1.690217719439320643e+00
1.388999999999999957e-01 1.733304866309600012e+00 5.000000000000000278e-02 1.694382204544793824e+00
1.396300000000000041e-01 1.737887730094429983e+00 5.000000000000000278e-02 1.698395614533270592e+00
1.403500000000000025e-01 1.760280006704129985e+00 5.000000000000000278e-02 1.702291562327117536e+00
1.410800000000000110e-01 1.764841870488959907e+00 5.000000000000000278e-02 1.706028769641269038e+00
1.418099999999999916e-01 1.775459734273789891e+00 5.000000000000000278e-02 1.709703572515037129e+00
1.425299999999999900e-01 1.785883010883489996e+00 5.000000000000000278e-02 1.713161484381572119e+00
1.432599999999999985e-01 1.783717874668319991e+00 5.000000000000000278e-02 1.716549759826785815e+00
1.439900000000000069e-01 1.803186738453149918e+00 5.000000000000000278e-02 1.719826288215261512e+00
1.447100000000000053e-01 1.827542015062840086e+00 5.000000000000000278e-02 1.722875843586940237e+00
1.454400000000000137e-01 1.825972878847669900e+00 5.000000000000000278e-02 1.725904806464750418e+00
1.461699999999999944e-01 1.828192742632499979e+00 5.000000000000000278e-02 1.728708548771576758e+00
1.468899999999999928e-01 1.820320019242199994e+00 5.000000000000000278e-02 1.731395800546863484e+00
1.476200000000000012e-01 1.775498883027029962e+00 5.000000000000000278e-02 1.733956470966280916e+00
1.483500000000000096e-01 1.774957746811860027e+00 5.000000000000000278e-02 1.736368797709587186e+00
1.490700000000000081e-01 1.788054023421560057e+00 5.000000000000000278e-02 1.738650462206560166e+00
1.497999999999999887e-01 1.802790887206390025e+00 5.000000000000000278e-02 1.740746432086738738e+00
1.505299999999999971e-01 1.803348750991220051e+00 5.000000000000000278e-02 1.742771805318969136e+00
1.512499999999999956e-01 1.820423027600909904e+00 5.000000000000000278e-02 1.744553690071690255e+00
1.519800000000000040e-01 1.829224891385750063e+00 5.000000000000000278e-02 1.746254580282450286e+00
1.527100000000000124e-01 1.820770755170580069e+00 5.000000000000000278e-02 1.747802137867901617e+00
1.534300000000000108e-01 1.811387031780270052e+00 5.000000000000000278e-02 1.749151715698425535e+00
1.541599999999999915e-01 1.817724895565099974e+00 5.000000000000000278e-02 1.750436612071013531e+00
1.548899999999999999e-01 1.815589759349929944e+00 5.000000000000000278e-02 1.751468307285714010e+00
1.556099999999999983e-01 1.819877035959629907e+00 5.000000000000000278e-02 1.752414866431648122e+00
1.563400000000000067e-01 1.822105899744459911e+00 5.000000000000000278e-02 1.753164372505289004e+00
1.570699999999999874e-01 1.812321763529290086e+00 5.000000000000000278e-02 1.753779030865988409e+00
1.577900000000000136e-01 1.797749040138989951e+00 5.000000000000000278e-02 1.754249622607882753e+00
1.585199999999999942e-01 1.810223903923819933e+00 5.000000000000000278e-02 1.754517562837945022e+00
1.592500000000000027e-01 1.814601767708649893e+00 5.000000000000000278e-02 1.754708716371553789e+00
1.599700000000000011e-01 1.836838044318340080e+00 5.000000000000000278e-02 1.754633657706027527e+00
1.607000000000000095e-01 1.844881908103169987e+00 5.000000000000000278e-02 1.754472452492132684e+00
1.614299999999999902e-01 1.863990771887999998e+00 5.000000000000000278e-02 1.754115864811832237e+00
1.621499999999999886e-01 1.862613048497699930e+00 5.000000000000000278e-02 1.753603435090375529e+00
1.628799999999999970e-01 1.838150912282529914e+00 5.000000000000000278e-02 1.752964025376089863e+00
1.636100000000000054e-01 1.827029776067359945e+00 5.000000000000000278e-02 1.752083280644517904e+00
1.643300000000000038e-01 1.801632052677059947e+00 5.000000000000000278e-02 1.751139496241236326e+00
1.650600000000000123e-01 1.803374916461889965e+00 5.000000000000000278e-02 1.749928184062786274e+00
1.657899999999999929e-01 1.788464780246719954e+00 5.000000000000000278e-02 1.748604180873885916e+00
1.665099999999999913e-01 1.794355056856409947e+00 5.000000000000000278e-02 1.747124714325241968e+00
1.672399999999999998e-01 1.796097920641239964e+00 5.000000000000000278e-02 1.745434501672344485e+00
1.679700000000000082e-01 1.799234784426070100e+00 5.000000000000000278e-02 1.743644204507655004e+00
1.686900000000000066e-01 1.795677061035769961e+00 5.000000000000000278e-02 1.741610066890013409e+00
1.694199999999999873e-01 1.790957924820600011e+00 5.000000000000000278e-02 1.739469914016803731e+00
1.701499999999999957e-01 1.808274788605430006e+00 5.000000000000000278e-02 1.737095081844224564e+00
1.708699999999999941e-01 1.811849065215130006e+00 5.000000000000000278e-02 1.734616558157440647e+00
1.716000000000000025e-01 1.827784928999959924e+00 5.000000000000000278e-02 1.731947860795354233e+00
1.723300000000000110e-01 1.793897792784789891e+00 5.000000000000000278e-02 1.729060477371842097e+00
1.730500000000000094e-01 1.755441069394479969e+00 5.000000000000000278e-02 1.726135631150391259e+00
1.737799999999999900e-01 1.751361933179309993e+00 5.000000000000000278e-02 1.722876982277172120e+00
1.745099999999999985e-01 1.736386796964140000e+00 5.000000000000000278e-02 1.719533883791796836e+00
1.752299999999999969e-01 1.747150073573839890e+00 5.000000000000000278e-02 1.716028229679591899e+00
1.759600000000000053e-01 1.762096937358669901e+00 5.000000000000000278e-02 1.712310992532820153e+00
1.766900000000000137e-01 1.761947801143499914e+00 5.000000000000000278e-02 1.708460736082450637e+00
1.774100000000000121e-01 1.776145077753199963e+00 5.000000000000000278e-02 1.704421930488934755e+00
1.781399999999999928e-01 1.772913653251489974e+00 5.000000000000000278e-02 1.700247956986515652e+00
1.788700000000000012e-01 1.761440880958569988e+00 5.000000000000000278e-02 1.695806007564933937e+00
1.795899999999999996e-01 1.753569941162800072e+00 5.000000000000000278e-02 1.691318916242384729e+00
1.803200000000000081e-01 1.732917168869869906e+00 5.000000000000000278e-02 1.686581579438123146e+00
1.810499999999999887e-01 1.710860396576940001e+00 5.000000000000000278e-02 1.681656325116862583e+00
1.817699999999999871e-01 1.701641456781179951e+00 5.000000000000000278e-02 1.676693102258203449e+00
1.824999999999999956e-01 1.705326684488249978e+00 5.000000000000000278e-02 1.671395624998833984e+00
1.832199999999999940e-01 1.704383744692490099e+00 5.000000000000000278e-02 1.666093379963762500e+00
1.839500000000000024e-01 1.720302972399559982e+00 5.000000000000000278e-02 1.660474069560214705e+00
1.846800000000000108e-01 1.704417200106630004e+00 5.000000000000000278e-02 1.654724628162671518e+00
1.854000000000000092e-01 1.680625260310860014e+00 5.000000000000000278e-02 1.648894349433467132e+00
1.861299999999999899e-01 1.686938488017940108e+00 5.000000000000000278e-02 1.642776590322319707e+00
1.868599999999999983e-01 1.698418715725009909e+00 5.000000000000000278e-02 1.636574738015715846e+00
1.875799999999999967e-01 1.663680775929240019e+00 5.000000000000000278e-02 1.630175866618417846e+00
1.883100000000000052e-01 1.654097003636310070e+00 5.000000000000000278e-02 1.623611952724101082e+00
1.890400000000000136e-01 1.642485231343389973e+00 5.000000000000000278e-02 1.616833716282657374e+00
1.897600000000000120e-01 1.671432291547620075e+00 5.000000000000000278e-02 1.610000218725713639e+00
1.904899999999999927e-01 1.674350519254689917e+00 5.000000000000000278e-02 1.602936577777901883e+00
1.912200000000000011e-01 1.649214746961759959e+00 5.000000000000000278e-02 1.595646998920420501e+00
1.919399999999999995e-01 1.621524807166000004e+00 5.000000000000000278e-02 1.588383167471306701e+00
1.926700000000000079e-01 1.600196034873069939e+00 5.000000000000000278e-02 1.580755237948783032e+00
1.933900000000000063e-01 1.601044095077309937e+00 5.000000000000000278e-02 1.573140643737359845e+00
1.941199999999999870e-01 1.627180322784379962e+00 5.000000000000000278e-02 1.565234203686513448e+00
1.948499999999999954e-01 1.612128550491449985e+00 5.000000000000000278e-02 1.557160636372325158e+00
1.955699999999999938e-01 1.593827610695679908e+00 5.000000000000000278e-02 1.549090440519983680e+00
1.963000000000000023e-01 1.560556838402759938e+00 5.000000000000000278e-02 1.540670448660283576e+00
1.970300000000000107e-01 1.558230066109830059e+00 5.000000000000000278e-02 1.532174859852502902e+00
1.977500000000000091e-01 1.564715126314059956e+00 5.000000000000000278e-02 1.523569151095437446e+00
1.984799999999999898e-01 1.569559354021129893e+00 5.000000000000000278e-02 1.514733424846400389e+00
1.991999999999999882e-01 1.544965414225369926e+00 5.000000000000000278e-02 1.505864619828379825e+00
1.999299999999999966e-01 1.526032641932439926e+00 5.000000000000000278e-02 1.496693785014606259e+00
2.006600000000000050e-01 1.472679869639510031e+00 5.000000000000000278e-02 1.487438436899994665e+00
2.013800000000000034e-01 1.459355929843749955e+00 5.000000000000000278e-02 1.478064621244685295e+00
2.021100000000000119e-01 1.450102157550819948e+00 5.000000000000000278e-02 1.468492473237670737e+00
2.028300000000000103e-01 1.480882217755050023e+00 5.000000000000000278e-02 1.458855093612742015e+00
2.035599999999999909e-01 1.489640445462129925e+00 5.000000000000000278e-02 1.448960938255656750e+00
2.042899999999999994e-01 1.493656673169200033e+00 5.000000000000000278e-02 1.438937526497671593e+00
2.050099999999999978e-01 1.489243733373430079e+00 5.000000000000000278e-02 1.428864757769991334e+00
2.057400000000000062e-01 1.455272961080499972e+00 5.000000000000000278e-02 1.418585692478826932e+00
2.064699999999999869e-01 1.422384188787580106e+00 5.000000000000000278e-02 1.408070273409280704e+00
2.071900000000000130e-01 1.408713248991809941e+00 5.000000000000000278e-02 1.397628059287219005e+00
2.079199999999999937e-01 1.348510476698880023e+00 5.000000000000000278e-02 1.386873134732104162e+00
2.086500000000000021e-01 1.343915704405949985e+00 5.000000000000000278e-02 1.375983255648582038e+00
2.093700000000000006e-01 1.301387764610189901e+00 5.000000000000000278e-02 1.365143913828916089e+00
2.101000000000000090e-01 1.286696992317259980e+00 5.000000000000000278e-02 1.353960774040735782e+00
2.108200000000000074e-01 1.297805052521499913e+00 5.000000000000000278e-02 1.342870845808065816e+00
2.115499999999999881e-01 1.309356280228570091e+00 5.000000000000000278e-02 1.331425265453868523e+00
2.122799999999999965e-01 1.331096507935640050e+00 5.000000000000000278e-02 1.319895324874376330e+00
2.129999999999999949e-01 1.294636568139879929e+00 5.000000000000000278e-02 1.308389120980933296e+00
2.137300000000000033e-01 1.263926795846950002e+00 5.000000000000000278e-02 1.296583685415423570e+00
2.144500000000000017e-01 1.286792856051180101e+00 5.000000000000000278e-02 1.284865133507808288e+00
2.151800000000000102e-01 1.262028083758250041e+00 5.000000000000000278e-02 1.272792184932697523e+00
2.159099999999999908e-01 1.206191311465329985e+00 5.000000000000000278e-02 1.260661761721522778e+00
2.166299999999999892e-01 1.183370371669560051e+00 5.000000000000000278e-02 1.248534253034128350e+00
2.173599999999999977e-01 1.155743599376630071e+00 5.000000000000000278e-02 1.236147544742968840e+00
2.180799999999999961e-01 1.101232659580869910e+00 5.000000000000000278e-02 1.223823691231608723e+00
2.188100000000000045e-01 1.125248887287940036e+00 5.000000000000000278e-02 1.211189267545721870e+00
2.195400000000000129e-01 1.166132114995009905e+00 5.000000000000000278e-02 1.198500847237109257e+00
2.202600000000000113e-01 1.172638175199250066e+00 5.000000000000000278e-02 1.185801317641546504e+00
2.209899999999999920e-01 1.145025402906320044e+00 5.000000000000000278e-02 1.172877273016819988e+00
2.217099999999999904e-01 1.126596463110550062e+00 5.000000000000000278e-02 1.159998422419538544e+00
2.224399999999999988e-01 1.096225690817620002e+00 5.000000000000000278e-02 1.146847746111798072e+00
2.231700000000000073e-01 1.096561918524699974e+00 5.000000000000000278e-02 1.133614357375674286e+00
2.238900000000000057e-01 1.114014978728929961e+00 5.000000000000000278e-02 1.120427641094093874e+00
2.246199999999999863e-01 1.083944206436000091e+00 5.000000000000000278e-02 1.107012873308966139e+00
2.253400000000000125e-01 1.045983266640239995e+00 5.000000000000000278e-02 1.093632523254063349e+00
2.260699999999999932e-01 1.014481494347309942e+00 5.000000000000000278e-02 1.080013375025739464e+00
2.268000000000000016e-01 1.013031722054380079e+00 5.000000000000000278e-02 1.066290262840236425e+00
2.275200000000000000e-01 9.940257822586160419e-01 5.000000000000000278e-02 1.052664497751241601e+00
2.282500000000000084e-01 9.223710099656869943e-01 5.000000000000000278e-02 1.038790911770833159e+00
2.289700000000000069e-01 9.609060701699230211e-01 5.000000000000000278e-02 1.024982552062966512e+00
2.296999999999999875e-01 9.269472978769940363e-01 5.000000000000000278e-02 1.010945014835975098e+00
2.304299999999999959e-01 9.201035255840660509e-01 5.000000000000000278e-02 9.967902035985870546e-01
2.311499999999999944e-01 8.553645857883009906e-01 5.000000000000000278e-02 9.827756646720231526e-01
2.318800000000000028e-01 7.907608134953729717e-01 5.000000000000000278e-02 9.684902765309399975e-01
2.326000000000000012e-01 8.765318736996080551e-01 5.000000000000000278e-02 9.543169555606628718e-01
2.328300000000000092e-01 9.611897262648499973e-01 5.000000000000000278e-02 9.497770813748734886e-01
2.333300000000000096e-01 9.200111014066789661e-01 5.000000000000000278e-02 9.399077896666357956e-01
2.337400000000000033e-01 9.497699690229800540e-01 5.000000000000000278e-02 9.317546703168889666e-01
2.340599999999999903e-01 8.528153291137510195e-01 5.000000000000000278e-02 9.253870784932312077e-01
2.346499999999999975e-01 9.302572117811109820e-01 5.000000000000000278e-02 9.136423262912921617e-01
2.347799999999999887e-01 7.406523893179860485e-01 5.000000000000000278e-02 9.110359106863514800e-01
2.355099999999999971e-01 7.057456170250580030e-01 5.000000000000000278e-02 8.963998845970672091e-01
2.355599999999999916e-01 9.124164545392410286e-01 5.000000000000000278e-02 8.953974170567052804e-01
2.362299999999999955e-01 7.489826772292930146e-01 5.000000000000000278e-02 8.819145335105099681e-01
2.364600000000000035e-01 8.897865297945349861e-01 5.000000000000000278e-02 8.772707479750386783e-01
2.369600000000000040e-01 7.329999049363650210e-01 5.000000000000000278e-02 8.671755620283623234e-01
2.373699999999999977e-01 8.766527725526650494e-01 5.000000000000000278e-02 8.588664321328806084e-01
2.376800000000000024e-01 7.009519651405999863e-01 5.000000000000000278e-02 8.525667039849963436e-01
2.382799999999999918e-01 8.564760153107959795e-01 5.000000000000000278e-02 8.403736817632849743e-01
2.384100000000000108e-01 7.471661928476710512e-01 5.000000000000000278e-02 8.377294294916048933e-01
2.391399999999999915e-01 7.169114205547429952e-01 5.000000000000000278e-02 8.228058432160233471e-01
2.391800000000000037e-01 8.320800905660890034e-01 5.000000000000000278e-02 8.219881124611966294e-01
2.398599999999999899e-01 5.673344807589779659e-01 5.000000000000000278e-02 8.080628515201908613e-01
2.400899999999999979e-01 8.077213333242200255e-01 5.000000000000000278e-02 8.033352022764956857e-01
2.405899999999999983e-01 6.319377084660500188e-01 5.000000000000000278e-02 7.930577039206369028e-01
2.409999999999999920e-01 7.900885760823499471e-01 5.000000000000000278e-02 7.846203064367073265e-01
2.413099999999999967e-01 7.068337686702850231e-01 5.000000000000000278e-02 7.782166912271604176e-01
2.419000000000000039e-01 7.620596513376439729e-01 5.000000000000000278e-02 7.660291655057648308e-01
2.420400000000000051e-01 7.107469963773570543e-01 5.000000000000000278e-02 7.631372102498404919e-01
2.427600000000000036e-01 6.313230565815920459e-01 5.000000000000000278e-02 7.482091689181955552e-01
2.428099999999999981e-01 7.352648940957750012e-01 5.000000000000000278e-02 7.471717343540918987e-01
2.434900000000000120e-01 5.966762842886630391e-01 5.000000000000000278e-02 7.330566119366017652e-01
2.437199999999999922e-01 7.417841368539049851e-01 5.000000000000000278e-02 7.282655853591983863e-01
2.442199999999999926e-01 5.923475119957349877e-01 5.000000000000000278e-02 7.178503101909292639e-01
2.446200000000000041e-01 7.213022121091989813e-01 5.000000000000000278e-02 7.095180900563137216e-01
2.449399999999999911e-01 5.594545721999699683e-01 5.000000000000000278e-02 7.028331552427433682e-01
2.455299999999999983e-01 6.888104548673289473e-01 5.000000000000000278e-02 6.905007647541046012e-01
2.456699999999999995e-01 6.511097999070419862e-01 5.000000000000000278e-02 6.875744348076480161e-01
2.463899999999999979e-01 5.902828601112769524e-01 5.000000000000000278e-02 6.724963374449097753e-01
2.464399999999999924e-01 6.607436976254600358e-01 5.000000000000000278e-02 6.714481337598409150e-01
2.471200000000000063e-01 6.035940878183490010e-01 5.000000000000000278e-02 6.571925636429030160e-01
2.473400000000000043e-01 6.319257728807540220e-01 5.000000000000000278e-02 6.525725453485823335e-01
2.478400000000000047e-01 5.734191480225839799e-01 5.000000000000000278e-02 6.420647097862591801e-01
2.482499999999999984e-01 6.226440156388840519e-01 5.000000000000000278e-02 6.334482846251543453e-01
2.485700000000000132e-01 5.915163757296549862e-01 5.000000000000000278e-02 6.267180092941925240e-01
2.491599999999999926e-01 6.186362583970149709e-01 5.000000000000000278e-02 6.142943050615873313e-01
2.492900000000000116e-01 5.794424359338899988e-01 5.000000000000000278e-02 6.115568787052501065e-01
2.500200000000000200e-01 7.086596636409620009e-01 5.000000000000000278e-02 5.961751540679828265e-01
2.500600000000000045e-01 5.989843336523079653e-01 5.000000000000000278e-02 5.953316172123129801e-01
2.507499999999999729e-01 6.401478913480339594e-01 5.000000000000000278e-02 5.807806064520036893e-01
2.509700000000000264e-01 5.513225764104390247e-01 5.000000000000000278e-02 5.761408658885548428e-01
2.514700000000000268e-01 5.483319515522689924e-01 5.000000000000000278e-02 5.655860917515789232e-01
2.518799999999999928e-01 5.192118191685689554e-01 5.000000000000000278e-02 5.569311769592594219e-01
2.527800000000000047e-01 5.079938944238630016e-01 5.000000000000000278e-02 5.379263719164247837e-01
2.536900000000000266e-01 4.962161371819939770e-01 5.000000000000000278e-02 5.187065399131991494e-01
2.545999999999999930e-01 4.817773799401239843e-01 5.000000000000000278e-02 4.994861644680157475e-01
2.555000000000000049e-01 4.388794551954179890e-01 5.000000000000000278e-02 4.804842505798005980e-01
2.564100000000000268e-01 4.171306979535480131e-01 5.000000000000000278e-02 4.612807318807208290e-01
2.573199999999999932e-01 3.950069407116790221e-01 5.000000000000000278e-02 4.420890167369797563e-01
2.582200000000000051e-01 3.624400159669730059e-01 5.000000000000000278e-02 4.231325031882814947e-01
2.591300000000000270e-01 3.667812587251029766e-01 5.000000000000000278e-02 4.039905277348422308e-01
2.600299999999999834e-01 3.498043339803970087e-01 5.000000000000000278e-02 3.850835396767430807e-01
2.609400000000000053e-01 3.441665767385270192e-01 5.000000000000000278e-02 3.659978059500094694e-01
2.618400000000000172e-01 3.074866519938210252e-01 5.000000000000000278e-02 3.471714336043805194e-01
2.627499999999999836e-01 2.592778947519520094e-01 5.000000000000000278e-02 3.281738069157986715e-01
2.636600000000000055e-01 2.103671375100819863e-01 5.000000000000000278e-02 3.092168080822867982e-01
2.645600000000000174e-01 2.537522127653760173e-01 5.000000000000000278e-02 2.905289626956761295e-01
2.654699999999999838e-01 2.589034555235060209e-01 5.000000000000000278e-02 2.716952369807140166e-01
2.663699999999999957e-01 2.468535307788000122e-01 5.000000000000000278e-02 2.531210071010004947e-01
2.672800000000000176e-01 1.814597735369309905e-01 5.000000000000000278e-02 2.343971648173846789e-01
2.681899999999999840e-01 2.008140162950609875e-01 5.000000000000000278e-02 2.157710209427497472e-01
2.690899999999999959e-01 2.054390915503550019e-01 5.000000000000000278e-02 1.974149838918358157e-01
2.700000000000000178e-01 1.681963343084849904e-01 5.000000000000000278e-02 1.789228705722528401e-01
2.708999999999999742e-01 1.948444095637789919e-01 5.000000000000000278e-02 1.607245919005988455e-01
2.718099999999999961e-01 2.257946523219100110e-01 5.000000000000000278e-02 1.424268128049183124e-01
2.727100000000000080e-01 2.056637275772039974e-01 5.000000000000000278e-02 1.244095399576353733e-01
2.736199999999999743e-01 1.390529703353340085e-01 5.000000000000000278e-02 1.062745039400397606e-01
2.745299999999999963e-01 1.338972130934640015e-01 5.000000000000000278e-02 8.827448292006039032e-02
2.754300000000000082e-01 1.340712883487580054e-01 5.000000000000000278e-02 7.057087492489531877e-02
2.763399999999999745e-01 1.539925311068890135e-01 5.000000000000000278e-02 5.276469076039517342e-02
2.772399999999999864e-01 1.513446063621829984e-01 5.000000000000000278e-02 3.526761304838795658e-02
2.781500000000000083e-01 4.948384912031299904e-02 5.000000000000000278e-02 1.772319474301827305e-02
2.790500000000000203e-01 5.252692437560679828e-02 5.000000000000000278e-02 1.112605838319818616e-02
2.799599999999999866e-01 1.053271671337370069e-01 5.000000000000000278e-02 1.685405607755280366e-02
2.808599999999999985e-01 8.414624238903109510e-02 5.000000000000000278e-02 3.383394851875438231e-02
2.817700000000000204e-01 4.984348514716149814e-02 5.000000000000000278e-02 5.086598670464042432e-02
2.826699999999999768e-01 3.019956040245539916e-02 5.000000000000000278e-02 6.759352001890361894e-02
2.835799999999999987e-01 7.415280316058579790e-02 5.000000000000000278e-02 8.437479649834871143e-02
2.844800000000000106e-01 9.148187841587969438e-02 5.000000000000000278e-02 1.007800878846578652e-01
2.853899999999999770e-01 6.701953265505609936e-02 5.000000000000000278e-02 1.172389388578696789e-01
2.862899999999999889e-01 5.246559192287209711e-02 5.000000000000000278e-02 1.333878127940851255e-01
2.872000000000000108e-01 4.173400740477480053e-02 5.000000000000000278e-02 1.495328634416519531e-01
2.881000000000000227e-01 2.413306667259070004e-02 5.000000000000000278e-02 1.653261751033483218e-01
2.890099999999999891e-01 2.385951784550659899e-02 5.000000000000000278e-02 1.811541793836412007e-01
2.899100000000000010e-01 1.222458577690709990e-03 5.000000000000000278e-02 1.966675368776265309e-01
2.908200000000000229e-01 4.865695690421199815e-02 5.000000000000000278e-02 2.121140732920957228e-01
2.917199999999999793e-01 6.708501617202790313e-02 5.000000000000000278e-02 2.272411382634801635e-01
2.926300000000000012e-01 1.021894316539310038e-01 5.000000000000000278e-02 2.423840554515066525e-01
2.935300000000000131e-01 1.456834909217470109e-01 5.000000000000000278e-02 2.571669048562075788e-01
2.944399999999999795e-01 1.747599064036489958e-01 5.000000000000000278e-02 2.718984565034845979e-01
2.953399999999999914e-01 1.880349656714649931e-01 5.000000000000000278e-02 2.863085833624944843e-01
2.962500000000000133e-01 2.069123811533679913e-01 5.000000000000000278e-02 3.007158421994767794e-01
2.971500000000000252e-01 2.388954404211839910e-01 5.000000000000000278e-02 3.147132176500189171e-01
2.980599999999999916e-01 2.244708559030859918e-01 5.000000000000000278e-02 3.286815177204970850e-01
2.989600000000000035e-01 2.298169151709019975e-01 5.000000000000000278e-02 3.423278189167254237e-01
2.998600000000000154e-01 2.702499744387180103e-01 5.000000000000000278e-02 3.557733171700842578e-01
3.007699999999999818e-01 2.963683899206209782e-01 5.000000000000000278e-02 3.691143767374128748e-01
3.016699999999999937e-01 2.759504491884369748e-01 5.000000000000000278e-02 3.821321528194552286e-01
3.025800000000000156e-01 2.799378646703399864e-01 5.000000000000000278e-02 3.951147801339946475e-01
3.034800000000000275e-01 3.041789239381549881e-01 5.000000000000000278e-02 4.076937541424656142e-01
3.043899999999999939e-01 3.161653394200579781e-01 5.000000000000000278e-02 4.201953603963833328e-01
3.052900000000000058e-01 3.246813986878739899e-01 5.000000000000000278e-02 4.323755584073249447e-01
3.061900000000000177e-01 3.380284579556899760e-01 5.000000000000000278e-02 4.443532432156150347e-01
3.070999999999999841e-01 3.409778734375930043e-01 5.000000000000000278e-02 4.561733864965580865e-01
3.079999999999999960e-01 3.638909327054090093e-01 5.000000000000000278e-02 4.676727695737110113e-01
3.089100000000000179e-01 3.939833481873110110e-01 5.000000000000000278e-02 4.791063773896066524e-01
3.098099999999999743e-01 4.203204074551269986e-01 5.000000000000000278e-02 4.901506071675876819e-01
3.107199999999999962e-01 4.134948229370299932e-01 5.000000000000000278e-02 5.010690289759210936e-01
3.116200000000000081e-01 4.116858822048459765e-01 5.000000000000000278e-02 5.116709596695993012e-01
3.125200000000000200e-01 4.153939414726620094e-01 5.000000000000000278e-02 5.220741988250895416e-01
3.134299999999999864e-01 4.354023569545639738e-01 5.000000000000000278e-02 5.322681118376190179e-01
3.143299999999999983e-01 4.449144162223799825e-01 5.000000000000000278e-02 5.421480803775288182e-01
3.152300000000000102e-01 4.495584754901960078e-01 5.000000000000000278e-02 5.518291040547442794e-01
3.161399999999999766e-01 4.605808909720989774e-01 5.000000000000000278e-02 5.613515387780024790e-01
3.170399999999999885e-01 4.724209502399149829e-01 5.000000000000000278e-02 5.704952288361297974e-01
3.179500000000000104e-01 4.865403657218180244e-01 5.000000000000000278e-02 5.795334018366817830e-01
3.188500000000000223e-01 4.998254249896330048e-01 5.000000000000000278e-02 5.882674113730076426e-01
3.197499999999999787e-01 5.014614842574489639e-01 5.000000000000000278e-02 5.966759705272631775e-01
3.206600000000000006e-01 5.224498997393519639e-01 5.000000000000000278e-02 6.049551307097703612e-01
3.215600000000000125e-01 5.274199590071679822e-01 5.000000000000000278e-02 6.129346905801831280e-01
3.224699999999999789e-01 5.332533744890709526e-01 5.000000000000000278e-02 6.207458362669682206e-01
3.233699999999999908e-01 5.395424337568870410e-01 5.000000000000000278e-02 6.281708739319366019e-01
3.242700000000000027e-01 5.443134930247029990e-01 5.000000000000000278e-02 6.353874925099487481e-01
3.251800000000000246e-01 5.582199085066049671e-01 5.000000000000000278e-02 6.424697437898058139e-01
3.260799999999999810e-01 5.686849677744210130e-01 5.000000000000000278e-02 6.491587407532670717e-01
3.269799999999999929e-01 5.801870270422370135e-01 5.000000000000000278e-02 6.556061623614541922e-01
3.278900000000000148e-01 5.909604425241400394e-01 5.000000000000000278e-02 6.619100611143157176e-01
3.287900000000000267e-01 6.034415017919559920e-01 5.000000000000000278e-02 6.679030139302094549e-01
3.296899999999999831e-01 6.211185610597720341e-01 5.000000000000000278e-02 6.735772158553422484e-01
3.306000000000000050e-01 6.380119765416739641e-01 5.000000000000000278e-02 6.790994047729631555e-01
3.315000000000000169e-01 6.462080358094900445e-01 5.000000000000000278e-02 6.843479932548257594e-01
3.323999999999999733e-01 6.554530950773059805e-01 5.000000000000000278e-02 6.892933177489075636e-01
3.333099999999999952e-01 6.625925105592089803e-01 5.000000000000000278e-02 6.940326757672434788e-01
3.342100000000000071e-01 6.737715698270250186e-01 5.000000000000000278e-02 6.985062845339856663e-01
3.351100000000000190e-01 6.806356290948409882e-01 5.000000000000000278e-02 7.027532411306079974e-01
3.360199999999999854e-01 6.912120445767430121e-01 5.000000000000000278e-02 7.067108633653916838e-01
3.369199999999999973e-01 6.962191038445589841e-01 5.000000000000000278e-02 7.104112591804869759e-01
3.378200000000000092e-01 7.022961631123749715e-01 5.000000000000000278e-02 7.139017958381660423e-01
3.387299999999999756e-01 7.089405785942779481e-01 5.000000000000000278e-02 7.171409784106486107e-01
3.396299999999999875e-01 7.124886378620940430e-01 5.000000000000000278e-02 7.200720885294771278e-01
3.405299999999999994e-01 7.094216971299099894e-01 5.000000000000000278e-02 7.227948938110914101e-01
3.414400000000000213e-01 7.115841126118119808e-01 5.000000000000000278e-02 7.253337737881988545e-01
3.423399999999999777e-01 7.205841718796279771e-01 5.000000000000000278e-02 7.275038443402058741e-01
3.432399999999999896e-01 7.274502311474440042e-01 5.000000000000000278e-02 7.294656189525760004e-01
3.441400000000000015e-01 7.275012904152600157e-01 5.000000000000000278e-02 7.312216829831487130e-01
3.450500000000000234e-01 7.361747058971630508e-01 5.000000000000000278e-02 7.327273892036515468e-01
3.459499999999999797e-01 7.399167651649789512e-01 5.000000000000000278e-02 7.339369002445627066e-01
3.468499999999999917e-01 7.402178244327940471e-01 5.000000000000000278e-02 7.349436572246246246e-01
3.477600000000000136e-01 7.413012399146969855e-01 5.000000000000000278e-02 7.357535101253452892e-01
3.486600000000000255e-01 7.419112991825129733e-01 5.000000000000000278e-02 7.362372795154878968e-01
3.495599999999999818e-01 7.475743584503290462e-01 5.000000000000000278e-02 7.365061236974030923e-01
3.504599999999999937e-01 7.462224177181450147e-01 5.000000000000000278e-02 7.365763724966032377e-01
3.513700000000000156e-01 7.438898332000479785e-01 5.000000000000000278e-02 7.364007619816596018e-01
3.522700000000000276e-01 7.564118924678630007e-01 5.000000000000000278e-02 7.359450255897114213e-01
3.531699999999999839e-01 7.544209517356790240e-01 5.000000000000000278e-02 7.352949649094662199e-01
3.540800000000000058e-01 7.416783672175819575e-01 5.000000000000000278e-02 7.344386134431508673e-01
3.549800000000000177e-01 7.370284264853980138e-01 5.000000000000000278e-02 7.333015393144206584e-01
3.558799999999999741e-01 7.420464857532139691e-01 5.000000000000000278e-02 7.319469392410810071e-01
3.567799999999999860e-01 7.347415450210299515e-01 5.000000000000000278e-02 7.304036242020992553e-01
3.576900000000000079e-01 7.273609605029329739e-01 5.000000000000000278e-02 7.286218889229596485e-01
3.585900000000000198e-01 7.347240197707479714e-01 5.000000000000000278e-02 7.265802980021243140e-01
3.594899999999999762e-01 7.321500790385639945e-01 5.000000000000000278e-02 7.243554688535307484e-01
3.603899999999999881e-01 7.343751383063800153e-01 5.000000000000000278e-02 7.219482445385898561e-01
3.613000000000000100e-01 7.314605537882830077e-01 5.000000000000000278e-02 7.192478145638331322e-01
3.622000000000000219e-01 7.268046130560990026e-01 5.000000000000000278e-02 7.163612300215265183e-01
3.630999999999999783e-01 7.200566723239150146e-01 5.000000000000000278e-02 7.132983302532422965e-01
3.639999999999999902e-01 7.068377315917300230e-01 5.000000000000000278e-02 7.100429862870650810e-01
3.649000000000000021e-01 6.972507908595459991e-01 5.000000000000000278e-02 7.065191690329288843e-01
3.658100000000000240e-01 6.970312063414489945e-01 5.000000000000000278e-02 7.027830760884494765e-01
3.667099999999999804e-01 6.820352656092649735e-01 5.000000000000000278e-02 6.989175636494726618e-01
3.676099999999999923e-01 6.781793248770809912e-01 5.000000000000000278e-02 6.948199414167732790e-01
3.685100000000000042e-01 6.670103841448969950e-01 5.000000000000000278e-02 6.905156516162382907e-01
3.694100000000000161e-01 6.731494434127129889e-01 5.000000000000000278e-02 6.860496243905862546e-01
3.703199999999999825e-01 6.758688588946150100e-01 5.000000000000000278e-02 6.813636298622269827e-01
3.712199999999999944e-01 6.648719181624309638e-01 5.000000000000000278e-02 6.764733559577631450e-01
3.721200000000000063e-01 6.689319774302470156e-01 5.000000000000000278e-02 6.714288312383589474e-01
3.730200000000000182e-01 6.686330366980629547e-01 5.000000000000000278e-02 6.662311850131038549e-01
3.739199999999999746e-01 6.608130959658790049e-01 5.000000000000000278e-02 6.608308159998216302e-01
3.748299999999999965e-01 6.475215114477820277e-01 5.000000000000000278e-02 6.551741269716805371e-01
3.757300000000000084e-01 6.322875707155980463e-01 5.000000000000000278e-02 6.494322506037240039e-01
3.766300000000000203e-01 6.254586299834139496e-01 5.000000000000000278e-02 6.435463597574659911e-01
3.775299999999999767e-01 6.283936892512289596e-01 5.000000000000000278e-02 6.374301594192215425e-01
3.784299999999999886e-01 6.208717485190450303e-01 5.000000000000000278e-02 6.311744014366038602e-01
3.793400000000000105e-01 6.134141640009479479e-01 5.000000000000000278e-02 6.247099525063050107e-01
3.802400000000000224e-01 5.942812232687639806e-01 5.000000000000000278e-02 6.181456821586148731e-01
3.811399999999999788e-01 5.838492825365799721e-01 5.000000000000000278e-02 6.114022298254799814e-01
3.820399999999999907e-01 5.703593418043959584e-01 5.000000000000000278e-02 6.045316407932510572e-01
3.829400000000000026e-01 5.700384010722120420e-01 5.000000000000000278e-02 5.975351886596006468e-01
3.838400000000000145e-01 5.670194603400270372e-01 5.000000000000000278e-02 5.903443174177692709e-01
3.847499999999999809e-01 5.596038758219300524e-01 5.000000000000000278e-02 5.829447631087840698e-01
3.856499999999999928e-01 5.640799350897459652e-01 5.000000000000000278e-02 5.755081670693698026e-01
3.865500000000000047e-01 5.553629943575619787e-01 5.000000000000000278e-02 5.679307994656754843e-01
3.874500000000000166e-01 5.332260536253780048e-01 5.000000000000000278e-02 5.601948967557652814e-01
3.883499999999999730e-01 5.321521128931939737e-01 5.000000000000000278e-02 5.523511209458569216e-01
3.892499999999999849e-01 5.265271721610099709e-01 5.000000000000000278e-02 5.444008166413922822e-01
3.901499999999999968e-01 5.037582314288250318e-01 5.000000000000000278e-02 5.362918704563194305e-01
3.910600000000000187e-01 4.920326469107280110e-01 5.000000000000000278e-02 5.279803211656366457e-01
3.919599999999999751e-01 4.940207061785439890e-01 5.000000000000000278e-02 5.196616916103492523e-01
3.928599999999999870e-01 4.867567654463599847e-01 5.000000000000000278e-02 5.112310955560411818e-01
3.937599999999999989e-01 4.675488247141760256e-01 5.000000000000000278e-02 5.026657812704067307e-01
3.946600000000000108e-01 4.427068839819919832e-01 5.000000000000000278e-02 4.940126991281991731e-01
3.955600000000000227e-01 4.340279432498079792e-01 5.000000000000000278e-02 4.852732386169448797e-01
3.964599999999999791e-01 4.394930025176230215e-01 5.000000000000000278e-02 4.764101045125977985e-01
3.973599999999999910e-01 4.316700617854389854e-01 5.000000000000000278e-02 4.674549116630175583e-01
3.982600000000000029e-01 4.293941210532549735e-01 5.000000000000000278e-02 4.584228672718002606e-01
3.991700000000000248e-01 4.152025365351579844e-01 5.000000000000000278e-02 4.492037028369417762e-01
4.000699999999999812e-01 4.004575958029740201e-01 5.000000000000000278e-02 4.399776968410510358e-01
4.009699999999999931e-01 3.828476550707899939e-01 5.000000000000000278e-02 4.306844993085566231e-01
4.018700000000000050e-01 3.702927143386059994e-01 5.000000000000000278e-02 4.213255185159377469e-01
4.027700000000000169e-01 3.562167736064220103e-01 5.000000000000000278e-02 4.118763962095238207e-01
4.036699999999999733e-01 3.470308328742370274e-01 5.000000000000000278e-02 4.023561975093596921e-01
4.045699999999999852e-01 3.384018921420530179e-01 5.000000000000000278e-02 3.927798233374650283e-01
4.054699999999999971e-01 3.241649514098690066e-01 5.000000000000000278e-02 3.831438032731639409e-01
4.063700000000000090e-01 3.221950106776850231e-01 5.000000000000000278e-02 3.734293882151472066e-01
4.072700000000000209e-01 3.064330699455010132e-01 5.000000000000000278e-02 3.636683870674694563e-01
4.081699999999999773e-01 2.927811292133170040e-01 5.000000000000000278e-02 3.538622015369466967e-01
4.090699999999999892e-01 2.843621884811329825e-01 5.000000000000000278e-02 3.439966463769532634e-01
4.099800000000000111e-01 2.736736039630360273e-01 5.000000000000000278e-02 3.339733401771503574e-01
4.108800000000000230e-01 2.609856632308509838e-01 5.000000000000000278e-02 3.240240645271418307e-01
4.117799999999999794e-01 2.577297224986669910e-01 5.000000000000000278e-02 3.140391642421841434e-01
4.126799999999999913e-01 2.513867817664829918e-01 5.000000000000000278e-02 3.040060475282788111e-01
4.135800000000000032e-01 2.361398410342989973e-01 5.000000000000000278e-02 2.939467751047264432e-01
4.144800000000000151e-01 2.235419003021149875e-01 5.000000000000000278e-02 2.838627176551964393e-01
4.153800000000000270e-01 2.147939595699309978e-01 5.000000000000000278e-02 2.737487597484195567e-01
4.162799999999999834e-01 2.184710188377469997e-01 5.000000000000000278e-02 2.636114493822929727e-01
4.171799999999999953e-01 2.133490781055630003e-01 5.000000000000000278e-02 2.534586337706394299e-01
4.180800000000000072e-01 1.906611373733790027e-01 5.000000000000000278e-02 2.432914936628926550e-01
4.189800000000000191e-01 1.741041966411940034e-01 5.000000000000000278e-02 2.331076491578121801e-01
4.198799999999999755e-01 1.706512559090100078e-01 5.000000000000000278e-02 2.229174188406269075e-01
4.207799999999999874e-01 1.669673151768260033e-01 5.000000000000000278e-02 2.127221199928406303e-01
4.216799999999999993e-01 1.509083744446420017e-01 5.000000000000000278e-02 2.025235114168968120e-01
4.225800000000000112e-01 1.478594337124579938e-01 5.000000000000000278e-02 1.923266331336554724e-01
4.234800000000000231e-01 1.366824929802739896e-01 5.000000000000000278e-02 1.821335756337010836e-01
4.243799999999999795e-01 1.303555522480900064e-01 5.000000000000000278e-02 1.719456281407386045e-01
4.252799999999999914e-01 1.200476115159059970e-01 5.000000000000000278e-02 1.617720794752650626e-01
4.261800000000000033e-01 1.049246707837220016e-01 5.000000000000000278e-02 1.516111417121620841e-01
4.270800000000000152e-01 1.004147300515370045e-01 5.000000000000000278e-02 1.414639335782168772e-01
4.279800000000000271e-01 8.208878931935330303e-02 5.000000000000000278e-02 1.313375716250619052e-01
4.288799999999999835e-01 8.480684858716920627e-02 5.000000000000000278e-02 1.212378565525692314e-01
4.297799999999999954e-01 8.393490785498509965e-02 5.000000000000000278e-02 1.111602349634823045e-01
4.306800000000000073e-01 4.099596712280099975e-02 5.000000000000000278e-02 1.011059140021057234e-01
4.315800000000000192e-01 1.947602639061679977e-02 5.000000000000000278e-02 9.109446899380199691e-02
4.324799999999999756e-01 2.851908565843270030e-02 5.000000000000000278e-02 8.111440203243944214e-02
4.333799999999999875e-01 3.734814492624859844e-02 5.000000000000000278e-02 7.116566248596319089e-02
4.342799999999999994e-01 2.537820419406449854e-02 5.000000000000000278e-02 6.125923206733579346e-02
4.351800000000000113e-01 8.666263461880390276e-03 5.000000000000000278e-02 5.140373538495550398e-02
4.360800000000000232e-01 4.774677270303709711e-03 5.000000000000000278e-02 4.158728430850236468e-02
4.369799999999999796e-01 3.050381997512160125e-03 5.000000000000000278e-02 3.181098636578066907e-02
4.378799999999999915e-01 1.002544126532800041e-02 5.000000000000000278e-02 2.210277627228333930e-02
4.387800000000000034e-01 1.081549946685609991e-02 5.000000000000000278e-02 1.244427821968241248e-02
4.396800000000000153e-01 6.119559800959840229e-03 5.000000000000000278e-02 5.766545362673231381e-03
4.405800000000000272e-01 1.717261906877570049e-02 5.000000000000000278e-02 7.791844165053256679e-03
4.414799999999999836e-01 1.284767833659159961e-02 5.000000000000000278e-02 1.619285684965860936e-02
4.423799999999999955e-01 8.459179233242490256e-03 5.000000000000000278e-02 2.561439772441378646e-02
4.432800000000000074e-01 8.629772606103860641e-03 5.000000000000000278e-02 3.498050099680081321e-02
4.441800000000000193e-01 3.758365978965230118e-03 5.000000000000000278e-02 4.425678210922402017e-02
4.450799999999999756e-01 1.287195935182659963e-02 5.000000000000000278e-02 5.346581592511912701e-02
4.459799999999999875e-01 1.692555272468789992e-02 5.000000000000000278e-02 6.261288769370727814e-02
4.468799999999999994e-01 2.624914609754929948e-02 5.000000000000000278e-02 7.168346600014564862e-02
4.477800000000000114e-01 5.279173947041070070e-02 5.000000000000000278e-02 8.065819834256821030e-02
4.486800000000000233e-01 5.819733284327210238e-02 5.000000000000000278e-02 8.956483453891173063e-02
4.495700000000000252e-01 4.483474184532389856e-02 5.000000000000000278e-02 9.830551145352940667e-02
4.504699999999999815e-01 4.062033521818519954e-02 5.000000000000000278e-02 1.070352342333521084e-01
4.513699999999999934e-01 5.642992859104659781e-02 5.000000000000000278e-02 1.156826739868537096e-01
4.522700000000000053e-01 6.725352196390789461e-02 5.000000000000000278e-02 1.242555430941337802e-01
4.531700000000000172e-01 7.865311533676930256e-02 5.000000000000000278e-02 1.327379525963163776e-01
4.540699999999999736e-01 9.789070870963069437e-02 5.000000000000000278e-02 1.411061431911528052e-01
4.549699999999999855e-01 1.084023020824920053e-01 5.000000000000000278e-02 1.493945274864882933e-01
4.558699999999999974e-01 1.171718954553530034e-01 5.000000000000000278e-02 1.576023737770905764e-01
4.567700000000000093e-01 1.236264888282150032e-01 5.000000000000000278e-02 1.656862766935929820e-01
4.576700000000000212e-01 1.222560822010760051e-01 5.000000000000000278e-02 1.736731768077873217e-01
4.585699999999999776e-01 1.318576755739369888e-01 5.000000000000000278e-02 1.815748142263500231e-01
4.594599999999999795e-01 1.517120845759890035e-01 5.000000000000000278e-02 1.892895475860779664e-01
4.603599999999999914e-01 1.557526779488510038e-01 5.000000000000000278e-02 1.969609836365118494e-01
4.612600000000000033e-01 1.680762713217119897e-01 5.000000000000000278e-02 2.045429017868267418e-01
4.621600000000000152e-01 1.784188646945729928e-01 5.000000000000000278e-02 2.120347109783111139e-01
4.630600000000000271e-01 1.901404580674349865e-01 5.000000000000000278e-02 2.193898654863120079e-01
4.639599999999999835e-01 2.024880514402959963e-01 5.000000000000000278e-02 2.266367324938507177e-01
4.648599999999999954e-01 2.036166448131579987e-01 5.000000000000000278e-02 2.337897280508747788e-01
4.657600000000000073e-01 2.203962381860190001e-01 5.000000000000000278e-02 2.408339478847582316e-01
4.666500000000000092e-01 2.324346471880709974e-01 5.000000000000000278e-02 2.476569560817817872e-01
4.675500000000000211e-01 2.387892405609320090e-01 5.000000000000000278e-02 2.544610711567750760e-01
4.684499999999999775e-01 2.315378339337930136e-01 5.000000000000000278e-02 2.611675767978500207e-01
4.693499999999999894e-01 2.350774273066550124e-01 5.000000000000000278e-02 2.677280081992101657e-01
4.702500000000000013e-01 2.456000206795160012e-01 5.000000000000000278e-02 2.741710847916530858e-01
4.711500000000000132e-01 2.485296140523780006e-01 5.000000000000000278e-02 2.805137679335618084e-01
4.720500000000000251e-01 2.678492074252389887e-01 5.000000000000000278e-02 2.867416953819213465e-01
4.729400000000000270e-01 2.718956164272909870e-01 5.000000000000000278e-02 2.927474435472532943e-01
4.738399999999999834e-01 2.632252098001520157e-01 5.000000000000000278e-02 2.987196784927743654e-01
4.747399999999999953e-01 2.672158031730130223e-01 5.000000000000000278e-02 3.045888980088072295e-01
4.756400000000000072e-01 2.836433965458750039e-01 5.000000000000000278e-02 3.103058627381238277e-01
4.765400000000000191e-01 2.927929899187359797e-01 5.000000000000000278e-02 3.158987113683507930e-01
4.774399999999999755e-01 3.089425832915970171e-01 5.000000000000000278e-02 3.213867361235525633e-01
4.783299999999999774e-01 3.247844666785140166e-01 5.000000000000000278e-02 3.266968577602245571e-01
4.792299999999999893e-01 3.321291562111249873e-01 5.000000000000000278e-02 3.319066188093641734e-01
4.801300000000000012e-01 3.399978457437359824e-01 5.000000000000000278e-02 3.370101975182464571e-01
4.810300000000000131e-01 3.395765352763460143e-01 5.000000000000000278e-02 3.420074326143905385e-01
4.819300000000000250e-01 3.448312248089570042e-01 5.000000000000000278e-02 3.468493595470983348e-01
4.828200000000000269e-01 3.454764622356499837e-01 5.000000000000000278e-02 3.515109274607791656e-01
4.837199999999999833e-01 3.343801517682600255e-01 5.000000000000000278e-02 3.561191018715522683e-01
4.846199999999999952e-01 3.241098413008710044e-01 5.000000000000000278e-02 3.606059549775670892e-01
4.855200000000000071e-01 3.447095308334819919e-01 5.000000000000000278e-02 3.649287390048185920e-01
4.864200000000000190e-01 3.559042203660919834e-01 5.000000000000000278e-02 3.691438982109282452e-01
4.873100000000000209e-01 3.626314577927849947e-01 5.000000000000000278e-02 3.732074956747787886e-01
4.882099999999999773e-01 3.817451473253959948e-01 5.000000000000000278e-02 3.771596055704257711e-01
4.891099999999999892e-01 3.888828368580060091e-01 5.000000000000000278e-02 3.809830947351395269e-01
4.900100000000000011e-01 3.803375263906170201e-01 5.000000000000000278e-02 3.846989940803008934e-01
4.909100000000000130e-01 3.841592159232269932e-01 5.000000000000000278e-02 3.882946769344479687e-01
4.918000000000000149e-01 3.766604533499199881e-01 5.000000000000000278e-02 3.916872202303744444e-01
4.927000000000000268e-01 3.862631428825309965e-01 5.000000000000000278e-02 3.950125818283632406e-01
4.935999999999999832e-01 3.868458324151409777e-01 5.000000000000000278e-02 3.982309129919242019e-01
4.944999999999999951e-01 3.937895219477520192e-01 5.000000000000000278e-02 4.012945362168322538e-01
4.953899999999999970e-01 4.044257593744450263e-01 5.000000000000000278e-02 4.041976508661981327e-01
4.962900000000000089e-01 4.045354489070550064e-01 5.000000000000000278e-02 4.070286871487066582e-01
4.971900000000000208e-01 4.010321384396660083e-01 5.000000000000000278e-02 4.097407200943155581e-01
4.980899999999999772e-01 4.142948279722770133e-01 5.000000000000000278e-02 4.122912780775131458e-01
4.989799999999999791e-01 4.178600653989690272e-01 5.000000000000000278e-02 4.147107409804223765e-01
4.998799999999999910e-01 4.201477549315800197e-01 5.000000000000000278e-02 4.170537808801985658e-01
5.007800000000000029e-01 4.257694444641910159e-01 5.000000000000000278e-02 4.192453989884809551e-01
5.016800000000000148e-01 4.269681339968010025e-01 5.000000000000000278e-02 4.213128506924247452e-01
5.025699999999999612e-01 4.245133714234939903e-01 5.000000000000000278e-02 4.232568339376688304e-01
5.034699999999999731e-01 4.241330609561049791e-01 5.000000000000000278e-02 4.251074344680932371e-01
5.043699999999999850e-01 4.216717504887150247e-01 5.000000000000000278e-02 4.268027976475661234e-01
5.052600000000000424e-01 4.272769879154080241e-01 5.000000000000000278e-02 4.283804494583463018e-01
5.061600000000000543e-01 4.301306774480190276e-01 5.000000000000000278e-02 4.298762295167330438e-01
5.070599999999999552e-01 4.302453669806289849e-01 5.000000000000000278e-02 4.312262710086370299e-01
5.079599999999999671e-01 4.320710565132400149e-01 5.000000000000000278e-02 4.324582654411859850e-01
5.088500000000000245e-01 4.340962939399329867e-01 5.000000000000000278e-02 4.335807331663081299e-01
5.097500000000000364e-01 4.339239834725430178e-01 5.000000000000000278e-02 4.346055227591159587e-01
5.106500000000000483e-01 4.424106730051540204e-01 5.000000000000000278e-02 4.354835719880094658e-01
5.115399999999999947e-01 4.477199104318470013e-01 5.000000000000000278e-02 4.362583210451669302e-01
5.124400000000000066e-01 4.474895999644569744e-01 5.000000000000000278e-02 4.369476395108846112e-01
5.133400000000000185e-01 4.471112894970680207e-01 5.000000000000000278e-02 4.374990640517334439e-01
5.142299999999999649e-01 4.480325269237609986e-01 5.000000000000000278e-02 4.379357529870436250e-01
5.151299999999999768e-01 4.509892164563710226e-01 5.000000000000000278e-02 4.382865463708549014e-01
5.160299999999999887e-01 4.498409059889820205e-01 5.000000000000000278e-02 4.385330604198831028e-01
5.169300000000000006e-01 4.430365955215920248e-01 5.000000000000000278e-02 4.386432727019488609e-01
5.178199999999999470e-01 4.499658329482850161e-01 5.000000000000000278e-02 4.386653036128699834e-01
5.187199999999999589e-01 4.529295224808960185e-01 5.000000000000000278e-02 4.386001680647307333e-01
5.196199999999999708e-01 4.538432120135060255e-01 5.000000000000000278e-02 4.384068765740767870e-01
5.205100000000000282e-01 4.613604494401989942e-01 5.000000000000000278e-02 4.381160716604499128e-01
5.214100000000000401e-01 4.683711389728100194e-01 5.000000000000000278e-02 4.377384082646136876e-01
5.223100000000000520e-01 4.714078285054210116e-01 5.000000000000000278e-02 4.372644475251330487e-01
5.231999999999999984e-01 4.656770659321129990e-01 5.000000000000000278e-02 4.366730090028043687e-01
5.241000000000000103e-01 4.615507554647240163e-01 5.000000000000000278e-02 4.359953361045391107e-01
5.249899999999999567e-01 4.595789928914170153e-01 5.000000000000000278e-02 4.352469858385406010e-01
5.258899999999999686e-01 4.579196824240269748e-01 5.000000000000000278e-02 4.343720961046591000e-01
5.267899999999999805e-01 4.590553719566379809e-01 5.000000000000000278e-02 4.334075477253718223e-01
5.276800000000000379e-01 4.534526093833309845e-01 5.000000000000000278e-02 4.323790928491714758e-01
5.285800000000000498e-01 4.545782989159409815e-01 5.000000000000000278e-02 4.312509566970748609e-01
5.294799999999999507e-01 4.577389884485519866e-01 5.000000000000000278e-02 4.300132160713304730e-01
5.303700000000000081e-01 4.528882258752440215e-01 5.000000000000000278e-02 4.287183659271295855e-01
5.312700000000000200e-01 4.483739154078549838e-01 5.000000000000000278e-02 4.273378809217889263e-01
5.321599999999999664e-01 4.495511528345479957e-01 5.000000000000000278e-02 4.258684205294094860e-01
5.330599999999999783e-01 4.517528423671590132e-01 5.000000000000000278e-02 4.243048304133779647e-01
5.339599999999999902e-01 4.501245318997689759e-01 5.000000000000000278e-02 4.226737681003973068e-01
5.348500000000000476e-01 4.470867693264620191e-01 5.000000000000000278e-02 4.209834037427372944e-01
5.357499999999999485e-01 4.453484588590719828e-01 5.000000000000000278e-02 4.191796584611993115e-01
5.366400000000000059e-01 4.389406962857649863e-01 5.000000000000000278e-02 4.173341547818213981e-01
5.375400000000000178e-01 4.399483858183759755e-01 5.000000000000000278e-02 4.154059935321615105e-01
5.384400000000000297e-01 4.378300753509870025e-01 5.000000000000000278e-02 4.133849867901552289e-01
5.393299999999999761e-01 4.411233127776790219e-01 5.000000000000000278e-02 4.113210121653562146e-01
5.402299999999999880e-01 4.468000023102899898e-01 5.000000000000000278e-02 4.091765832922309443e-01
5.411200000000000454e-01 4.490752397369829896e-01 5.000000000000000278e-02 4.069883223387758542e-01
5.420199999999999463e-01 4.529829292695929932e-01 5.000000000000000278e-02 4.046964889611138760e-01
5.429199999999999582e-01 4.547436188022039860e-01 5.000000000000000278e-02 4.023511940146981547e-01
5.438100000000000156e-01 4.551588562288970130e-01 5.000000000000000278e-02 3.999806266728513915e-01
5.447100000000000275e-01 4.522289106708419770e-01 5.000000000000000278e-02 3.975042783834790150e-01
5.455999999999999739e-01 4.549663157252900048e-01 5.000000000000000278e-02 3.950020886146463073e-01
5.464999999999999858e-01 4.550002758927100266e-01 5.000000000000000278e-02 3.924241411485392406e-01
5.473900000000000432e-01 4.473826809471579957e-01 5.000000000000000278e-02 3.898177193950385089e-01
5.482900000000000551e-01 4.512806411145769969e-01 5.000000000000000278e-02 3.871182679044591346e-01
5.491800000000000015e-01 4.488870461690249725e-01 5.000000000000000278e-02 3.844060793392108377e-01
5.500800000000000134e-01 4.519460063364439950e-01 5.000000000000000278e-02 3.816207691500740906e-01
5.509800000000000253e-01 4.519519665038639888e-01 5.000000000000000278e-02 3.787705690700646222e-01
5.518699999999999717e-01 4.553753715583119810e-01 5.000000000000000278e-02 3.759103645618769862e-01
5.527699999999999836e-01 4.592573317257310217e-01 5.000000000000000278e-02 3.729800710630588600e-01
5.536600000000000410e-01 4.601357367801789944e-01 5.000000000000000278e-02 3.700362837066960009e-01
5.545600000000000529e-01 4.544926969475989731e-01 5.000000000000000278e-02 3.670104400690244462e-01
5.554499999999999993e-01 4.389781020020470104e-01 5.000000000000000278e-02 3.639850708189220074e-01
5.563500000000000112e-01 4.348480621694659765e-01 5.000000000000000278e-02 3.608927450108382340e-01
5.572399999999999576e-01 4.429964672239140033e-01 5.000000000000000278e-02 3.577851096775579998e-01
5.581399999999999695e-01 4.341844273913340047e-01 5.000000000000000278e-02 3.546119597474546858e-01
5.590300000000000269e-01 4.224288324457819988e-01 5.000000000000000278e-02 3.514460407605440317e-01
5.599300000000000388e-01 4.184587926132010138e-01 5.000000000000000278e-02 3.482090453778205474e-01
5.608199999999999852e-01 4.161291976676489979e-01 5.000000000000000278e-02 3.449735178884669740e-01
5.617199999999999971e-01 4.181671578350690255e-01 5.000000000000000278e-02 3.416776776211213340e-01
5.626100000000000545e-01 4.149945628895170269e-01 5.000000000000000278e-02 3.383954181301032094e-01
5.635099999999999554e-01 4.131325230569359852e-01 5.000000000000000278e-02 3.350403365172242021e-01
5.644000000000000128e-01 4.125919281113840098e-01 5.000000000000000278e-02 3.317025855200125273e-01
5.653000000000000247e-01 4.078058882788039852e-01 5.000000000000000278e-02 3.283081423080038697e-01
5.661899999999999711e-01 4.040452933332520091e-01 5.000000000000000278e-02 3.249277074615801175e-01
5.670899999999999830e-01 3.958902535006709744e-01 5.000000000000000278e-02 3.214876390790452620e-01
5.679800000000000404e-01 3.877356585551189894e-01 5.000000000000000278e-02 3.180709210552122301e-01
5.688800000000000523e-01 3.852966187225390082e-01 5.000000000000000278e-02 3.146011674431876681e-01
5.697699999999999987e-01 3.787320237769870035e-01 5.000000000000000278e-02 3.111490714450967365e-01
5.706599999999999451e-01 3.621514288314349739e-01 5.000000000000000278e-02 3.076862695099060740e-01
5.715599999999999570e-01 3.598693889988540118e-01 5.000000000000000278e-02 3.041740904263381950e-01
5.724500000000000144e-01 3.551597940533020026e-01 5.000000000000000278e-02 3.006883200060548877e-01
5.733500000000000263e-01 3.475837542207220188e-01 5.000000000000000278e-02 2.971535476014631749e-01
5.742399999999999727e-01 3.416381592751699947e-01 5.000000000000000278e-02 2.936515303604779192e-01
5.751399999999999846e-01 3.308861194425889996e-01 5.000000000000000278e-02 2.901038500604099513e-01
5.760300000000000420e-01 3.341015244970370057e-01 5.000000000000000278e-02 2.865886034662157855e-01
5.769300000000000539e-01 3.268394846644570029e-01 5.000000000000000278e-02 2.830310165683184720e-01
5.778200000000000003e-01 3.354258897189050237e-01 5.000000000000000278e-02 2.795106232916455546e-01
5.787099999999999467e-01 3.375732947733530165e-01 5.000000000000000278e-02 2.759885140395928471e-01
5.796099999999999586e-01 3.246232549407719881e-01 5.000000000000000278e-02 2.724271957428615054e-01
5.805000000000000160e-01 3.160216599952199723e-01 5.000000000000000278e-02 2.689065788812927682e-01
5.814000000000000279e-01 3.064436201626399847e-01 5.000000000000000278e-02 2.653483628536401628e-01
5.822899999999999743e-01 2.986150252170879926e-01 5.000000000000000278e-02 2.618347201203147789e-01
5.831800000000000317e-01 2.906664302715359915e-01 5.000000000000000278e-02 2.583254668655098896e-01
5.840800000000000436e-01 2.739793904389549728e-01 5.000000000000000278e-02 2.547817327181813307e-01
5.849699999999999900e-01 2.663167954934029802e-01 5.000000000000000278e-02 2.512860862549310959e-01
5.858700000000000019e-01 2.662097556608229998e-01 5.000000000000000278e-02 2.477600599108278623e-01
5.867599999999999483e-01 2.665761607152710155e-01 5.000000000000000278e-02 2.442811805589547858e-01
5.876500000000000057e-01 2.466035657697190075e-01 5.000000000000000278e-02 2.408121363072298626e-01
5.885500000000000176e-01 2.312665259371380067e-01 5.000000000000000278e-02 2.373192151559795904e-01
5.894399999999999640e-01 2.266079309915859930e-01 5.000000000000000278e-02 2.338760004575410889e-01
5.903399999999999759e-01 2.247528911590060130e-01 5.000000000000000278e-02 2.304055145098901636e-01
5.912300000000000333e-01 2.234802962134539994e-01 5.000000000000000278e-02 2.269920192167539652e-01
5.921199999999999797e-01 2.243777012679019911e-01 5.000000000000000278e-02 2.235940261783372907e-01
5.939100000000000490e-01 2.200420664897690115e-01 5.000000000000000278e-02 2.168051389680777097e-01
5.947999999999999954e-01 2.026824715442170077e-01 5.000000000000000278e-02 2.134612632116395237e-01
5.957000000000000073e-01 1.821524317116370029e-01 5.000000000000000278e-02 2.100962961660548523e-01
5.965899999999999537e-01 1.778198367660850099e-01 5.000000000000000278e-02 2.067853150917234040e-01
5.974800000000000111e-01 1.806582418205329998e-01 5.000000000000000278e-02 2.035018418370301285e-01
5.983800000000000230e-01 1.721802019879520029e-01 5.000000000000000278e-02 2.002021049398975683e-01
5.992699999999999694e-01 1.689516070424000038e-01 5.000000000000000278e-02 1.969578882091323757e-01
6.001600000000000268e-01 1.602640120968480131e-01 5.000000000000000278e-02 1.937379791193002687e-01
6.010600000000000387e-01 1.626709722642679934e-01 5.000000000000000278e-02 1.905108572948799872e-01
6.019499999999999851e-01 1.502583773187159966e-01 5.000000000000000278e-02 1.873405069917618015e-01
6.028400000000000425e-01 1.456677823731639954e-01 5.000000000000000278e-02 1.841909902061412418e-01
6.037400000000000544e-01 1.252017425405829998e-01 5.000000000000000278e-02 1.810421199538524428e-01
6.046300000000000008e-01 1.206291475950310027e-01 5.000000000000000278e-02 1.779520343271961402e-01
6.055199999999999472e-01 1.101845526494800026e-01 5.000000000000000278e-02 1.748844968792069854e-01
6.064199999999999591e-01 1.010895128168989993e-01 5.000000000000000278e-02 1.718134919250197956e-01
6.073100000000000165e-01 1.144109178713469954e-01 5.000000000000000278e-02 1.688093613562869910e-01
6.081999999999999629e-01 1.272323229257950050e-01 5.000000000000000278e-02 1.658292790975058328e-01
6.090999999999999748e-01 1.378782830932140102e-01 5.000000000000000278e-02 1.628406939994882507e-01
6.099900000000000322e-01 1.264186881476629942e-01 5.000000000000000278e-02 1.599274024070958811e-01
6.108799999999999786e-01 1.014240932021110014e-01 5.000000000000000278e-02 1.570395428924644676e-01
6.117700000000000360e-01 1.096374982565589962e-01 5.000000000000000278e-02 1.541771630316750852e-01
6.126700000000000479e-01 1.105934584239779972e-01 5.000000000000000278e-02 1.513190984251752969e-01
6.135599999999999943e-01 1.111108634784259974e-01 5.000000000000000278e-02 1.485275242335826751e-01
6.144500000000000517e-01 9.558726853287430325e-02 5.000000000000000278e-02 1.457624662996810649e-01
6.153399999999999981e-01 7.991467358732229354e-02 5.000000000000000278e-02 1.430261735769062792e-01
6.162400000000000100e-01 6.431063375474170563e-02 5.000000000000000278e-02 1.403035038070913620e-01
6.171299999999999564e-01 6.188203880918979882e-02 5.000000000000000278e-02 1.376389221134769469e-01
6.180200000000000138e-01 5.877244386363789791e-02 5.000000000000000278e-02 1.350017721336861654e-01
6.189099999999999602e-01 6.970384891808589778e-02 5.000000000000000278e-02 1.324050069382792516e-01
6.198099999999999721e-01 6.300880908550539339e-02 5.000000000000000278e-02 1.298141929227373259e-01
6.207000000000000295e-01 7.561721413995349528e-02 5.000000000000000278e-02 1.272805733699575448e-01
6.215899999999999759e-01 7.442461919440150619e-02 5.000000000000000278e-02 1.247790553871729463e-01
6.224800000000000333e-01 7.781002424884959912e-02 5.000000000000000278e-02 1.223216188064858989e-01
6.233800000000000452e-01 4.866998441626899791e-02 5.000000000000000278e-02 1.198655585439467042e-01
6.242699999999999916e-01 2.286638947071700095e-02 5.000000000000000278e-02 1.174655013503001638e-01
6.251600000000000490e-01 2.463479452516510043e-02 5.000000000000000278e-02 1.151089041681478686e-01
6.260499999999999954e-01 3.587519957961320116e-02 5.000000000000000278e-02 1.127859341856531084e-01
6.269500000000000073e-01 4.897815974703260272e-02 5.000000000000000278e-02 1.104661713166858045e-01
6.278399999999999537e-01 6.147356480148059854e-02 5.000000000000000278e-02 1.082068235774251430e-01
6.287300000000000111e-01 3.773996985592879827e-02 5.000000000000000278e-02 1.059902349126038007e-01
6.296199999999999575e-01 1.913637491037679939e-02 5.000000000000000278e-02 1.038022104925135358e-01
6.305100000000000149e-01 2.978377996482490034e-02 5.000000000000000278e-02 1.016427342171246084e-01
6.314100000000000268e-01 2.958774013224430011e-02 5.000000000000000278e-02 9.950525785134074763e-02
6.322999999999999732e-01 2.636114518669229953e-02 5.000000000000000278e-02 9.742310987683393264e-02
6.331900000000000306e-01 2.468855024114050001e-02 5.000000000000000278e-02 9.536927099134805130e-02
6.340799999999999770e-01 1.003395529558850051e-02 5.000000000000000278e-02 9.335178342802258333e-02
6.349700000000000344e-01 2.464336035003659997e-02 5.000000000000000278e-02 9.137392093080215494e-02
6.358599999999999808e-01 2.498076540448460059e-02 5.000000000000000278e-02 8.942396229952552511e-02
6.367599999999999927e-01 3.454872557190410282e-02 5.000000000000000278e-02 8.748077266266435226e-02
6.376500000000000501e-01 1.515186937364780030e-02 5.000000000000000278e-02 8.560528616493795484e-02
6.385399999999999965e-01 1.465746431919980053e-02 5.000000000000000278e-02 8.375798075782600605e-02
6.394300000000000539e-01 1.433507998036319918e-02 5.000000000000000278e-02 8.193792085436428507e-02
6.403200000000000003e-01 2.542447941589980054e-02 5.000000000000000278e-02 8.015492840415401610e-02
6.412099999999999467e-01 3.149403881216290141e-02 5.000000000000000278e-02 7.840748461837682148e-02
6.421000000000000041e-01 3.840659820842599881e-02 5.000000000000000278e-02 7.668654672633200275e-02
6.430000000000000160e-01 1.417238667175750068e-02 5.000000000000000278e-02 7.497483799058617115e-02
6.438899999999999624e-01 1.413182727549439945e-02 5.000000000000000278e-02 7.332501551469200463e-02
6.447800000000000198e-01 2.719073212076869930e-02 5.000000000000000278e-02 7.170081375658339529e-02
6.456699999999999662e-01 4.681929151703170117e-02 5.000000000000000278e-02 7.010210661544885591e-02
6.465600000000000236e-01 1.282585091329480065e-02 5.000000000000000278e-02 6.853997653407549462e-02
6.474499999999999700e-01 1.396958969044210033e-02 5.000000000000000278e-02 6.700869451396544718e-02
6.483400000000000274e-01 2.690696970582090106e-02 5.000000000000000278e-02 6.550188042834804991e-02
6.492299999999999738e-01 4.390252910208399667e-02 5.000000000000000278e-02 6.402304323863475255e-02
6.501299999999999857e-01 3.707454422190060300e-02 5.000000000000000278e-02 6.256480444950765496e-02
6.510200000000000431e-01 7.272110361816369606e-02 5.000000000000000278e-02 6.114649865087748437e-02
6.519099999999999895e-01 4.857466301442669998e-02 5.000000000000000278e-02 5.975135263089682847e-02
6.528000000000000469e-01 2.906522241068979981e-02 5.000000000000000278e-02 5.839108358075932592e-02
6.536899999999999933e-01 4.808378180695289938e-02 5.000000000000000278e-02 5.705663581167650517e-02
6.545800000000000507e-01 6.200234120321589798e-02 5.000000000000000278e-02 5.574408581023402448e-02
6.554699999999999971e-01 5.605990059947899701e-02 5.000000000000000278e-02 5.445822415612310008e-02
6.563600000000000545e-01 5.974545999574210065e-02 5.000000000000000278e-02 5.320312709376814886e-02
6.572500000000000009e-01 5.035901939200509991e-02 5.000000000000000278e-02 5.196857607216737868e-02
6.581399999999999473e-01 5.515657878826819849e-02 5.000000000000000278e-02 5.075438980557205743e-02
6.590300000000000047e-01 6.101213818453130044e-02 5.000000000000000278e-02 4.957259615736478442e-02
6.599199999999999511e-01 6.066569758079429914e-02 5.000000000000000278e-02 4.841117454154945238e-02
6.608100000000000085e-01 5.404825697705740312e-02 5.000000000000000278e-02 4.726867561623542685e-02
6.617100000000000204e-01 5.200227209687399710e-02 5.000000000000000278e-02 4.613838078676658211e-02
6.625999999999999668e-01 6.281083149313700098e-02 5.000000000000000278e-02 4.504532469401620332e-02
6.634900000000000242e-01 7.421539088940010132e-02 5.000000000000000278e-02 4.396967250670888450e-02
6.643799999999999706e-01 7.917495028566319537e-02 5.000000000000000278e-02 4.291153959907295645e-02
6.652700000000000280e-01 6.893950968192620599e-02 5.000000000000000278e-02 4.188117887249777349e-02
6.661599999999999744e-01 7.055806907818930329e-02 5.000000000000000278e-02 4.086666341928562457e-02
6.670500000000000318e-01 6.087562847445240205e-02 5.000000000000000278e-02 3.986778623196039761e-02
6.679399999999999782e-01 7.426518787071539895e-02 5.000000000000000278e-02 3.889041046862934392e-02
6.688300000000000356e-01 7.650674726697849481e-02 5.000000000000000278e-02 3.793152657181059206e-02
6.697199999999999820e-01 7.899230666324159877e-02 5.000000000000000278e-02 3.698667656043722746e-02
6.706100000000000394e-01 8.501186605950460107e-02 5.000000000000000278e-02 3.605722242556500673e-02
6.714999999999999858e-01 6.781042545576769498e-02 5.000000000000000278e-02 3.514835327268681087e-02
6.723900000000000432e-01 7.649698485203079712e-02 5.000000000000000278e-02 3.425188737558094304e-02
6.732799999999999896e-01 7.664854424829380120e-02 5.000000000000000278e-02 3.336761098924615615e-02
6.741700000000000470e-01 7.759110364455690245e-02 5.000000000000000278e-02 3.250099069093716903e-02
6.750599999999999934e-01 7.085266304081999644e-02 5.000000000000000278e-02 3.164720274937984912e-02
6.759500000000000508e-01 7.577922243708300198e-02 5.000000000000000278e-02 3.080395788152296560e-02
6.768399999999999972e-01 7.366678183334610108e-02 5.000000000000000278e-02 2.997314238891726421e-02
6.777300000000000546e-01 8.336734122960920423e-02 5.000000000000000278e-02 2.915629949042942287e-02
6.786200000000000010e-01 8.662590062587219308e-02 5.000000000000000278e-02 2.834835223155683995e-02
6.795099999999999474e-01 8.504046002213530575e-02 5.000000000000000278e-02 2.754908650968910730e-02
6.804000000000000048e-01 9.502001941839839649e-02 5.000000000000000278e-02 2.676284552772710892e-02
6.812899999999999512e-01 7.588157881466139898e-02 5.000000000000000278e-02 2.598448197618422398e-02
6.821800000000000086e-01 7.437013821092450239e-02 5.000000000000000278e-02 2.521316557526168817e-02
6.830600000000000005e-01 8.746824188363409858e-02 5.000000000000000278e-02 2.445916444126019010e-02
6.839499999999999469e-01 5.846080127989709829e-02 5.000000000000000278e-02 2.370461243646345903e-02
6.848400000000000043e-01 5.958636067616020215e-02 5.000000000000000278e-02 2.295550951880880389e-02
6.857299999999999507e-01 5.914492007242330013e-02 5.000000000000000278e-02 2.221184417872585845e-02
6.866200000000000081e-01 5.899247946868629855e-02 5.000000000000000278e-02 2.147567185141043000e-02
6.875099999999999545e-01 7.338803886494940643e-02 5.000000000000000278e-02 2.074337037507799700e-02
6.884000000000000119e-01 8.695859826121249414e-02 5.000000000000000278e-02 2.001473801178120515e-02
6.892899999999999583e-01 7.550915765747549802e-02 5.000000000000000278e-02 1.929068335334606712e-02
6.901800000000000157e-01 8.341971705373860124e-02 5.000000000000000278e-02 1.856977545630597234e-02
6.910699999999999621e-01 6.803527645000169433e-02 5.000000000000000278e-02 1.785101045916952928e-02
6.919600000000000195e-01 7.878483584626469471e-02 5.000000000000000278e-02 1.713436693491837692e-02
6.928499999999999659e-01 8.733539524252779962e-02 5.000000000000000278e-02 1.641960591638518333e-02
6.937400000000000233e-01 8.358195463879089515e-02 5.000000000000000278e-02 1.570551624942367192e-02
6.946200000000000152e-01 7.369805831150040565e-02 5.000000000000000278e-02 1.499992973305629314e-02
6.955099999999999616e-01 3.519561770776349907e-02 5.000000000000000278e-02 1.428626527976037397e-02
6.964000000000000190e-01 1.137517710402649943e-02 5.000000000000000278e-02 1.357187058541428105e-02
6.972899999999999654e-01 1.169826349971040021e-02 5.000000000000000278e-02 1.285657568021201201e-02
6.981800000000000228e-01 1.752829589655269943e-02 5.000000000000000278e-02 1.213971810756997449e-02
6.990699999999999692e-01 3.411985529281569979e-02 5.000000000000000278e-02 1.142026240102814866e-02
6.999600000000000266e-01 2.142041468907879970e-02 5.000000000000000278e-02 1.069858356672119537e-02
7.008499999999999730e-01 1.153602591465809936e-02 5.000000000000000278e-02 9.974514021505818256e-03
7.017299999999999649e-01 7.090307775805139434e-02 5.000000000000000278e-02 9.253770522404098850e-03
7.026200000000000223e-01 7.292563715431449323e-02 5.000000000000000278e-02 8.521339935307006494e-03
7.035099999999999687e-01 7.698219655057760014e-02 5.000000000000000278e-02 7.785301576035328491e-03
7.044000000000000261e-01 5.637075594684060054e-02 5.000000000000000278e-02 7.043773396579434791e-03
7.052899999999999725e-01 1.494931534310369944e-02 5.000000000000000278e-02 6.296393800630182766e-03
7.061800000000000299e-01 1.661787473936680165e-02 5.000000000000000278e-02 5.544268633337595675e-03
7.070600000000000218e-01 2.269797841207630076e-02 5.000000000000000278e-02 4.795295046099732304e-03
7.079499999999999682e-01 5.426537808339380181e-03 5.000000000000000278e-02 4.029221804357182787e-03
7.088400000000000256e-01 3.543509720460250034e-02 5.000000000000000278e-02 3.257369592390823437e-03
7.097299999999999720e-01 7.621365660086550087e-02 5.000000000000000278e-02 2.479610945291863596e-03
7.106200000000000294e-01 7.918721599712859327e-02 5.000000000000000278e-02 1.692439922678959287e-03
7.115000000000000213e-01 5.107531966983810262e-02 5.000000000000000278e-02 9.063144627638490200e-04
7.123899999999999677e-01 4.146587906610119806e-02 5.000000000000000278e-02 4.256116844914168904e-04
7.132800000000000251e-01 2.303143846236430092e-02 5.000000000000000278e-02 7.683207956117052775e-04
7.141699999999999715e-01 1.092900214137270017e-02 5.000000000000000278e-02 1.527162159669667556e-03
7.150600000000000289e-01 3.642442745109599964e-03 5.000000000000000278e-02 2.356077872188702595e-03
7.159400000000000208e-01 5.329066092759990325e-02 5.000000000000000278e-02 3.183182697572103925e-03
7.168299999999999672e-01 1.080777967613700055e-02 5.000000000000000278e-02 4.032905391161866610e-03
7.177200000000000246e-01 1.076722027987389932e-02 5.000000000000000278e-02 4.891392140893804051e-03
7.186099999999999710e-01 1.184733911638909988e-02 5.000000000000000278e-02 5.758294482667527213e-03
7.195000000000000284e-01 4.462389851265220059e-02 5.000000000000000278e-02 6.636774509884643854e-03
7.203800000000000203e-01 6.000800218536180008e-02 5.000000000000000278e-02 7.517171080790130237e-03
7.212699999999999667e-01 3.084556158162480091e-02 5.000000000000000278e-02 8.416418614331221473e-03
7.221600000000000241e-01 4.884612097788790241e-02 5.000000000000000278e-02 9.325339867800347404e-03
7.230499999999999705e-01 3.858268037415100299e-02 5.000000000000000278e-02 1.024939207653794912e-02
7.239299999999999624e-01 1.048421595313949947e-02 5.000000000000000278e-02 1.117230601717400344e-02
7.248200000000000198e-01 7.418734344312359619e-02 5.000000000000000278e-02 1.211508660698088630e-02
7.257099999999999662e-01 7.380690283938659557e-02 5.000000000000000278e-02 1.307214739447946222e-02
7.265899999999999581e-01 1.098600651209620006e-02 5.000000000000000278e-02 1.403007317870483793e-02
7.274800000000000155e-01 1.032243409164070036e-02 5.000000000000000278e-02 1.500853816579764653e-02
7.283699999999999619e-01 5.854212530462230002e-02 5.000000000000000278e-02 1.599888343327363419e-02
7.292600000000000193e-01 3.811768470088539723e-02 5.000000000000000278e-02 1.700405182859793252e-02
7.301400000000000112e-01 1.020121162640509963e-02 5.000000000000000278e-02 1.800768770139156427e-02
7.310299999999999576e-01 1.035634776985800039e-02 5.000000000000000278e-02 1.903263182002772058e-02
7.319200000000000150e-01 1.980890716612110011e-02 5.000000000000000278e-02 2.007389358298456231e-02
7.328000000000000069e-01 1.007998916116940001e-02 5.000000000000000278e-02 2.111403967921118147e-02
7.336899999999999533e-01 3.538857023509370259e-02 5.000000000000000278e-02 2.217592384165681038e-02
7.345800000000000107e-01 3.194912963135679990e-02 5.000000000000000278e-02 2.325132305038540154e-02
7.354600000000000026e-01 2.496623330406630079e-02 5.000000000000000278e-02 2.432798394525391081e-02
7.363499999999999490e-01 9.918207299670619981e-03 5.000000000000000278e-02 2.542669378546019363e-02
7.372400000000000064e-01 9.877647903407549973e-03 5.000000000000000278e-02 2.653601271103319531e-02
7.381299999999999528e-01 2.304291149285549872e-02 5.000000000000000278e-02 2.766145256787786236e-02
7.390099999999999447e-01 9.796984834434939449e-03 5.000000000000000278e-02 2.878382523815223998e-02
7.399000000000000021e-01 9.756425438171869441e-03 5.000000000000000278e-02 2.992858952208913431e-02
7.407899999999999485e-01 9.715866041908809841e-03 5.000000000000000278e-02 3.108768900533488352e-02
7.416700000000000514e-01 9.675762369199250243e-03 5.000000000000000278e-02 3.224510552856748452e-02
7.425599999999999978e-01 9.635202972936190643e-03 5.000000000000000278e-02 3.342495569377608444e-02
7.434399999999999897e-01 3.955390069977340189e-02 5.000000000000000278e-02 3.460267291290625852e-02
7.443300000000000471e-01 2.571146009603639954e-02 5.000000000000000278e-02 3.580724254944307738e-02
7.452199999999999935e-01 2.561801949229949860e-02 5.000000000000000278e-02 3.702077915027413707e-02
7.460999999999999854e-01 9.473876834990959186e-03 5.000000000000000278e-02 3.822932314556454214e-02
7.469900000000000428e-01 9.433317438727889179e-03 5.000000000000000278e-02 3.946588674191448681e-02
7.478799999999999892e-01 1.189224195753520001e-02 5.000000000000000278e-02 4.071133790198289831e-02
7.487599999999999811e-01 2.016434563024470036e-02 5.000000000000000278e-02 4.195090674450100560e-02
7.496500000000000385e-01 9.312094973492199973e-03 5.000000000000000278e-02 4.321565808042182599e-02
7.505300000000000304e-01 1.202100869921730007e-02 5.000000000000000278e-02 4.447652983802288795e-02
7.514199999999999768e-01 5.271256809548040267e-02 5.000000000000000278e-02 4.575926705166893232e-02
7.523100000000000342e-01 8.341127491743479533e-03 5.000000000000000278e-02 4.705017787656911449e-02
7.531900000000000261e-01 9.150768835546970251e-03 5.000000000000000278e-02 4.833806766996425613e-02
7.540799999999999725e-01 1.005579056071610050e-02 5.000000000000000278e-02 4.964733557089828081e-02
7.549599999999999644e-01 1.576894233425640054e-03 5.000000000000000278e-02 5.094847001985237933e-02
7.558500000000000218e-01 9.029546370311289719e-03 5.000000000000000278e-02 5.227422429927013059e-02
7.567399999999999682e-01 8.988986974048219711e-03 5.000000000000000278e-02 5.360711081567965525e-02
7.576199999999999601e-01 8.948883301338679194e-03 5.000000000000000278e-02 5.493074518907323928e-02
7.585100000000000176e-01 3.410967609492440017e-02 5.000000000000000278e-02 5.627642206028739963e-02
7.593900000000000095e-01 4.948577976763399860e-02 5.000000000000000278e-02 5.761448251832138046e-02
7.602799999999999558e-01 5.593333916389699872e-02 5.000000000000000278e-02 5.897255351855263533e-02
7.611599999999999477e-01 1.934744283660659939e-02 5.000000000000000278e-02 6.031998720523285701e-02
7.620500000000000052e-01 6.241002232869629664e-03 5.000000000000000278e-02 6.168998486833855710e-02
7.629299999999999971e-01 5.194910590557919733e-02 5.000000000000000278e-02 6.304841042133771389e-02
7.638200000000000545e-01 5.155766530184219959e-02 5.000000000000000278e-02 6.442591043375406334e-02
7.647000000000000464e-01 8.626231025448209341e-03 5.000000000000000278e-02 6.579255703170493186e-02
7.655899999999999928e-01 3.514732837081489814e-02 5.000000000000000278e-02 6.717834283136159268e-02
7.664699999999999847e-01 4.659443204352439749e-02 5.000000000000000278e-02 6.855102091564099775e-02
7.673600000000000421e-01 1.798099143978749981e-02 5.000000000000000278e-02 6.994190790941223757e-02
7.682499999999999885e-01 3.115155083605049974e-02 5.000000000000000278e-02 7.133554012833412394e-02
7.691299999999999804e-01 4.144665450876010293e-02 5.000000000000000278e-02 7.271477620596394909e-02
7.700200000000000378e-01 8.383786094976839603e-03 5.000000000000000278e-02 7.411080638169861845e-02
7.709000000000000297e-01 5.278131757773270316e-02 5.000000000000000278e-02 7.549215095672830167e-02
7.717800000000000216e-01 5.391142125044229988e-02 5.000000000000000278e-02 7.687357588734738956e-02
7.726699999999999680e-01 7.891398064670529511e-02 5.000000000000000278e-02 7.827053685388922488e-02
7.735499999999999599e-01 8.012608431941489751e-02 5.000000000000000278e-02 7.965114252531380057e-02
7.744400000000000173e-01 8.870064371567790151e-02 5.000000000000000278e-02 8.104590671499907473e-02
7.753200000000000092e-01 6.783574738838750451e-02 5.000000000000000278e-02 8.242351609231673981e-02
7.762099999999999556e-01 5.711330678465049993e-02 5.000000000000000278e-02 8.381501166554745919e-02
7.770899999999999475e-01 9.527841045736010206e-02 5.000000000000000278e-02 8.518705005308115086e-02
7.779800000000000049e-01 7.735396985362319455e-02 5.000000000000000278e-02 8.657180919475124248e-02
7.788599999999999968e-01 4.012307352633270180e-02 5.000000000000000278e-02 8.793800056476155924e-02
7.797500000000000542e-01 6.189963292259580141e-02 5.000000000000000278e-02 8.931443099406149999e-02
7.806300000000000461e-01 7.764473659530529703e-02 5.000000000000000278e-02 9.067032384640692777e-02
7.815199999999999925e-01 5.547629599156839869e-02 5.000000000000000278e-02 9.203714197090906435e-02
7.823999999999999844e-01 7.627939966427789431e-02 5.000000000000000278e-02 9.338284323182180491e-02
7.832799999999999763e-01 8.555850333698750143e-02 5.000000000000000278e-02 9.472048038114784518e-02
7.841700000000000337e-01 7.917806273325060651e-02 5.000000000000000278e-02 9.606740248258174852e-02
7.850500000000000256e-01 7.407916640596010072e-02 5.000000000000000278e-02 9.739318290543536039e-02
7.859399999999999720e-01 8.280272580222319823e-02 5.000000000000000278e-02 9.872273527187287734e-02
7.868199999999999639e-01 8.164282947493270437e-02 5.000000000000000278e-02 1.000296863276842196e-01
7.877100000000000213e-01 6.979038887119580481e-02 5.000000000000000278e-02 1.013438829266043728e-01
7.885900000000000132e-01 8.509449254390540063e-02 5.000000000000000278e-02 1.026322331487012490e-01
7.894700000000000051e-01 9.826159621661489929e-02 5.000000000000000278e-02 1.039092611521589965e-01
7.903599999999999515e-01 8.987315561287799459e-02 5.000000000000000278e-02 1.051917348702871985e-01
7.912400000000000544e-01 9.839925928558750090e-02 5.000000000000000278e-02 1.064493555989505374e-01
7.921200000000000463e-01 1.001523629582970060e-01 5.000000000000000278e-02 1.076912951445986866e-01
7.930099999999999927e-01 6.991192235456010484e-02 5.000000000000000278e-02 1.089368269851155313e-01
7.938899999999999846e-01 6.210802602726969712e-02 5.000000000000000278e-02 1.101577889828658230e-01
7.947800000000000420e-01 6.205958542353279955e-02 5.000000000000000278e-02 1.113746008777884156e-01
7.956600000000000339e-01 3.848368909624230033e-02 5.000000000000000278e-02 1.125643071829628417e-01
7.965400000000000258e-01 3.417779276895179658e-02 5.000000000000000278e-02 1.137420946533498206e-01
7.974299999999999722e-01 6.281235216521489917e-02 5.000000000000000278e-02 1.149165428034741310e-01
7.983099999999999641e-01 8.044045583792450160e-02 5.000000000000000278e-02 1.160593933699242547e-01
7.991899999999999560e-01 8.318855951063400256e-02 5.000000000000000278e-02 1.171888932272606015e-01
8.000800000000000134e-01 7.200311890689710392e-02 5.000000000000000278e-02 1.183165186308400563e-01
8.009600000000000053e-01 6.973777420393369869e-03 5.000000000000000278e-02 1.194074444303038496e-01
