# z rho mu
-10 2.07e-06 0
0 2.07e-06 0
0 2.07e-06 0
0 2.07e-06 0
0 2.07e-06 0
0 2.07e-06 0
0 2.07e-06 0
0 2.07e-06 0
0 2.07e-06 0
0 2.07e-06 0
0 2.07e-06 0
0 2.07e-06 0
0 2.07e-06 0
0 2.07e-06 0
0 2.07e-06 0
0 2.07e-06 0
0 2.07e-06 0
0 2.07e-06 0
0 2.07e-06 0
0 2.07e-06 0
0 2.07e-06 0
0 2.07e-06 0
0 2.07e-06 0
0.5 2.07e-06 0
0.5 2.07e-06 0
1 2.07e-06 0
1 2.07e-06 0
1.5 2.07e-06 0
1.5 2.07e-06 0
2 2.07e-06 0
2 2.07e-06 0
2.5 2.07e-06 0
2.5 2.07e-06 0
3 2.07e-06 0
3 2.07e-06 0
3.5 2.07e-06 0
3.5 2.07e-06 0
4 2.07e-06 0
4 2.07e-06 0
4.5 2.07e-06 0
4.5 2.07e-06 0
5 2.07e-06 0
5 2.07e-06 0
5.5 2.07e-06 0
5.5 2.07e-06 0
6 2.07e-06 0
6 2.07e-06 0
6.5 2.07e-06 0
6.5 2.07e-06 0
7 2.07e-06 0
7 2.07e-06 0
7.5 2.07e-06 0
7.5 2.06851e-06 0
8 2.06851e-06 0
8 2.0693e-06 0
8.5 2.0693e-06 0
8.5 2.06968e-06 0
9 2.06968e-06 0
9 2.06986e-06 0
9.5 2.06986e-06 0
9.5 2.06995e-06 0
10 2.06995e-06 0
10 2.07e-06 0
10.5 2.07e-06 0
10.5 2.07004e-06 0
11 2.07004e-06 0
11 2.07011e-06 0
11.5 2.07011e-06 0
11.5 2.07026e-06 0
12 2.07026e-06 0
12 2.07058e-06 0
12.5 2.07058e-06 0
12.5 2.07123e-06 0
13 2.07123e-06 0
13 2.07251e-06 0
13.5 2.07251e-06 0
13.5 2.07489e-06 0
14 2.07489e-06 0
14 2.07915e-06 0
14.5 2.07915e-06 0
14.5 2.08644e-06 0
15 2.08644e-06 0
15 2.09835e-06 0
15.5 2.09835e-06 0
15.5 2.11697e-06 0
16 2.11697e-06 0
16 2.14481e-06 0
16.5 2.14481e-06 0
16.5 2.18463e-06 0
17 2.18463e-06 0
17 2.23907e-06 0
17.5 2.23907e-06 0
17.5 2.31025e-06 0
18 2.31025e-06 0
18 2.39926e-06 0
18.5 2.39926e-06 0
18.5 2.50569e-06 0
19 2.50569e-06 0
19 2.6274e-06 0
19.5 2.6274e-06 0
19.5 2.76049e-06 0
20 2.76049e-06 0
20 2.89966e-06 0
20.5 2.89966e-06 0
20.5 3.03883e-06 0
21 3.03883e-06 0
21 3.17192e-06 0
21.5 3.17192e-06 0
21.5 3.29363e-06 0
22 3.29363e-06 0
22 3.40006e-06 0
22.5 3.40006e-06 0
22.5 3.48907e-06 0
23 3.48907e-06 0
23 3.56026e-06 0
23.5 3.56026e-06 0
23.5 3.61469e-06 0
24 3.61469e-06 0
24 3.65449e-06 0
24.5 3.65449e-06 0
24.5 3.6823e-06 0
25 3.6823e-06 0
25 3.70082e-06 0
25.5 3.70082e-06 0
25.5 3.71247e-06 0
26 3.71247e-06 0
26 3.71916e-06 0
26.5 3.71916e-06 0
26.5 3.72216e-06 0
27 3.72216e-06 0
27 3.722e-06 0
27.5 3.722e-06 0
27.5 3.71843e-06 0
28 3.71843e-06 0
28 3.7103e-06 0
28.5 3.7103e-06 0
28.5 3.69544e-06 0
29 3.69544e-06 0
29 3.6706e-06 0
29.5 3.6706e-06 0
29.5 3.63143e-06 0
30 3.63143e-06 0
30 3.57264e-06 0
30.5 3.57264e-06 0
30.5 3.48849e-06 0
31 3.48849e-06 0
31 3.3735e-06 0
31.5 3.3735e-06 0
31.5 3.22346e-06 0
32 3.22346e-06 0
32 3.03652e-06 0
32.5 3.03652e-06 0
32.5 2.81419e-06 0
33 2.81419e-06 0
33 2.56183e-06 0
33.5 2.56183e-06 0
33.5 2.28862e-06 0
34 2.28862e-06 0
34 2.00677e-06 0
34.5 2.00677e-06 0
34.5 1.73004e-06 0
35 1.73004e-06 0
35 1.47203e-06 0
35.5 1.47203e-06 0
35.5 1.24433e-06 0
36 1.24433e-06 0
36 1.05521e-06 0
36.5 1.05521e-06 0
36.5 9.08826e-07 0
37 9.08826e-07 0
37 8.05233e-07 0
37.5 8.05233e-07 0
37.5 7.40986e-07 0
38 7.40986e-07 0
38 7.10151e-07 0
38.5 7.10151e-07 0
38.5 7.0544e-07 0
39 7.0544e-07 0
39 7.19239e-07 0
39.5 7.19239e-07 0
39.5 7.44378e-07 0
40 7.44378e-07 0
40 7.74599e-07 0
40.5 7.74599e-07 0
40.5 8.04755e-07 0
41 8.04755e-07 0
41 8.3082e-07 0
41.5 8.3082e-07 0
41.5 8.49784e-07 0
42 8.49784e-07 0
42 8.59519e-07 0
42.5 8.59519e-07 0
42.5 8.58651e-07 0
43 8.58651e-07 0
43 8.46447e-07 0
43.5 8.46447e-07 0
43.5 8.22748e-07 0
44 8.22748e-07 0
44 7.87898e-07 0
44.5 7.87898e-07 0
44.5 7.42694e-07 0
45 7.42694e-07 0
45 6.88325e-07 0
45.5 6.88325e-07 0
45.5 6.26298e-07 0
46 6.26298e-07 0
46 5.58355e-07 0
46.5 5.58355e-07 0
46.5 4.86379e-07 0
47 4.86379e-07 0
47 4.12292e-07 0
47.5 4.12292e-07 0
47.5 3.37955e-07 0
48 3.37955e-07 0
48 2.65076e-07 0
48.5 2.65076e-07 0
48.5 1.95135e-07 0
49 1.95135e-07 0
49 1.29329e-07 0
49.5 1.29329e-07 0
49.5 6.85391e-08 0
50 6.85391e-08 0
50 1.3322e-08 0
50.5 1.3322e-08 0
50.5 -3.60735e-08 0
51 -3.60735e-08 0
51 -7.96738e-08 0
51.5 -7.96738e-08 0
51.5 -1.17733e-07 0
52 -1.17733e-07 0
52 -1.50675e-07 0
52.5 -1.50675e-07 0
52.5 -1.79041e-07 0
53 -1.79041e-07 0
53 -2.0343e-07 0
53.5 -2.0343e-07 0
53.5 -2.24449e-07 0
54 -2.24449e-07 0
54 -2.42679e-07 0
54.5 -2.42679e-07 0
54.5 -2.5864e-07 0
55 -2.5864e-07 0
55 -2.72777e-07 0
55.5 -2.72777e-07 0
55.5 -2.85448e-07 0
56 -2.85448e-07 0
56 -2.96921e-07 0
56.5 -2.96921e-07 0
56.5 -3.07385e-07 0
57 -3.07385e-07 0
57 -3.16951e-07 0
57.5 -3.16951e-07 0
57.5 -3.25672e-07 0
58 -3.25672e-07 0
58 -3.3355e-07 0
58.5 -3.3355e-07 0
58.5 -3.40552e-07 0
59 -3.40552e-07 0
59 -3.46623e-07 0
59.5 -3.46623e-07 0
59.5 -3.51698e-07 0
60 -3.51698e-07 0
60 -3.55709e-07 0
60.5 -3.55709e-07 0
60.5 -3.58597e-07 0
61 -3.58597e-07 0
61 -3.60315e-07 0
61.5 -3.60315e-07 0
61.5 -3.60836e-07 0
62 -3.60836e-07 0
62 -3.60154e-07 0
62.5 -3.60154e-07 0
62.5 -3.58286e-07 0
63 -3.58286e-07 0
63 -3.55272e-07 0
63.5 -3.55272e-07 0
63.5 -3.51173e-07 0
64 -3.51173e-07 0
64 -3.46068e-07 0
64.5 -3.46068e-07 0
64.5 -3.40048e-07 0
65 -3.40048e-07 0
65 -3.33212e-07 0
65.5 -3.33212e-07 0
65.5 -3.2566e-07 0
66 -3.2566e-07 0
66 -3.17478e-07 0
66.5 -3.17478e-07 0
66.5 -3.08738e-07 0
67 -3.08738e-07 0
67 -2.99477e-07 0
67.5 -2.99477e-07 0
67.5 -2.89691e-07 0
68 -2.89691e-07 0
68 -2.79316e-07 0
68.5 -2.79316e-07 0
68.5 -2.68223e-07 0
69 -2.68223e-07 0
69 -2.562e-07 0
69.5 -2.562e-07 0
69.5 -2.42944e-07 0
70 -2.42944e-07 0
70 -2.28057e-07 0
70.5 -2.28057e-07 0
70.5 -2.11048e-07 0
71 -2.11048e-07 0
71 -1.91336e-07 0
71.5 -1.91336e-07 0
71.5 -1.68274e-07 0
72 -1.68274e-07 0
72 -1.41173e-07 0
72.5 -1.41173e-07 0
72.5 -1.09345e-07 0
73 -1.09345e-07 0
73 -7.215e-08 0
73.5 -7.215e-08 0
73.5 -2.9055e-08 0
74 -2.9055e-08 0
74 2.03047e-08 0
74.5 2.03047e-08 0
74.5 7.6064e-08 0
75 7.6064e-08 0
75 1.38073e-07 0
75.5 1.38073e-07 0
75.5 2.05856e-07 0
76 2.05856e-07 0
76 2.78587e-07 0
76.5 2.78587e-07 0
76.5 3.55089e-07 0
77 3.55089e-07 0
77 4.33863e-07 0
77.5 4.33863e-07 0
77.5 5.13135e-07 0
78 5.13135e-07 0
78 5.90934e-07 0
78.5 5.90934e-07 0
78.5 6.65186e-07 0
79 6.65186e-07 0
79 7.33816e-07 0
79.5 7.33816e-07 0
79.5 7.94863e-07 0
80 7.94863e-07 0
80 8.46577e-07 0
80.5 8.46577e-07 0
80.5 8.87514e-07 0
81 8.87514e-07 0
81 9.16605e-07 0
81.5 9.16605e-07 0
81.5 9.33207e-07 0
82 9.33207e-07 0
82 9.37123e-07 0
82.5 9.37123e-07 0
82.5 9.28601e-07 0
83 9.28601e-07 0
83 9.08304e-07 0
83.5 9.08304e-07 0
83.5 8.77272e-07 0
84 8.77272e-07 0
84 8.3685e-07 0
84.5 8.3685e-07 0
84.5 7.88622e-07 0
85 7.88622e-07 0
85 7.34326e-07 0
85.5 7.34326e-07 0
85.5 6.75778e-07 0
86 6.75778e-07 0
86 6.14783e-07 0
86.5 6.14783e-07 0
86.5 5.53067e-07 0
87 5.53067e-07 0
87 4.9221e-07 0
87.5 4.9221e-07 0
87.5 4.3359e-07 0
88 4.3359e-07 0
88 3.78348e-07 0
88.5 3.78348e-07 0
88.5 3.27359e-07 0
89 3.27359e-07 0
89 2.81233e-07 0
89.5 2.81233e-07 0
89.5 2.40313e-07 0
90 2.40313e-07 0
90 2.04704e-07 0
90.5 2.04704e-07 0
90.5 1.74301e-07 0
91 1.74301e-07 0
91 1.48831e-07 0
91.5 1.48831e-07 0
91.5 1.27894e-07 0
92 1.27894e-07 0
92 1.11005e-07 0
92.5 1.11005e-07 0
92.5 9.76386e-08 0
93 9.76386e-08 0
93 8.72606e-08 0
93.5 8.72606e-08 0
93.5 7.93566e-08 0
94 7.93566e-08 0
94 7.34527e-08 0
94.5 7.34527e-08 0
94.5 6.91284e-08 0
95 6.91284e-08 0
95 6.60233e-08 0
95.5 6.60233e-08 0
95.5 6.3838e-08 0
96 6.3838e-08 0
96 6.23312e-08 0
96.5 6.23312e-08 0
96.5 6.13135e-08 0
97 6.13135e-08 0
97 6.06406e-08 0
97.5 6.06406e-08 0
97.5 6.02051e-08 0
98 6.02051e-08 0
98 5.99295e-08 0
98.5 5.99295e-08 0
98.5 5.9759e-08 0
99 5.9759e-08 0
99 5.952e-08 0
99.5 5.952e-08 0
99.5 5.952e-08 0
100 5.952e-08 0
100 5.952e-08 0
110 5.952e-08 0
