#     thickness (A)        interface (A)       rho (1e-6/A^2)      irho (1e-6/A^2)
                   0     6.55227391196311                2.069                    0
    15.0475373223806     6.55227391196311     3.58848844121005                    0
    110.434460855231                    0     9.01273256267305                    0
                   1                    0     9.01273256267261                    0
                 0.5                    0     9.01132533437886                    0
                 0.5                    0     9.00987514295861                    0
                 0.5                    0     9.00787458638501                    0
                 0.5                    0     9.00526602883597                    0
                 0.5                    0     9.00197719417337                    0
                 0.5                    0     8.99792110608415                    0
                 0.5                    0     8.99299610695594                    0
                 0.5                    0     8.98708600022958                    0
                 0.5                    0     8.98006036441888                    0
                 0.5                    0     8.97177508855103                    0
                 0.5                    0     8.96207317820349                    0
                 0.5                    0     8.95078587837854                    0
                 0.5                    0     8.93773415400434                    0
                 0.5                    0     8.92273056079754                    0
                 0.5                    0     8.90558152858206                    0
                 0.5                    0     8.88609006605782                    0
                 0.5                    0     8.86405888070786                    0
                 0.5                    0     8.83929389041094                    0
                 0.5                    0     8.81160808491022                    0
                 0.5                    0     8.78082567622061                    0
                 0.5                    0     8.74678645808355                    0
                 0.5                    0     8.70935027651451                    0
                 0.5                    0     8.66840149718712                    0
                 0.5                    0     8.62385334169628                    0
                 0.5                    0     8.57565195441932                    0
                 0.5                    0     8.52378005541835                    0
                 0.5                    0     8.46826003311331                    0
                 0.5                    0     8.40915633363569                    0
                 0.5                    0     8.34657701196813                    0
                 0.5                    0     8.28067432310601                    0
                 0.5                    0     8.21164424927194                    0
                 0.5                    0     8.13972488126088                    0
                 0.5                    0     8.06519359779161                    0
                 0.5                    0     7.98836301577536                    0
                 0.5                    0      7.9095757162241                    0
                 0.5                    0     7.82919778476791                    0
                 0.5                    0     7.74761124223274                    0
                 0.5                    0     7.66520547938281                    0
                 0.5                    0     7.58236785075154                    0
                 0.5                    0     7.49947362539156                    0
                 0.5                    0      7.4168755370218                    0
                 0.5                    0     7.33489322157421                    0
                 0.5                    0     7.25380287491516                    0
                 0.5                    0     7.17382750490997                    0
                 0.5                    0      7.0951281862523                    0
                 0.5                    0     7.01779674870627                    0
                 0.5                    0     6.94185033380883                    0
                 0.5                    0      6.8672282353957                    0
                 0.5                    0     6.79379138954107                    0
                 0.5                    0     6.72132479480962                    0
                 0.5                    0     6.64954302152635                    0
                 0.5                    0     6.57809880981832                    0
                 0.5                    0      6.5065945654765                    0
                 0.5                    0     6.43459635008866                    0
                 0.5                    0     6.36164974222116                    0
                 0.5                    0     6.28729673888368                    0
                 0.5                    0     6.21109269341119                    0
                 0.5                    0     6.13262217067912                    0
                 0.5                    0     6.05151256522705                    0
                 0.5                    0      5.9674443900574                    0
                 0.5                    0      5.8801573139882                    0
                 0.5                    0     5.78945130404581                    0
                 0.5                    0     5.69518260544891                    0
                 0.5                    0     5.59725474193457                    0
                 0.5                    0       5.495605208598                    0
                 0.5                    0     5.39018901374098                    0
                 0.5                    0     5.28096065535884                    0
                 0.5                    0     5.16785644080067                    0
                 0.5                    0      5.0507792284284                    0
                 0.5                    0     4.92958765186531                    0
                 0.5                    0     4.80409166057838                    0
                 0.5                    0     4.67405577501389                    0
                 0.5                    0      4.5392108326295                    0
                 0.5                    0     4.39927423769868                    0
                 0.5                    0     4.25397788731598                    0
                 0.5                    0     4.10310210784067                    0
                 0.5                    0     3.94651318642939                    0
                 0.5                    0     3.78420150563914                    0
                 0.5                    0      3.6163169578216                    0
                 0.5                    0      3.4431982815848                    0
                 0.5                    0     3.26539324780612                    0
                 0.5                    0     3.08366721722347                    0
                 0.5                    0     2.89899845119643                    0
                 0.5                    0     2.71255960680117                    0
                 0.5                    0     2.52568598854902                    0
                 0.5                    0     2.33983225030871                    0
                 0.5                    0     2.15652023062931                    0
                 0.5                    0     1.97728136321986                    0
                 0.5                    0     1.80359755649662                    0
                 0.5                    0     1.63684453927657                    0
                 0.5                    0     1.47824141871955                    0
                 0.5                    0     1.32880962377494                    0
                 0.5                    0     1.18934357778903                    0
                 0.5                    0     1.06039444705618                    0
                 0.5                    0    0.942267250696271                    0
                 0.5                    0    0.835030595150091                    0
                 0.5                    0    0.738537407153149                    0
                 0.5                    0    0.652454355589431                    0
                 0.5                    0    0.576297221985101                    0
                 0.5                    0    0.509469319183637                    0
                 0.5                    0    0.451300157207803                    0
                 0.5                    0    0.401081879423389                    0
                 0.5                    0    0.358101487886002                    0
                 0.5                    0    0.321667480800749                    0
                 0.5                    0    0.291130171300488                    0
                 0.5                    0    0.265895583417948                    0
                 0.5                    0    0.245433375984201                    0
                 0.5                    0     0.22927968917839                    0
                 0.5                    0    0.217036117258911                    0
                 0.5                    0    0.208366174843722                    0
                 0.5                    0    0.202990646162888                    0
                 0.5                    0    0.200683100646457                    0
                 0.5                    0    0.201266645276354                    0
                 0.5                    0    0.204612690249245                    0
                 0.5                    0    0.210642157742633                    0
                 0.5                    0    0.219329192189257                    0
                 0.5                    0    0.230707061493458                    0
                 0.5                    0    0.244875597138234                    0
                 0.5                    0    0.262009229858875                    0
                 0.5                    0     0.28236445671258                    0
                 0.5                    0    0.306285442457011                    0
                 0.5                    0    0.334206427504875                    0
                 0.5                    0    0.366649696682289                    0
                 0.5                    0    0.404218062643626                    0
                 0.5                    0    0.447581133264521                    0
                 0.5                    0     0.49745505326176                    0
                 0.5                    0    0.554575916310585                    0
                 0.5                    0    0.619667604004019                    0
                 0.5                    0     0.69340538084706                    0
                 0.5                    0    0.776377110511394                    0
                 0.5                    0    0.869044403455386                    0
                 0.5                    0     0.97170630573855                    0
                 0.5                    0     1.08446824596695                    0
                 0.5                    0     1.20721883748368                    0
                 0.5                    0     1.33961677110868                    0
                 0.5                    0     1.48108943871997                    0
                 0.5                    0     1.63084413451797                    0
                 0.5                    0     1.78789174868353                    0
                 0.5                    0     1.95108187767923                    0
                 0.5                    0     2.11914732004456                    0
                 0.5                    0     2.29075510264944                    0
                 0.5                    0      2.4645605783235                    0
                 0.5                    0     2.63926082085613                    0
                 0.5                    0         2.8136435587                    0
                 0.5                    0     2.98662824136056                    0
                 0.5                    0     3.15729649354209                    0
                 0.5                    0     3.32491011947318                    0
                 0.5                    0     3.48891588477998                    0
                 0.5                    0     3.64893742073205                    0
                 0.5                    0     3.80475565619538                    0
                 0.5                    0     3.95628008472115                    0
                 0.5                    0     4.10351383550339                    0
                 0.5                    0     4.24651588265372                    0
                 0.5                    0     4.38536377503231                    0
                 0.5                    0     4.52012000977748                    0
                 0.5                    0     4.65080464812834                    0
                 0.5                    0     4.77737604776047                    0
                 0.5                    0     4.89972074297099                    0
                 0.5                    0     5.01765263006876                    0
                 0.5                    0     5.13092079424407                    0
                 0.5                    0     5.23922461822861                    0
                 0.5                    0     5.34223429627285                    0
                 0.5                    0     5.43961457137592                    0
                 0.5                    0     5.53104942804849                    0
                 0.5                    0     5.61626559397152                    0
                 0.5                    0     5.69505300005505                    0
                 0.5                    0     5.76728077448204                    0
                 0.5                    0     5.83290784967646                    0
                 0.5                    0     5.89198778761904                    0
                 0.5                    0     5.94466792847451                    0
                 0.5                    0     5.99118339860313                    0
                 0.5                    0     6.03184684690081                    0
                 0.5                    0     6.06703499642392                    0
                 0.5                    0     6.09717319790329                    0
                 0.5                    0     6.12271916120691                    0
                 0.5                    0     6.14414693742991                    0
                 0.5                    0     6.16193205150769                    0
                 0.5                    0     6.17653846927077                    0
                 0.5                    0     6.18840784957989                    0
                 0.5                    0     6.19795130461689                    0
                 0.5                    0     6.20554368789535                    0
                 0.5                    0     6.21152026275632                    0
                 0.5                    0     6.21617548082298                    0
                 0.5                    0     6.21976352151623                    0
                 0.5                    0     6.22250020727206                    0
                 0.5                    0     6.22456590837163                    0
                 0.5                    0     6.22610907825995                    0
                 0.5                    0     6.22725010622083                    0
                 0.5                    0     6.22808523100319                    0
                 0.5                    0     6.22869031926259                    0
                  54                    0     6.23011790758886                    0
                   0                    0     6.23011790758886                    0
