Q I dI dQ
0.0029689032449782098 0.08557909133692804 0.08425102915672746 0.0010470639774331392
0.0032088757757470594 0.33493008709711397 0.059968809033111775 0.0010492440220195882
0.0034682449694489344 0.33663253364198853 0.05547733401680909 0.0010517850072177368
0.0037485786327479177 0.29897394281047496 0.051321222762335465 0.001054745609932615
0.004051571296051481 0.2036074384014198 0.04747535612388775 0.00105819366833299
0.004379054456423398 0.3394905188936112 0.04391649351907589 0.0010622074830282284
0.004733007648417785 0.3052715633369055 0.04062312728016102 0.0010668772598245793
0.005115570409754071 0.30415894588933795 0.03757536221548914 0.0010723066950819617
0.0055290552141616725 0.35283461982575354 0.03475478523287493 0.001078614699263799
0.005975961449569428 0.30663382350984314 0.03214436476347748 0.001085937247138347
0.006458990526133614 0.3036450118172672 0.02972833795031362 0.0010944293341665135
0.006981062205427993 0.3097787838639892 0.02749212512686137 0.0011042670080087605
0.007545332249500647 0.2825129822391669 0.025422237143636717 0.00111564943221051
0.008155211496480883 0.308133535311032 0.023506197780295647 0.0011288009267987817
0.008814386478042153 0.3330413176104796 0.021732472775479204 0.0011439729190635178
0.009526841703347425 0.3473911423989645 0.02009039308276785 0.001161445729068678
0.010296883744176293 0.30621545471304756 0.018570104171775886 0.0011815301107766585
0.01112916726682128 0.320301704019401 0.01716249798199913 0.0012045684736488932
0.012028723168107826 0.3317655362853005 0.015859170512941983 0.0012309357235807483
0.013000988985611722 0.33411431467951613 0.014652368359443634 0.0012610396875889288
0.013000988985611722 0.31581490906592075 0.0133324972857434 0.002147209995990484
0.014051841765894248 0.31400728701566205 0.01048412617220701 0.0021675208158054345
0.014051841765894248 0.3044309601823005 0.013534948688165016 0.001295321123792392
0.015187633589433378 0.3240363789935026 0.00968271923549634 0.002191009291285045
0.015187633589433378 0.3183866134732267 0.012500336781693178 0.001334253364728875
0.016415229966988295 0.327280691390009 0.008940776888157802 0.002218133336086609
0.016415229966988295 0.2967577962036596 0.011542493329997114 0.0013783416932864065
0.01774205133949137 0.30911117921536874 0.0106558772667702 0.0014281225997354627
0.01774205133949137 0.3059820985071766 0.008254007038686239 0.0022494052176258166
0.01917611793232162 0.3001275216527969 0.009835416902623543 0.0014841631076912012
0.01917611793232162 0.3126243080807713 0.0076184811733735845 0.002285394890043879
0.020726098235089918 0.300386016131549 0.0070306078962362704 0.0023267327929350863
0.020726098235089918 0.3158260949297655 0.009076475765279144 0.001547060379077829
0.02240136139998123 0.3041436743365117 0.0064871069249753015 0.002374111976529169
0.02240136139998123 0.3119161005084719 0.008374819028498716 0.0016174418085026013
0.024212033875385695 0.3021426783667967 0.005984983459544952 0.002428289449548039
0.024212033875385695 0.29815967636772905 0.00772658042204815 0.0016959657949319753
0.026169060617151418 0.30662624349845385 0.005521492906962384 0.002490086704526087
0.026169060617151418 0.3100970286361309 0.008700809278907998 0.0017833233365967375
0.02828427124746191 0.3083891857012583 0.00509410558928714 0.0025603894555312344
0.02828427124746191 0.30301811519451244 0.010388085517820451 0.0018802405406725124
0.03057045156124839 0.29783581470211057 0.004700462097322335 0.0026401467189067127
0.03057045156124839 0.30130936398957914 0.012553099972642834 0.0019874820814655943
0.03304142081237099 0.3011182722683255 0.004338324609843089 0.0027303694681022374
0.03304142081237099 0.3087782149691776 0.017373899504982592 0.0021058555883863034
0.035712115246739916 0.28358632893382085 0.04996872392469926 0.002236216904687587
0.035712115246739916 0.30168901266976045 0.0040055241356441946 0.0028321291845566656
0.03859867838730863 0.2995934371463709 0.0036999117355091572 0.0029465566926258064
0.0417185586166838 0.29980874316774736 0.0034193237834841865 0.0030748416949206254
0.045090614647208836 0.2946755629360956 0.00316157135061072 0.0032182334082853387
0.048735229516055134 0.29742621951117876 0.002924469264206172 0.0033780426413153033
0.052674433794385946 0.29521343399926797 0.0019089099365064066 0.006338721516352649
0.052674433794385946 0.29921785605645057 0.002705907397582291 0.0035556455613553308
0.056932038755354526 0.297839388093642 0.001669303918061633 0.006451197637657481
0.056932038755354526 0.2945282621570569 0.002503955877092449 0.003752489287956903
0.06153378030589564 0.2962857059435061 0.0015446504852915165 0.006580156826644261
0.06153378030589564 0.2966387440862589 0.002316975727937275 0.003970099338725282
0.06650747455233393 0.29675283533961205 0.0014291228302685296 0.006727675921150852
0.06650747455233393 0.2922407577653777 0.0021436842454027947 0.004210088858462109
0.07188318594015501 0.2968941247477666 0.001322087476407927 0.006896011004249535
0.07188318594015501 0.2926661617875745 0.0019831312146118907 0.004474169494648647
0.07769340898429236 0.2973349269398365 0.0012666431761508426 0.007087597005058689
0.07769340898429236 0.29753512819578387 0.0018345659807293229 0.0047641637463704724
0.08397326468843358 0.29436930014920876 0.0012228309501051918 0.00730504539622655
0.08397326468843358 0.29491608972684824 0.0019817511298325674 0.005082018608490583
0.09076071284063958 0.2927017137750527 0.002404461921948474 0.005429820352611447
0.09076071284063958 0.29552850027043154 0.0011613374781180852 0.007551140587058332
0.09809678146853884 0.30441737487497256 0.002896456373436953 0.005809810323321395
0.09809678146853884 0.2938324887335084 0.001097344658975257 0.007828835871115068
0.10602581484108199 0.29844971878887927 0.0039214125864180955 0.006224401674398877
0.10602581484108199 0.294523778293278 0.0010336829661020698 0.00814124998437867
0.114595741515951 0.29667885715266745 0.0009715861167130771 0.008491665427374685
0.114595741515951 0.28607055185572094 0.009691106112522925 0.0066761970182570496
0.12385836405288624 0.2940926950698703 0.0009117861754276182 0.008883529679771312
0.13386967214416046 0.29456395118094253 0.0008546293495695031 0.009320460288799518
0.14469018105497397 0.2955842774143921 0.0008000503858892266 0.009806254566577705
0.15638529741954232 0.2957890601862347 0.0007483657881382961 0.010344904327483896
0.16902571460399735 0.29544290599738676 0.0006993568933649278 0.010940615784697646
0.18268784002594982 0.2958089050775435 0.0006531062070584151 0.011597834451214277
0.19745425701372998 0.2955857192692542 0.0006095507226827215 0.012321274688592189
0.21341422399709822 0.29434496794150145 0.0005684822432897781 0.01311595343250933
0.230664214046885 0.2950673524580827 0.0005299256708953719 0.013987227596771191
0.2493084980249047 0.295492497633335 0.0004937664872074829 0.014940834702619905
0.2694597748691106 0.2958531733450096 0.000459822315296755 0.015982936376897225
0.29123985282386344 0.2948852279291132 0.0004280245066458626 0.017120164488344403
0.3147803857331475 0.29534091518737837 0.00041967870801612055 0.018359669826483987
0.3402236688473911 0.2954703350325752 0.0004568674723410601 0.019709173357608252
0.3677234989543068 0.29556860466127577 0.0004561447100715587 0.02117702020847016
0.39744610403296704 0.2955870884631283 0.0004499145937959344 0.022772236626310453
0.42957114805059743 0.2955167696702066 0.00044152823469221873 0.02450459024351779
0.46429281697576213 0.2949371597471017 0.00043216879217391606 0.02638465403850802
0.501820992572569 0.2953604114067369 0.00042327963862711125 0.028423874434541623
0.5423825210711031 0.29421281359733115 0.00061740552864063 0.03063464401875318
0.5862225843828245 0.2941996901806544 0.0023503599854319914 0.0330303793980692
