Q I dI dQ
0.0029689032449782098 0.4171747743542539 0.08515521391521245 0.0010470639774331392
0.0032088757757470594 0.36349238854828925 0.06060697910417923 0.0010492440220195882
0.0034682449694489344 0.3120808422165532 0.056061890999748294 0.0010517850072177368
0.0037485786327479177 0.37775245512949607 0.051855737548368176 0.001054745609932615
0.004051571296051481 0.28919137663353445 0.04796311029033451 0.00105819366833299
0.004379054456423398 0.3315482713185039 0.04436050156837009 0.0010622074830282284
0.004733007648417785 0.3432571071071434 0.041026153084455105 0.0010668772598245793
0.005115570409754071 0.3176528867407512 0.03793994708923312 0.0010723066950819617
0.0055290552141616725 0.2969605673706809 0.03508325861146062 0.001078614699263799
0.005975961449569428 0.35158686600996086 0.03243887192758416 0.001085937247138347
0.006458990526133614 0.31289737805402307 0.029990858408329386 0.0010944293341665135
0.006981062205427993 0.3290506030489751 0.027724491961781735 0.0011042670080087605
0.007545332249500647 0.28983625834871307 0.02562615983075166 0.00111564943221051
0.008155211496480883 0.32395588701827327 0.023683288203397594 0.0011288009267987817
0.008814386478042153 0.3309315285641247 0.021884265777387415 0.0011439729190635178
0.009526841703347425 0.2881724301200571 0.020218376388481868 0.001161445729068678
0.010296883744176293 0.34884905908771324 0.018675745228190523 0.0011815301107766585
0.01112916726682128 0.3265550599059412 0.017247278229055973 0.0012045684736488932
0.012028723168107826 0.3261531790061864 0.015924613512123247 0.0012309357235807483
0.013000988985611722 0.30795147038791826 0.014700074123719214 0.0012610396875889288
0.013000988985611722 0.3263849463294419 0.013375905761227748 0.002147209995990484
0.014051841765894248 0.3126722323871761 0.01050866266967576 0.0021675208158054345
0.014051841765894248 0.33104409397566464 0.013566625170188593 0.001295321123792392
0.015187633589433378 0.31801966282112526 0.009696267302489835 0.002191009291285045
0.015187633589433378 0.31931962944646913 0.012517827260972883 0.001334253364728875
0.016415229966988295 0.317304437974651 0.008944882319676753 0.002218133336086609
0.016415229966988295 0.33081389335782185 0.011547793419297745 0.0013783416932864065
0.01774205133949137 0.31752100825415647 0.01065114044925108 0.0014281225997354627
0.01774205133949137 0.30368080644145656 0.008250337915613123 0.0022494052176258166
0.01917611793232162 0.30043970424430666 0.00982293869456436 0.0014841631076912012
0.01917611793232162 0.30013387518228046 0.007608815594972838 0.002285394890043879
0.020726098235089918 0.3095249085157247 0.0070168001877508775 0.0023267327929350863
0.020726098235089918 0.2978734670150991 0.009058650090274742 0.001547060379077829
0.02240136139998123 0.30582742173206023 0.006471028693512921 0.002374111976529169
0.02240136139998123 0.29810054416848514 0.008354062120935294 0.0016174418085026013
0.024212033875385695 0.3093030572782404 0.005968433639335415 0.002428289449548039
0.024212033875385695 0.31258357369768275 0.007705214696030061 0.0016959657949319753
0.026169060617151418 0.3047864062001396 0.005506084578275804 0.002490086704526087
0.026169060617151418 0.3042493780956059 0.008676528720829293 0.0017833233365967375
0.02828427124746191 0.29711021948958133 0.005081133471230041 0.0025603894555312344
0.02828427124746191 0.30353359228506954 0.010361632302557738 0.0018802405406725124
0.03057045156124839 0.29291280284434723 0.004690775580386576 0.0026401467189067127
0.03057045156124839 0.2833595572643784 0.01252723106593459 0.0019874820814655943
0.03304142081237099 0.298768491872065 0.004332233963375461 0.0027303694681022374
0.03304142081237099 0.30448578307536467 0.01734950799693157 0.0021058555883863034
0.035712115246739916 0.29419053337335527 0.04993445034533518 0.002236216904687587
0.035712115246739916 0.29679407525842433 0.004002776744104549 0.0028321291845566656
0.03859867838730863 0.2987160428426868 0.0036997668893862874 0.0029465566926258064
0.0417185586166838 0.2933148233630226 0.003420734826712784 0.0030748416949206254
0.045090614647208836 0.29636837094523505 0.0031634478993338164 0.0032182334082853387
0.048735229516055134 0.2965359863265288 0.002925948823641717 0.0033780426413153033
0.052674433794385946 0.29695579403243433 0.0019093603787098865 0.006338721516352649
0.052674433794385946 0.29529473012796487 0.0027065459059096193 0.0035556455613553308
0.056932038755354526 0.2955518996287072 0.0016691750465651844 0.006451197637657481
0.056932038755354526 0.29359558212527154 0.002503762569847777 0.003752489287956903
0.06153378030589564 0.29681206042802427 0.0015441860352473642 0.006580156826644261
0.06153378030589564 0.2932956747148643 0.0023162790528710457 0.003970099338725282
0.06650747455233393 0.2966778517827933 0.0014285986843535095 0.006727675921150852
0.06650747455233393 0.2942322180209313 0.0021428980265302644 0.004210088858462109
0.07188318594015501 0.29709598892466876 0.0013216886672720348 0.006896011004249535
0.07188318594015501 0.2916368056538695 0.0019825330009080526 0.004474169494648647
0.07769340898429236 0.29374109974740226 0.0012663884207711434 0.007087597005058689
0.07769340898429236 0.2945289797446802 0.001834197001081539 0.0047641637463704724
0.08397326468843358 0.29492625216916524 0.0012226335730410216 0.00730504539622655
0.08397326468843358 0.29432028102452457 0.0019814312555115187 0.005082018608490583
0.09076071284063958 0.29562133896836584 0.002403977561866239 0.005429820352611447
0.09076071284063958 0.29526506312745054 0.0011611035357498292 0.007551140587058332
0.09809678146853884 0.29768772743060046 0.0028957210479146566 0.005809810323321395
0.09809678146853884 0.2957384761754211 0.0010970660752748773 0.007828835871115068
0.10602581484108199 0.30029015529556313 0.00392041585245725 0.006224401674398877
0.10602581484108199 0.29689741146569404 0.0010334202273837236 0.00814124998437867
0.114595741515951 0.2953721751705761 0.0009713679074465794 0.008491665427374685
0.114595741515951 0.30598130623380404 0.009688929579614532 0.0066761970182570496
0.12385836405288624 0.29478402423427924 0.0009115821303990404 0.008883529679771312
0.13386967214416046 0.294790095863718 0.0008544216800616516 0.009320460288799518
0.14469018105497397 0.2971743046116674 0.000799859607524947 0.009806254566577705
0.15638529741954232 0.29533556258829935 0.0007481928416960757 0.010344904327483896
0.16902571460399735 0.296324684666526 0.0006991892790947143 0.010940615784697646
0.18268784002594982 0.29539103268314654 0.0006529520149284638 0.011597834451214277
0.19745425701372998 0.29632349729603796 0.0006094066597591659 0.012321274688592189
0.21341422399709822 0.2958757951197585 0.0005683470840686818 0.01311595343250933
0.230664214046885 0.2955482279182083 0.0005298003464286565 0.013987227596771191
0.2493084980249047 0.2952887410187628 0.0004936492909781753 0.014940834702619905
0.2694597748691106 0.2961830386156938 0.00045971322208867416 0.015982936376897225
0.29123985282386344 0.2954544555806936 0.00042792315165664403 0.017120164488344403
0.3147803857331475 0.29513325423004494 0.0004195790542421148 0.018359669826483987
0.3402236688473911 0.2955102935671236 0.0004567590570778192 0.019709173357608252
0.3677234989543068 0.2952324013141948 0.00045603655828333704 0.02117702020847016
0.39744610403296704 0.2956886979969115 0.00044980791915886093 0.022772236626310453
0.42957114805059743 0.29532118823259274 0.0004414235261934217 0.02450459024351779
0.46429281697576213 0.2961285947761111 0.0004320663032685645 0.02638465403850802
0.501820992572569 0.29609961042219685 0.00042317923644097165 0.028423874434541623
0.5423825210711031 0.29615969722807056 0.0006172590796760371 0.03063464401875318
0.5862225843828245 0.2973916106117547 0.002349802360139426 0.0330303793980692
