# Q dQ R dR fit
0.008 0.000101125 0.965229 0.0235093 1
0.00900001 0.000113765 0.988633 0.0224669 1
0.01 0.000126406 0.998531 0.0227474 1
0.011 0.000139046 0.99539 0.0233611 1
0.012 0.000151687 0.999412 0.022328 1
0.013 0.000164327 1.00252 0.0224676 1
0.014 0.000176968 0.971401 0.0223604 0.943391
0.015 0.000189608 0.251903 0.0056877 0.248555
0.016 0.000202248 0.0685842 0.00164161 0.0718191
0.017 0.000214889 0.0507797 0.00125882 0.0449703
0.018 0.000227529 0.0462684 0.00111372 0.0404936
0.019 0.000240169 0.0450149 0.0010603 0.0395814
0.02 0.000252809 0.0431336 0.00106378 0.0388571
0.021 0.00026545 0.041284 0.000982694 0.037566
0.0219999 0.000278089 0.0377658 0.000882407 0.0356315
0.023 0.00029073 0.0355254 0.00082199 0.0331695
0.0240001 0.000303371 0.0315404 0.000759897 0.0303411
0.025 0.000316009 0.0277673 0.000630214 0.0273091
0.0273999 0.000346345 0.0193041 0.000471847 0.0199581
0.0298 0.000376682 0.0124399 0.000305458 0.0134694
0.0321999 0.000407015 0.00764843 0.000194966 0.00845693
0.0346 0.000437351 0.00429096 0.000118529 0.00504378
0.037 0.000467686 0.00269389 7.86138e-05 0.00303667
0.0394 0.00049802 0.00201338 6.05705e-05 0.00208648
0.0418 0.000528354 0.00193049 5.72472e-05 0.00181116
0.0441999 0.000558686 0.00212492 6.00152e-05 0.00187514
0.0466001 0.00058902 0.00227281 6.14998e-05 0.0020296
0.0489999 0.00061935 0.0023221 6.17518e-05 0.00212227
0.0513999 0.000649682 0.00225106 5.95355e-05 0.00208702
0.0537999 0.000680013 0.00197973 5.19462e-05 0.00192217
0.0562001 0.000710345 0.00164606 4.40245e-05 0.00166522
0.0586 0.000740673 0.00124539 3.36076e-05 0.00136945
0.061 0.000771002 0.000974114 2.74866e-05 0.00108533
0.0634 0.00080133 0.000793227 2.29593e-05 0.000849152
0.0657999 0.000831657 0.000643432 1.8893e-05 0.000678168
0.0682 0.000861985 0.00055477 1.64344e-05 0.00057167
0.0706001 0.000892311 0.000558586 1.61238e-05 0.000515983
0.073 0.000922636 0.000522461 1.53153e-05 0.000491106
0.0753999 0.000952959 0.000501398 1.44116e-05 0.000477179
0.0778 0.000983284 0.000480885 1.36492e-05 0.00045921
0.0801999 0.00101361 0.000443063 1.25998e-05 0.000429392
0.0826001 0.00104393 0.000385022 1.12356e-05 0.000387001
0.0849999 0.00107425 0.000331286 9.74454e-06 0.000336516
0.0874001 0.00110457 0.000267251 8.10181e-06 0.000284788
0.0898 0.00113489 0.000233904 7.21461e-06 0.000238357
0.0922 0.00116521 0.00020137 6.42e-06 0.000201439
0.0946 0.00119552 0.000176805 5.68317e-06 0.000175149
0.097 0.00122584 0.000170404 5.40758e-06 0.000157791
0.0994 0.00125615 0.000151982 4.89327e-06 0.00014594
0.1018 0.00128646 0.000138465 4.51515e-06 0.000135813
0.1042 0.00131678 0.000128267 4.19572e-06 0.000124468
0.1066 0.00134709 0.000105512 3.5825e-06 0.000110503
0.109 0.0013774 8.66523e-05 3.08132e-06 9.41539e-05
0.1114 0.00140771 6.71169e-05 2.57767e-06 7.68632e-05
0.1138 0.00143801 5.29091e-05 2.18934e-06 6.05933e-05
0.1162 0.00146832 4.32626e-05 1.90518e-06 4.70834e-05
0.1186 0.00149862 3.90329e-05 1.76008e-06 3.73354e-05
0.121 0.00152893 3.42919e-05 1.60993e-06 3.14031e-05
0.1234 0.00155923 3.52891e-05 1.59824e-06 2.8502e-05
0.1258 0.00158953 3.29817e-05 1.50273e-06 2.73508e-05
0.1282 0.00161983 3.33045e-05 1.47962e-06 2.65958e-05
0.1306 0.00165013 2.53839e-05 1.26505e-06 2.5186e-05
0.133 0.00168042 2.25717e-05 1.17077e-06 2.25953e-05
0.1354 0.00171072 1.53128e-05 9.65758e-07 1.88608e-05
0.1378 0.00174101 9.98339e-06 8.10693e-07 1.44545e-05
0.1402 0.0017713 7.3919e-06 7.24221e-07 1.00597e-05
0.1426 0.00180159 4.64966e-06 6.36179e-07 6.32696e-06
0.145 0.00183188 4.30321e-06 6.09697e-07 3.68622e-06
0.1474 0.00186217 3.57372e-06 5.76044e-07 2.25555e-06
0.1498 0.00189245 4.25846e-06 5.76379e-07 1.85517e-06
0.1522 0.00192274 3.05504e-06 5.31912e-07 2.10637e-06
0.1546 0.00195302 3.50542e-06 5.27575e-07 2.57e-06
0.157 0.0019833 3.51592e-06 5.13428e-07 2.87934e-06
0.1594 0.00201357 1.87022e-06 4.62691e-07 2.82908e-06
0.1618 0.00204385 1.78523e-06 4.47702e-07 2.40036e-06
0.1642 0.00207412 1.03966e-06 4.19617e-07 1.72625e-06
0.1666 0.0021044 6.24731e-07 3.9902e-07 1.01702e-06
0.169 0.00213467 7.98647e-08 3.76354e-07 4.74145e-07
0.1714 0.00216493 7.81274e-07 3.80895e-07 2.21982e-07
0.1738 0.0021952 8.58951e-07 3.71402e-07 2.75344e-07
0.1762 0.00222547 9.8776e-07 3.64508e-07 5.48159e-07
0.1786 0.00225573 8.74736e-07 3.54077e-07 8.94733e-07
0.181 0.00228599 1.07712e-06 3.49913e-07 1.16563e-06
0.1834 0.00231625 1.03547e-06 3.42472e-07 1.25826e-06
0.1858 0.0023465 5.09278e-07 3.27477e-07 1.14632e-06
0.1882 0.00237676 2.06373e-07 3.16573e-07 8.80997e-07
0.1906 0.00240701 2.7264e-07 3.13116e-07 5.66635e-07
0.193 0.00243726 2.25869e-07 3.06607e-07 3.21582e-07
0.1954 0.00246751 4.42555e-07 3.04171e-07 2.38003e-07
0.1978 0.00249775 7.10248e-07 3.02344e-07 3.53449e-07
0.2002 0.002528 1.52401e-06 3.09529e-07 6.41939e-07
0.2026 0.00255824 1.69892e-06 3.05388e-07 1.02505e-06
0.205 0.00258847 2.13505e-06 3.05748e-07 1.39808e-06
0.2074 0.00261871 1.56763e-06 2.89537e-07 1.66243e-06
0.2098 0.00264894 1.23256e-06 2.77606e-07 1.7529e-06
0.2122 0.00267917 3.82259e-07 2.58186e-07 1.65424e-06
0.2146 0.00270941 3.12693e-07 2.51687e-07 1.40207e-06
0.217 0.00273963 5.92924e-07 2.50275e-07 1.06994e-06
0.2194 0.00276986 2.59066e-07 2.40097e-07 7.46962e-07
0.221799 0.00280006 6.74367e-07 2.40773e-07 5.13376e-07
0.2242 0.00283029 1.02956e-06 2.39773e-07 4.19597e-07
0.226601 0.00286052 1.14064e-06 2.35831e-07 4.76148e-07
0.228999 0.00289071 1.79617e-06 2.40643e-07 6.53063e-07
0.231399 0.00292092 1.49952e-06 2.31508e-07 8.9175e-07
0.233799 0.00295113 1.47207e-06 2.27156e-07 1.12142e-06
0.236199 0.00298134 1.53475e-06 2.24475e-07 1.2788e-06
0.238601 0.00301156 8.65191e-07 2.11617e-07 1.3236e-06
0.241 0.00304175 6.7174e-07 2.0596e-07 1.24758e-06
0.243399 0.00307194 5.21569e-07 2.00691e-07 1.07825e-06
0.2458 0.00310215 3.85404e-07 1.95724e-07 8.76048e-07
0.248199 0.00313232 1.54079e-07 1.8989e-07 7.04654e-07
0.2506 0.00316252 1.11902e-07 1.86346e-07 5.87659e-07
