Model 0x104166290
  size 375 out of 409
  interface=0x104166330
  repeats=0 at 0x1041662c4
  # d(0x7fdd2900ed90) rho(0x7fdd2900e0c8) mu(0x7fdd2900d400) rough(0x7fdd2900fa58)
  0 0 2.07e-06 0 3
  1 27.1386 3.33859e-06 0 3
  2 12.0045 3.8062e-06 0 3
  3 147.085 4.43664e-06 0 21.5549
  4 0.5 4.43664e-06 0 0
  5 0.5 4.43664e-06 0 0
  6 0.5 4.43664e-06 0 0
  7 0.5 4.43664e-06 0 0
  8 0.5 4.43663e-06 0 0
  9 0.5 4.43663e-06 0 0
  10 0.5 4.43663e-06 0 0
  11 0.5 4.43662e-06 0 0
  12 0.5 4.4366e-06 0 0
  13 0.5 4.43657e-06 0 0
  14 0.5 4.43651e-06 0 0
  15 0.5 4.43641e-06 0 0
  16 0.5 4.43624e-06 0 0
  17 0.5 4.43309e-06 0 0
  18 0.5 4.43435e-06 0 0
  19 0.5 4.43435e-06 0 0
  20 0.5 4.43353e-06 0 0
  21 0.5 4.43195e-06 0 0
  22 0.5 4.42947e-06 0 0
  23 0.5 4.42581e-06 0 0
  24 0.5 4.42051e-06 0 0
  25 0.5 4.41303e-06 0 0
  26 0.5 4.40263e-06 0 0
  27 0.5 4.38846e-06 0 0
  28 0.5 4.36945e-06 0 0
  29 0.5 4.34443e-06 0 0
  30 0.5 4.31204e-06 0 0
  31 0.5 4.27084e-06 0 0
  32 0.5 4.21935e-06 0 0
  33 0.5 4.15608e-06 0 0
  34 0.5 4.07966e-06 0 0
  35 0.5 3.98895e-06 0 0
  36 0.5 3.8831e-06 0 0
  37 0.5 3.76167e-06 0 0
  38 0.5 3.62473e-06 0 0
  39 0.5 3.47289e-06 0 0
  40 0.5 3.30736e-06 0 0
  41 0.5 3.12992e-06 0 0
  42 0.5 2.94285e-06 0 0
  43 0.5 2.74888e-06 0 0
  44 0.5 2.55102e-06 0 0
  45 0.5 2.3524e-06 0 0
  46 0.5 2.15615e-06 0 0
  47 0.5 1.96516e-06 0 0
  48 0.5 1.78201e-06 0 0
  49 0.5 1.60879e-06 0 0
  50 0.5 1.44704e-06 0 0
  51 0.5 1.29771e-06 0 0
  52 0.5 1.16119e-06 0 0
  53 0.5 1.03732e-06 0 0
  54 0.5 9.25496e-07 0 0
  55 0.5 8.24784e-07 0 0
  56 0.5 7.34006e-07 0 0
  57 0.5 6.51876e-07 0 0
  58 0.5 5.77101e-07 0 0
  59 0.5 5.08466e-07 0 0
  60 0.5 4.44903e-07 0 0
  61 0.5 3.85528e-07 0 0
  62 0.5 3.29659e-07 0 0
  63 0.5 2.76815e-07 0 0
  64 0.5 2.26693e-07 0 0
  65 0.5 1.79138e-07 0 0
  66 0.5 1.34105e-07 0 0
  67 0.5 9.16207e-08 0 0
  68 0.5 5.17462e-08 0 0
  69 0.5 1.45467e-08 0 0
  70 0.5 -1.9933e-08 0 0
  71 0.5 -5.16842e-08 0 0
  72 0.5 -8.0743e-08 0 0
  73 0.5 -1.07192e-07 0 0
  74 0.5 -1.31155e-07 0 0
  75 0.5 -1.52792e-07 0 0
  76 0.5 -1.72285e-07 0 0
  77 0.5 -1.89831e-07 0 0
  78 0.5 -2.05627e-07 0 0
  79 0.5 -2.19863e-07 0 0
  80 0.5 -2.32712e-07 0 0
  81 0.5 -2.44325e-07 0 0
  82 0.5 -2.54826e-07 0 0
  83 0.5 -2.64313e-07 0 0
  84 0.5 -2.72853e-07 0 0
  85 0.5 -2.8049e-07 0 0
  86 0.5 -2.87242e-07 0 0
  87 0.5 -2.93103e-07 0 0
  88 0.5 -2.9805e-07 0 0
  89 0.5 -3.02042e-07 0 0
  90 0.5 -3.05024e-07 0 0
  91 0.5 -3.06927e-07 0 0
  92 0.5 -3.07669e-07 0 0
  93 0.5 -3.07154e-07 0 0
  94 0.5 -3.05274e-07 0 0
  95 0.5 -3.01909e-07 0 0
  96 0.5 -2.96921e-07 0 0
  97 0.5 -2.90162e-07 0 0
  98 0.5 -2.81471e-07 0 0
  99 0.5 -2.7068e-07 0 0
  100 0.5 -2.57615e-07 0 0
  101 0.5 -2.42106e-07 0 0
  102 0.5 -2.23995e-07 0 0
  103 0.5 -2.03149e-07 0 0
  104 0.5 -1.79472e-07 0 0
  105 0.5 -1.52918e-07 0 0
  106 0.5 -1.23509e-07 0 0
  107 0.5 -9.13494e-08 0 0
  108 0.5 -5.66361e-08 0 0
  109 0.5 -1.96715e-08 0 0
  110 0.5 1.9131e-08 0 0
  111 0.5 5.92459e-08 0 0
  112 0.5 1.00039e-07 0 0
  113 0.5 1.4078e-07 0 0
  114 0.5 1.80654e-07 0 0
  115 0.5 2.18792e-07 0 0
  116 0.5 2.54291e-07 0 0
  117 0.5 2.86247e-07 0 0
  118 0.5 3.13791e-07 0 0
  119 0.5 3.36122e-07 0 0
  120 0.5 3.5254e-07 0 0
  121 0.5 3.62473e-07 0 0
  122 0.5 3.65508e-07 0 0
  123 0.5 3.61405e-07 0 0
  124 0.5 3.50111e-07 0 0
  125 0.5 3.31766e-07 0 0
  126 0.5 3.06694e-07 0 0
  127 0.5 2.75397e-07 0 0
  128 0.5 2.38528e-07 0 0
  129 0.5 1.96875e-07 0 0
  130 0.5 1.51323e-07 0 0
  131 0.5 1.02823e-07 0 0
  132 0.5 5.23557e-08 0 0
  133 0.5 8.98448e-10 0 0
  134 0.5 -5.061e-08 0 0
  135 0.5 -1.01298e-07 0 0
  136 0.5 -1.50388e-07 0 0
  137 0.5 -1.97212e-07 0 0
  138 0.5 -2.41227e-07 0 0
  139 0.5 -2.82022e-07 0 0
  140 0.5 -3.19315e-07 0 0
  141 0.5 -3.52952e-07 0 0
  142 0.5 -3.82892e-07 0 0
  143 0.5 -4.09196e-07 0 0
  144 0.5 -4.32008e-07 0 0
  145 0.5 -4.51541e-07 0 0
  146 0.5 -4.68054e-07 0 0
  147 0.5 -4.8184e-07 0 0
  148 0.5 -4.93204e-07 0 0
  149 0.5 -5.02454e-07 0 0
  150 0.5 -5.09892e-07 0 0
  151 0.5 -5.15796e-07 0 0
  152 0.5 -5.20426e-07 0 0
  153 0.5 -5.24011e-07 0 0
  154 0.5 -5.26753e-07 0 0
  155 0.5 -5.28823e-07 0 0
  156 0.5 -5.30368e-07 0 0
  157 0.5 -5.31506e-07 0 0
  158 0.5 -5.32334e-07 0 0
  159 0.5 -5.32929e-07 0 0
  160 0.5 -5.33351e-07 0 0
  161 0.5 -5.33647e-07 0 0
  162 0.5 -5.34264e-07 0 0
  163 0.5 -5.34264e-07 0 0
  164 0.5 -5.34264e-07 0 0
  165 0.5 -5.34264e-07 0 0
  166 0.5 -5.34264e-07 0 0
  167 0.5 -5.34264e-07 0 0
  168 0.5 -5.34264e-07 0 0
  169 0.5 -5.34264e-07 0 0
  170 0.5 -5.34264e-07 0 0
  171 0.5 -5.34264e-07 0 0
  172 0.5 -5.34264e-07 0 0
  173 0.5 -5.34264e-07 0 0
  174 0.5 -5.34264e-07 0 0
  175 0.5 -5.34264e-07 0 0
  176 0.5 -5.34264e-07 0 0
  177 0.5 -5.34264e-07 0 0
  178 0.5 -5.34264e-07 0 0
  179 0.5 -5.34264e-07 0 0
  180 0.5 -5.34264e-07 0 0
  181 0.5 -5.34264e-07 0 0
  182 0.5 -5.34264e-07 0 0
  183 0.5 -5.34264e-07 0 0
  184 0.5 -5.34264e-07 0 0
  185 0.5 -5.34264e-07 0 0
  186 0.5 -5.34264e-07 0 0
  187 0.5 -5.34264e-07 0 0
  188 0.5 -5.34264e-07 0 0
  189 0.5 -5.34264e-07 0 0
  190 0.5 -5.34264e-07 0 0
  191 0.5 -5.34264e-07 0 0
  192 0.5 -5.34264e-07 0 0
  193 0.5 -5.34264e-07 0 0
  194 0.5 -5.34264e-07 0 0
  195 0.5 -5.34264e-07 0 0
  196 0.5 -5.34264e-07 0 0
  197 0.5 -5.34264e-07 0 0
  198 0.5 -5.34264e-07 0 0
  199 0.5 -5.34264e-07 0 0
  200 0.5 -5.34264e-07 0 0
  201 0.5 -5.34264e-07 0 0
  202 0.5 -5.34264e-07 0 0
  203 0.5 -5.34264e-07 0 0
  204 0.5 -5.34264e-07 0 0
  205 0.5 -5.34264e-07 0 0
  206 0.5 -5.34264e-07 0 0
  207 0.5 -5.34264e-07 0 0
  208 0.5 -5.34264e-07 0 0
  209 0.5 -5.34264e-07 0 0
  210 0.5 -5.34264e-07 0 0
  211 0.5 -5.34264e-07 0 0
  212 0.5 -5.34264e-07 0 0
  213 0.5 -5.34264e-07 0 0
  214 0.5 -5.34264e-07 0 0
  215 0.5 -5.34264e-07 0 0
  216 0.5 -5.34264e-07 0 0
  217 0.5 -5.34264e-07 0 0
  218 0.5 -5.34264e-07 0 0
  219 0.5 -5.34264e-07 0 0
  220 0.5 -5.34264e-07 0 0
  221 0.5 -5.34264e-07 0 0
  222 0.5 -5.34264e-07 0 0
  223 0.5 -5.34264e-07 0 0
  224 0.5 -5.34264e-07 0 0
  225 0.5 -5.34264e-07 0 0
  226 0.5 -5.34264e-07 0 0
  227 0.5 -5.34264e-07 0 0
  228 0.5 -5.34264e-07 0 0
  229 0.5 -5.34264e-07 0 0
  230 0.5 -5.34264e-07 0 0
  231 0.5 -5.34264e-07 0 0
  232 0.5 -5.34264e-07 0 0
  233 0.5 -5.34264e-07 0 0
  234 0.5 -5.34264e-07 0 0
  235 0.5 -5.34264e-07 0 0
  236 0.5 -5.34264e-07 0 0
  237 0.5 -5.34264e-07 0 0
  238 0.5 -5.34264e-07 0 0
  239 0.5 -5.34264e-07 0 0
  240 0.5 -5.34264e-07 0 0
  241 0.5 -5.34264e-07 0 0
  242 0.5 -5.34264e-07 0 0
  243 0.5 -5.34264e-07 0 0
  244 0.5 -5.34264e-07 0 0
  245 0.5 -5.34264e-07 0 0
  246 0.5 -5.34264e-07 0 0
  247 0.5 -5.34264e-07 0 0
  248 0.5 -5.34264e-07 0 0
  249 0.5 -5.34264e-07 0 0
  250 0.5 -5.34264e-07 0 0
  251 0.5 -5.34264e-07 0 0
  252 0.5 -5.34264e-07 0 0
  253 0.5 -5.34264e-07 0 0
  254 0.5 -5.34264e-07 0 0
  255 0.5 -5.34264e-07 0 0
  256 0.5 -5.34264e-07 0 0
  257 0.5 -5.34264e-07 0 0
  258 0.5 -5.34264e-07 0 0
  259 0.5 -5.34264e-07 0 0
  260 0.5 -5.34264e-07 0 0
  261 0.5 -5.34264e-07 0 0
  262 0.5 -5.34264e-07 0 0
  263 0.5 -5.34264e-07 0 0
  264 0.5 -5.34264e-07 0 0
  265 0.5 -5.34264e-07 0 0
  266 0.5 -5.34264e-07 0 0
  267 0.5 -5.34264e-07 0 0
  268 0.5 -5.34264e-07 0 0
  269 0.5 -5.34264e-07 0 0
  270 0.5 -5.34264e-07 0 0
  271 0.5 -5.34264e-07 0 0
  272 0.5 -5.34264e-07 0 0
  273 0.5 -5.34264e-07 0 0
  274 0.5 -5.34264e-07 0 0
  275 0.5 -5.34264e-07 0 0
  276 0.5 -5.34264e-07 0 0
  277 0.5 -5.34264e-07 0 0
  278 0.5 -5.34264e-07 0 0
  279 0.5 -5.34264e-07 0 0
  280 0.5 -5.34264e-07 0 0
  281 0.5 -5.34264e-07 0 0
  282 0.5 -5.34264e-07 0 0
  283 0.5 -5.34264e-07 0 0
  284 0.5 -5.34264e-07 0 0
  285 0.5 -5.34264e-07 0 0
  286 0.5 -5.34264e-07 0 0
  287 0.5 -5.34264e-07 0 0
  288 0.5 -5.34264e-07 0 0
  289 0.5 -5.34264e-07 0 0
  290 0.5 -5.34264e-07 0 0
  291 0.5 -5.34264e-07 0 0
  292 0.5 -5.34264e-07 0 0
  293 0.5 -5.34264e-07 0 0
  294 0.5 -5.34264e-07 0 0
  295 0.5 -5.34264e-07 0 0
  296 0.5 -5.34264e-07 0 0
  297 0.5 -5.34264e-07 0 0
  298 0.5 -5.34264e-07 0 0
  299 0.5 -5.34264e-07 0 0
  300 0.5 -5.34264e-07 0 0
  301 0.5 -5.34264e-07 0 0
  302 0.5 -5.34264e-07 0 0
  303 0.5 -5.34264e-07 0 0
  304 0.5 -5.34264e-07 0 0
  305 0.5 -5.34264e-07 0 0
  306 0.5 -5.34264e-07 0 0
  307 0.5 -5.34264e-07 0 0
  308 0.5 -5.34264e-07 0 0
  309 0.5 -5.34264e-07 0 0
  310 0.5 -5.34264e-07 0 0
  311 0.5 -5.34264e-07 0 0
  312 0.5 -5.34264e-07 0 0
  313 0.5 -5.34264e-07 0 0
  314 0.5 -5.34264e-07 0 0
  315 0.5 -5.34264e-07 0 0
  316 0.5 -5.34264e-07 0 0
  317 0.5 -5.34264e-07 0 0
  318 0.5 -5.34264e-07 0 0
  319 0.5 -5.34264e-07 0 0
  320 0.5 -5.34264e-07 0 0
  321 0.5 -5.34264e-07 0 0
  322 0.5 -5.34264e-07 0 0
  323 0.5 -5.34264e-07 0 0
  324 0.5 -5.34264e-07 0 0
  325 0.5 -5.34264e-07 0 0
  326 0.5 -5.34264e-07 0 0
  327 0.5 -5.34264e-07 0 0
  328 0.5 -5.34264e-07 0 0
  329 0.5 -5.34264e-07 0 0
  330 0.5 -5.34264e-07 0 0
  331 0.5 -5.34264e-07 0 0
  332 0.5 -5.34264e-07 0 0
  333 0.5 -5.34264e-07 0 0
  334 0.5 -5.34264e-07 0 0
  335 0.5 -5.34264e-07 0 0
  336 0.5 -5.34264e-07 0 0
  337 0.5 -5.34264e-07 0 0
  338 0.5 -5.34264e-07 0 0
  339 0.5 -5.34264e-07 0 0
  340 0.5 -5.34264e-07 0 0
  341 0.5 -5.34264e-07 0 0
  342 0.5 -5.34264e-07 0 0
  343 0.5 -5.34264e-07 0 0
  344 0.5 -5.34264e-07 0 0
  345 0.5 -5.34264e-07 0 0
  346 0.5 -5.34264e-07 0 0
  347 0.5 -5.34264e-07 0 0
  348 0.5 -5.34264e-07 0 0
  349 0.5 -5.34264e-07 0 0
  350 0.5 -5.34264e-07 0 0
  351 0.5 -5.34264e-07 0 0
  352 0.5 -5.34264e-07 0 0
  353 0.5 -5.34264e-07 0 0
  354 0.5 -5.34264e-07 0 0
  355 0.5 -5.34264e-07 0 0
  356 0.5 -5.34264e-07 0 0
  357 0.5 -5.34264e-07 0 0
  358 0.5 -5.34264e-07 0 0
  359 0.5 -5.34264e-07 0 0
  360 0.5 -5.34264e-07 0 0
  361 0.5 -5.34264e-07 0 0
  362 0.5 -5.34264e-07 0 0
  363 0.5 -5.34264e-07 0 0
  364 0.5 -5.34264e-07 0 0
  365 0.5 -5.34264e-07 0 0
  366 0.5 -5.34264e-07 0 0
  367 0.5 -5.34264e-07 0 0
  368 0.5 -5.34264e-07 0 0
  369 0.5 -5.34264e-07 0 0
  370 0.5 -5.34264e-07 0 0
  371 0.5 -5.34264e-07 0 0
  372 0.5 -5.34264e-07 0 0
  373 0.5 -5.34264e-07 0 0
  374 100 -5.34264e-07 0 0
