Model 0x10eb0a7f0
  size 375 out of 409
  interface=0x10eb0a890
  repeats=0 at 0x10eb0a824
  # d(0x7fa290814790) rho(0x7fa290813ac8) mu(0x7fa290812e00) rough(0x7fa290815458)
  0 0 2.07e-06 0 3
  1 27.1386 3.33859e-06 0 3
  2 12.0045 3.8062e-06 0 3
  3 140.085 4.43664e-06 0 21.5549
  4 0.5 4.43664e-06 0 0
  5 0.5 4.43663e-06 0 0
  6 0.5 4.43663e-06 0 0
  7 0.5 4.43663e-06 0 0
  8 0.5 4.43663e-06 0 0
  9 0.5 4.43662e-06 0 0
  10 0.5 4.43661e-06 0 0
  11 0.5 4.4366e-06 0 0
  12 0.5 4.43657e-06 0 0
  13 0.5 4.43652e-06 0 0
  14 0.5 4.43644e-06 0 0
  15 0.5 4.43631e-06 0 0
  16 0.5 4.43609e-06 0 0
  17 0.5 4.43681e-06 0 0
  18 0.5 4.43564e-06 0 0
  19 0.5 4.43455e-06 0 0
  20 0.5 4.43319e-06 0 0
  21 0.5 4.43128e-06 0 0
  22 0.5 4.42852e-06 0 0
  23 0.5 4.42455e-06 0 0
  24 0.5 4.41891e-06 0 0
  25 0.5 4.41105e-06 0 0
  26 0.5 4.40026e-06 0 0
  27 0.5 4.3857e-06 0 0
  28 0.5 4.36636e-06 0 0
  29 0.5 4.34112e-06 0 0
  30 0.5 4.30873e-06 0 0
  31 0.5 4.26786e-06 0 0
  32 0.5 4.21717e-06 0 0
  33 0.5 4.15536e-06 0 0
  34 0.5 4.08127e-06 0 0
  35 0.5 3.99421e-06 0 0
  36 0.5 3.89279e-06 0 0
  37 0.5 3.77757e-06 0 0
  38 0.5 3.64856e-06 0 0
  39 0.5 3.50654e-06 0 0
  40 0.5 3.35283e-06 0 0
  41 0.5 3.18922e-06 0 0
  42 0.5 3.01797e-06 0 0
  43 0.5 2.84164e-06 0 0
  44 0.5 2.66296e-06 0 0
  45 0.5 2.48473e-06 0 0
  46 0.5 2.30961e-06 0 0
  47 0.5 2.13997e-06 0 0
  48 0.5 1.9778e-06 0 0
  49 0.5 1.82457e-06 0 0
  50 0.5 1.68125e-06 0 0
  51 0.5 1.54821e-06 0 0
  52 0.5 1.42534e-06 0 0
  53 0.5 1.31208e-06 0 0
  54 0.5 1.20754e-06 0 0
  55 0.5 1.1106e-06 0 0
  56 0.5 1.02004e-06 0 0
  57 0.5 9.34663e-07 0 0
  58 0.5 8.53362e-07 0 0
  59 0.5 7.75221e-07 0 0
  60 0.5 6.99546e-07 0 0
  61 0.5 6.25891e-07 0 0
  62 0.5 5.54046e-07 0 0
  63 0.5 4.84016e-07 0 0
  64 0.5 4.15977e-07 0 0
  65 0.5 3.50229e-07 0 0
  66 0.5 2.87141e-07 0 0
  67 0.5 2.27101e-07 0 0
  68 0.5 1.70473e-07 0 0
  69 0.5 1.17563e-07 0 0
  70 0.5 6.77384e-08 0 0
  71 0.5 2.16123e-08 0 0
  72 0.5 -2.06392e-08 0 0
  73 0.5 -5.90789e-08 0 0
  74 0.5 -9.38543e-08 0 0
  75 0.5 -1.2518e-07 0 0
  76 0.5 -1.49269e-07 0 0
  77 0.5 -1.64312e-07 0 0
  78 0.5 -1.77411e-07 0 0
  79 0.5 -1.8879e-07 0 0
  80 0.5 -1.98653e-07 0 0
  81 0.5 -2.07177e-07 0 0
  82 0.5 -2.14512e-07 0 0
  83 0.5 -2.2078e-07 0 0
  84 0.5 -2.26069e-07 0 0
  85 0.5 -2.30441e-07 0 0
  86 0.5 -2.33932e-07 0 0
  87 0.5 -2.36556e-07 0 0
  88 0.5 -2.38303e-07 0 0
  89 0.5 -2.3915e-07 0 0
  90 0.5 -2.39053e-07 0 0
  91 0.5 -2.37955e-07 0 0
  92 0.5 -2.35783e-07 0 0
  93 0.5 -2.3245e-07 0 0
  94 0.5 -2.27847e-07 0 0
  95 0.5 -2.21848e-07 0 0
  96 0.5 -2.14303e-07 0 0
  97 0.5 -2.05039e-07 0 0
  98 0.5 -1.93853e-07 0 0
  99 0.5 -1.80512e-07 0 0
  100 0.5 -1.64754e-07 0 0
  101 0.5 -1.35082e-07 0 0
  102 0.5 -7.28125e-08 0 0
  103 0.5 1.21953e-09 0 0
  104 0.5 8.80317e-08 0 0
  105 0.5 1.88141e-07 0 0
  106 0.5 3.0219e-07 0 0
  107 0.5 4.30705e-07 0 0
  108 0.5 5.73916e-07 0 0
  109 0.5 7.31714e-07 0 0
  110 0.5 9.03623e-07 0 0
  111 0.5 1.08878e-06 0 0
  112 0.5 1.28597e-06 0 0
  113 0.5 1.49359e-06 0 0
  114 0.5 1.70978e-06 0 0
  115 0.5 1.93243e-06 0 0
  116 0.5 2.15927e-06 0 0
  117 0.5 2.388e-06 0 0
  118 0.5 2.61633e-06 0 0
  119 0.5 2.84209e-06 0 0
  120 0.5 3.06331e-06 0 0
  121 0.5 3.27831e-06 0 0
  122 0.5 3.48569e-06 0 0
  123 0.5 3.68441e-06 0 0
  124 0.5 3.87376e-06 0 0
  125 0.5 4.05336e-06 0 0
  126 0.5 4.2231e-06 0 0
  127 0.5 4.38315e-06 0 0
  128 0.5 4.53405e-06 0 0
  129 0.5 4.67633e-06 0 0
  130 0.5 4.81052e-06 0 0
  131 0.5 4.93712e-06 0 0
  132 0.5 5.05663e-06 0 0
  133 0.5 5.16946e-06 0 0
  134 0.5 5.27596e-06 0 0
  135 0.5 5.37635e-06 0 0
  136 0.5 5.47081e-06 0 0
  137 0.5 5.5594e-06 0 0
  138 0.5 5.64217e-06 0 0
  139 0.5 5.7191e-06 0 0
  140 0.5 5.79018e-06 0 0
  141 0.5 5.85543e-06 0 0
  142 0.5 5.91487e-06 0 0
  143 0.5 5.9686e-06 0 0
  144 0.5 6.01673e-06 0 0
  145 0.5 6.05946e-06 0 0
  146 0.5 6.09703e-06 0 0
  147 0.5 6.12972e-06 0 0
  148 0.5 6.15784e-06 0 0
  149 0.5 6.18174e-06 0 0
  150 0.5 6.20174e-06 0 0
  151 0.5 6.2182e-06 0 0
  152 0.5 6.23145e-06 0 0
  153 0.5 6.24179e-06 0 0
  154 0.5 6.2495e-06 0 0
  155 0.5 6.25489e-06 0 0
  156 0.5 6.2584e-06 0 0
  157 0.5 6.26033e-06 0 0
  158 0.5 6.26092e-06 0 0
  159 0.5 6.26036e-06 0 0
  160 0.5 6.25883e-06 0 0
  161 0.5 6.25647e-06 0 0
  162 0.5 6.2534e-06 0 0
  163 0.5 6.25091e-06 0 0
  164 0.5 6.24632e-06 0 0
  165 0.5 6.24139e-06 0 0
  166 0.5 6.23614e-06 0 0
  167 0.5 6.2306e-06 0 0
  168 0.5 6.2248e-06 0 0
  169 0.5 6.21877e-06 0 0
  170 0.5 6.21252e-06 0 0
  171 0.5 6.2061e-06 0 0
  172 0.5 6.19952e-06 0 0
  173 0.5 6.1928e-06 0 0
  174 0.5 6.18599e-06 0 0
  175 0.5 6.1791e-06 0 0
  176 0.5 6.17216e-06 0 0
  177 0.5 6.1652e-06 0 0
  178 0.5 6.15824e-06 0 0
  179 0.5 6.1513e-06 0 0
  180 0.5 6.14442e-06 0 0
  181 0.5 6.13761e-06 0 0
  182 0.5 6.1309e-06 0 0
  183 0.5 6.12431e-06 0 0
  184 0.5 6.11787e-06 0 0
  185 0.5 6.1116e-06 0 0
  186 0.5 6.10553e-06 0 0
  187 0.5 6.09966e-06 0 0
  188 0.5 6.09404e-06 0 0
  189 0.5 6.08868e-06 0 0
  190 0.5 6.0836e-06 0 0
  191 0.5 6.07883e-06 0 0
  192 0.5 6.07439e-06 0 0
  193 0.5 6.0703e-06 0 0
  194 0.5 6.06659e-06 0 0
  195 0.5 6.06328e-06 0 0
  196 0.5 6.0604e-06 0 0
  197 0.5 6.05797e-06 0 0
  198 0.5 6.05603e-06 0 0
  199 0.5 6.05459e-06 0 0
  200 0.5 6.05361e-06 0 0
  201 0.5 6.05302e-06 0 0
  202 0.5 6.05283e-06 0 0
  203 0.5 6.05303e-06 0 0
  204 0.5 6.05362e-06 0 0
  205 0.5 6.05458e-06 0 0
  206 0.5 6.05591e-06 0 0
  207 0.5 6.05758e-06 0 0
  208 0.5 6.05958e-06 0 0
  209 0.5 6.06188e-06 0 0
  210 0.5 6.06446e-06 0 0
  211 0.5 6.06729e-06 0 0
  212 0.5 6.07032e-06 0 0
  213 0.5 6.07352e-06 0 0
  214 0.5 6.07684e-06 0 0
  215 0.5 6.08023e-06 0 0
  216 0.5 6.08364e-06 0 0
  217 0.5 6.08703e-06 0 0
  218 0.5 6.09033e-06 0 0
  219 0.5 6.09352e-06 0 0
  220 0.5 6.0966e-06 0 0
  221 0.5 6.0996e-06 0 0
  222 0.5 6.10253e-06 0 0
  223 0.5 6.10539e-06 0 0
  224 0.5 6.1082e-06 0 0
  225 0.5 6.11097e-06 0 0
  226 0.5 6.11371e-06 0 0
  227 0.5 6.11643e-06 0 0
  228 0.5 6.11914e-06 0 0
  229 0.5 6.12185e-06 0 0
  230 0.5 6.12456e-06 0 0
  231 0.5 6.12728e-06 0 0
  232 0.5 6.13003e-06 0 0
  233 0.5 6.13279e-06 0 0
  234 0.5 6.13558e-06 0 0
  235 0.5 6.13841e-06 0 0
  236 0.5 6.14128e-06 0 0
  237 0.5 6.14418e-06 0 0
  238 0.5 6.14713e-06 0 0
  239 0.5 6.15012e-06 0 0
  240 0.5 6.15316e-06 0 0
  241 0.5 6.15625e-06 0 0
  242 0.5 6.15938e-06 0 0
  243 0.5 6.16256e-06 0 0
  244 0.5 6.16579e-06 0 0
  245 0.5 6.16906e-06 0 0
  246 0.5 6.17238e-06 0 0
  247 0.5 6.17573e-06 0 0
  248 0.5 6.17912e-06 0 0
  249 0.5 6.18255e-06 0 0
  250 0.5 6.18601e-06 0 0
  251 0.5 6.18949e-06 0 0
  252 0.5 6.19299e-06 0 0
  253 0.5 6.19651e-06 0 0
  254 0.5 6.20003e-06 0 0
  255 0.5 6.20357e-06 0 0
  256 0.5 6.2071e-06 0 0
  257 0.5 6.21062e-06 0 0
  258 0.5 6.21413e-06 0 0
  259 0.5 6.21761e-06 0 0
  260 0.5 6.22107e-06 0 0
  261 0.5 6.22449e-06 0 0
  262 0.5 6.22787e-06 0 0
  263 0.5 6.2312e-06 0 0
  264 0.5 6.23447e-06 0 0
  265 0.5 6.23768e-06 0 0
  266 0.5 6.24081e-06 0 0
  267 0.5 6.24387e-06 0 0
  268 0.5 6.24685e-06 0 0
  269 0.5 6.24974e-06 0 0
  270 0.5 6.25251e-06 0 0
  271 0.5 6.25518e-06 0 0
  272 0.5 6.25772e-06 0 0
  273 0.5 6.26014e-06 0 0
  274 0.5 6.26243e-06 0 0
  275 0.5 6.26458e-06 0 0
  276 0.5 6.2666e-06 0 0
  277 0.5 6.26849e-06 0 0
  278 0.5 6.27023e-06 0 0
  279 0.5 6.27184e-06 0 0
  280 0.5 6.27331e-06 0 0
  281 0.5 6.27464e-06 0 0
  282 0.5 6.27583e-06 0 0
  283 0.5 6.27688e-06 0 0
  284 0.5 6.27779e-06 0 0
  285 0.5 6.27855e-06 0 0
  286 0.5 6.27917e-06 0 0
  287 0.5 6.27965e-06 0 0
  288 0.5 6.27997e-06 0 0
  289 0.5 6.28016e-06 0 0
  290 0.5 6.28019e-06 0 0
  291 0.5 6.28007e-06 0 0
  292 0.5 6.28e-06 0 0
  293 0.5 6.28e-06 0 0
  294 0.5 6.28e-06 0 0
  295 0.5 6.28e-06 0 0
  296 0.5 6.28e-06 0 0
  297 0.5 6.28e-06 0 0
  298 0.5 6.28e-06 0 0
  299 0.5 6.28e-06 0 0
  300 0.5 6.28e-06 0 0
  301 0.5 6.28e-06 0 0
  302 0.5 6.28e-06 0 0
  303 0.5 6.28e-06 0 0
  304 0.5 6.28e-06 0 0
  305 0.5 6.28e-06 0 0
  306 0.5 6.28e-06 0 0
  307 0.5 6.28e-06 0 0
  308 0.5 6.28e-06 0 0
  309 0.5 6.28e-06 0 0
  310 0.5 6.28e-06 0 0
  311 0.5 6.28e-06 0 0
  312 0.5 6.28e-06 0 0
  313 0.5 6.28e-06 0 0
  314 0.5 6.28e-06 0 0
  315 0.5 6.28e-06 0 0
  316 0.5 6.28e-06 0 0
  317 0.5 6.28e-06 0 0
  318 0.5 6.28e-06 0 0
  319 0.5 6.28e-06 0 0
  320 0.5 6.28e-06 0 0
  321 0.5 6.28e-06 0 0
  322 0.5 6.28e-06 0 0
  323 0.5 6.28e-06 0 0
  324 0.5 6.28e-06 0 0
  325 0.5 6.28e-06 0 0
  326 0.5 6.28e-06 0 0
  327 0.5 6.28e-06 0 0
  328 0.5 6.28e-06 0 0
  329 0.5 6.28e-06 0 0
  330 0.5 6.28e-06 0 0
  331 0.5 6.28e-06 0 0
  332 0.5 6.28e-06 0 0
  333 0.5 6.28e-06 0 0
  334 0.5 6.28e-06 0 0
  335 0.5 6.28e-06 0 0
  336 0.5 6.28e-06 0 0
  337 0.5 6.28e-06 0 0
  338 0.5 6.28e-06 0 0
  339 0.5 6.28e-06 0 0
  340 0.5 6.28e-06 0 0
  341 0.5 6.28e-06 0 0
  342 0.5 6.28e-06 0 0
  343 0.5 6.28e-06 0 0
  344 0.5 6.28e-06 0 0
  345 0.5 6.28e-06 0 0
  346 0.5 6.28e-06 0 0
  347 0.5 6.28e-06 0 0
  348 0.5 6.28e-06 0 0
  349 0.5 6.28e-06 0 0
  350 0.5 6.28e-06 0 0
  351 0.5 6.28e-06 0 0
  352 0.5 6.28e-06 0 0
  353 0.5 6.28e-06 0 0
  354 0.5 6.28e-06 0 0
  355 0.5 6.28e-06 0 0
  356 0.5 6.28e-06 0 0
  357 0.5 6.28e-06 0 0
  358 0.5 6.28e-06 0 0
  359 0.5 6.28e-06 0 0
  360 0.5 6.28e-06 0 0
  361 0.5 6.28e-06 0 0
  362 0.5 6.28e-06 0 0
  363 0.5 6.28e-06 0 0
  364 0.5 6.28e-06 0 0
  365 0.5 6.28e-06 0 0
  366 0.5 6.28e-06 0 0
  367 0.5 6.28e-06 0 0
  368 0.5 6.28e-06 0 0
  369 0.5 6.28e-06 0 0
  370 0.5 6.28e-06 0 0
  371 0.5 6.28e-06 0 0
  372 0.5 6.28e-06 0 0
  373 0.5 6.28e-06 0 0
  374 100 6.28e-06 0 0
