# z rho mu
-16.3183 2.07e-06 0
-6.31829 2.07e-06 0
-6.31829 2.07001e-06 0
-4.98147 2.07001e-06 0
-4.98147 2.07072e-06 0
-3.90156 2.07072e-06 0
-3.90156 2.07574e-06 0
-3.18219 2.07574e-06 0
-3.18219 2.09119e-06 0
-2.62178 2.09119e-06 0
-2.62178 2.12297e-06 0
-2.15038 2.12297e-06 0
-2.15038 2.17492e-06 0
-1.7345 2.17492e-06 0
-1.7345 2.24831e-06 0
-1.35502 2.24831e-06 0
-1.35502 2.34192e-06 0
-0.999696 2.34192e-06 0
-0.999696 2.4525e-06 0
-0.659791 2.4525e-06 0
-0.659791 2.57523e-06 0
-0.328507 2.57523e-06 0
-0.328507 2.70429e-06 0
-1.88738e-15 2.70429e-06 0
-1.88738e-15 2.83335e-06 0
0.331284 2.83335e-06 0
0.331284 2.95609e-06 0
0.671188 2.95609e-06 0
0.671188 3.06667e-06 0
1.02652 3.06667e-06 0
1.02652 3.16028e-06 0
1.40599 3.16028e-06 0
1.40599 3.23367e-06 0
1.82188 3.23367e-06 0
1.82188 3.28562e-06 0
2.29327 3.28562e-06 0
2.29327 3.31739e-06 0
2.85368 3.31739e-06 0
2.85368 3.33285e-06 0
3.57305 3.33285e-06 0
3.57305 3.33787e-06 0
4.65296 3.33787e-06 0
4.65296 3.33858e-06 0
5.98978 3.33858e-06 0
5.98978 3.33859e-06 0
20.8203 3.33859e-06 0
20.8203 3.33859e-06 0
22.1571 3.33859e-06 0
22.1571 3.33885e-06 0
23.237 3.33885e-06 0
23.237 3.3407e-06 0
23.9564 3.3407e-06 0
23.9564 3.3464e-06 0
24.5168 3.3464e-06 0
24.5168 3.35811e-06 0
24.9882 3.35811e-06 0
24.9882 3.37726e-06 0
25.4041 3.37726e-06 0
25.4041 3.40431e-06 0
25.7835 3.40431e-06 0
25.7835 3.43882e-06 0
26.1389 3.43882e-06 0
26.1389 3.47958e-06 0
26.4788 3.47958e-06 0
26.4788 3.52482e-06 0
26.8101 3.52482e-06 0
26.8101 3.57239e-06 0
27.1386 3.57239e-06 0
27.1386 3.65476e-06 0
27.4244 3.65476e-06 0
27.4244 3.7201e-06 0
27.996 3.7201e-06 0
27.996 3.79401e-06 0
28.5677 3.79401e-06 0
28.5677 3.84678e-06 0
29.1393 3.84678e-06 0
29.1393 3.88012e-06 0
29.711 3.88012e-06 0
29.711 3.90054e-06 0
30.2826 3.90054e-06 0
30.2826 3.91452e-06 0
30.8542 3.91452e-06 0
30.8542 3.92621e-06 0
31.4259 3.92621e-06 0
31.4259 3.93754e-06 0
31.9975 3.93754e-06 0
31.9975 3.94918e-06 0
32.5692 3.94918e-06 0
32.5692 3.96133e-06 0
33.1408 3.96133e-06 0
33.1408 3.974e-06 0
33.7125 3.974e-06 0
33.7125 3.98717e-06 0
34.2841 3.98717e-06 0
34.2841 4.00081e-06 0
34.8557 4.00081e-06 0
34.8557 4.01488e-06 0
35.4274 4.01488e-06 0
35.4274 4.02934e-06 0
35.999 4.02934e-06 0
35.999 4.04415e-06 0
36.5707 4.04415e-06 0
36.5707 4.05924e-06 0
37.1423 4.05924e-06 0
37.1423 4.07457e-06 0
37.714 4.07457e-06 0
37.714 4.09009e-06 0
38.2856 4.09009e-06 0
38.2856 4.10572e-06 0
38.8572 4.10572e-06 0
38.8572 4.11749e-06 0
39.1431 4.11749e-06 0
39.1431 4.18555e-06 0
41.5233 4.18555e-06 0
41.5233 4.24655e-06 0
43.9655 4.24655e-06 0
43.9655 4.3015e-06 0
46.5186 4.3015e-06 0
46.5186 4.34802e-06 0
49.245 4.34802e-06 0
49.245 4.3845e-06 0
52.2332 4.3845e-06 0
52.2332 4.41031e-06 0
55.6201 4.41031e-06 0
55.6201 4.4261e-06 0
59.6466 4.4261e-06 0
59.6466 4.43379e-06 0
64.8153 4.43379e-06 0
64.8153 4.43628e-06 0
72.5744 4.43628e-06 0
72.5744 4.43663e-06 0
82.1795 4.43663e-06 0
82.1795 4.43664e-06 0
178.048 4.43664e-06 0
178.048 4.43664e-06 0
178.048 4.43664e-06 0
178.048 4.43664e-06 0
178.048 4.43664e-06 0
178.048 4.43664e-06 0
178.048 4.43664e-06 0
178.048 4.43664e-06 0
178.048 4.43664e-06 0
178.048 4.43664e-06 0
178.048 4.43664e-06 0
178.048 4.43664e-06 0
178.048 4.43664e-06 0
178.048 4.43663e-06 0
178.048 4.43663e-06 0
178.048 4.43663e-06 0
178.048 4.43663e-06 0
178.048 4.43663e-06 0
178.048 4.43663e-06 0
178.048 4.43663e-06 0
178.048 4.43663e-06 0
178.048 4.43663e-06 0
178.548 4.43663e-06 0
178.548 4.43663e-06 0
179.048 4.43663e-06 0
179.048 4.43663e-06 0
179.548 4.43663e-06 0
179.548 4.43663e-06 0
180.048 4.43663e-06 0
180.048 4.43663e-06 0
180.548 4.43663e-06 0
180.548 4.43662e-06 0
181.048 4.43662e-06 0
181.048 4.43661e-06 0
181.548 4.43661e-06 0
181.548 4.4366e-06 0
182.048 4.4366e-06 0
182.048 4.43657e-06 0
182.548 4.43657e-06 0
182.548 4.43652e-06 0
183.048 4.43652e-06 0
183.048 4.43643e-06 0
183.548 4.43643e-06 0
183.548 4.4363e-06 0
184.048 4.4363e-06 0
184.048 4.43607e-06 0
184.548 4.43607e-06 0
184.548 4.43679e-06 0
185.048 4.43679e-06 0
185.048 4.4356e-06 0
185.548 4.4356e-06 0
185.548 4.43448e-06 0
186.048 4.43448e-06 0
186.048 4.43308e-06 0
186.548 4.43308e-06 0
186.548 4.43112e-06 0
187.048 4.43112e-06 0
187.048 4.42828e-06 0
187.548 4.42828e-06 0
187.548 4.4242e-06 0
188.048 4.4242e-06 0
188.048 4.41841e-06 0
188.548 4.41841e-06 0
188.548 4.41034e-06 0
189.048 4.41034e-06 0
189.048 4.39925e-06 0
189.548 4.39925e-06 0
189.548 4.38428e-06 0
190.048 4.38428e-06 0
190.048 4.3644e-06 0
190.548 4.3644e-06 0
190.548 4.33847e-06 0
191.048 4.33847e-06 0
191.048 4.30518e-06 0
191.548 4.30518e-06 0
191.548 4.26319e-06 0
192.048 4.26319e-06 0
192.048 4.21111e-06 0
192.548 4.21111e-06 0
192.548 4.14759e-06 0
193.048 4.14759e-06 0
193.048 4.07145e-06 0
193.548 4.07145e-06 0
193.548 3.98172e-06 0
194.048 3.98172e-06 0
194.048 3.87776e-06 0
194.548 3.87776e-06 0
194.548 3.75935e-06 0
195.048 3.75935e-06 0
195.048 3.62677e-06 0
195.548 3.62677e-06 0
195.548 3.48082e-06 0
196.048 3.48082e-06 0
196.048 3.32286e-06 0
196.548 3.32286e-06 0
196.548 3.15476e-06 0
197.048 3.15476e-06 0
197.048 2.97882e-06 0
197.548 2.97882e-06 0
197.548 2.79771e-06 0
198.048 2.79771e-06 0
198.048 2.61426e-06 0
198.548 2.61426e-06 0
198.548 2.43137e-06 0
199.048 2.43137e-06 0
199.048 2.2518e-06 0
199.548 2.2518e-06 0
199.548 2.07805e-06 0
200.048 2.07805e-06 0
200.048 1.9122e-06 0
200.548 1.9122e-06 0
200.548 1.75582e-06 0
201.048 1.75582e-06 0
201.048 1.60994e-06 0
201.548 1.60994e-06 0
201.548 1.47501e-06 0
202.048 1.47501e-06 0
202.048 1.35094e-06 0
202.548 1.35094e-06 0
202.548 1.23722e-06 0
203.048 1.23722e-06 0
203.048 1.13293e-06 0
203.548 1.13293e-06 0
203.548 1.03694e-06 0
204.048 1.03694e-06 0
204.048 9.48008e-07 0
204.548 9.48008e-07 0
204.548 8.64869e-07 0
205.048 8.64869e-07 0
205.048 7.86357e-07 0
205.548 7.86357e-07 0
205.548 7.11477e-07 0
206.048 7.11477e-07 0
206.048 6.39452e-07 0
206.548 6.39452e-07 0
206.548 5.69743e-07 0
207.048 5.69743e-07 0
207.048 5.0205e-07 0
207.548 5.0205e-07 0
207.548 4.36286e-07 0
208.048 4.36286e-07 0
208.048 3.72542e-07 0
208.548 3.72542e-07 0
208.548 3.11037e-07 0
209.048 3.11037e-07 0
209.048 2.52069e-07 0
209.548 2.52069e-07 0
209.548 1.95968e-07 0
210.048 1.95968e-07 0
210.048 1.43046e-07 0
210.548 1.43046e-07 0
210.548 9.35727e-08 0
211.048 9.35727e-08 0
211.048 4.7741e-08 0
211.548 4.7741e-08 0
211.548 5.65926e-09 0
212.048 5.65926e-09 0
212.048 -3.26556e-08 0
212.548 -3.26556e-08 0
212.548 -6.72741e-08 0
213.048 -6.72741e-08 0
213.048 -9.83434e-08 0
213.548 -9.83434e-08 0
213.548 -1.26073e-07 0
214.048 -1.26073e-07 0
214.048 -1.50715e-07 0
214.548 -1.50715e-07 0
214.548 -1.72551e-07 0
215.048 -1.72551e-07 0
215.048 -1.91867e-07 0
215.548 -1.91867e-07 0
215.548 -2.08945e-07 0
216.048 -2.08945e-07 0
216.048 -2.24046e-07 0
216.548 -2.24046e-07 0
216.548 -2.37401e-07 0
217.048 -2.37401e-07 0
217.048 -2.49202e-07 0
217.548 -2.49202e-07 0
217.548 -2.59601e-07 0
218.048 -2.59601e-07 0
218.048 -2.687e-07 0
218.548 -2.687e-07 0
218.548 -2.76557e-07 0
219.048 -2.76557e-07 0
219.048 -2.8318e-07 0
219.548 -2.8318e-07 0
219.548 -2.88525e-07 0
220.048 -2.88525e-07 0
220.048 -2.92498e-07 0
220.548 -2.92498e-07 0
220.548 -2.94947e-07 0
221.048 -2.94947e-07 0
221.048 -2.95659e-07 0
221.548 -2.95659e-07 0
221.548 -2.94357e-07 0
222.048 -2.94357e-07 0
222.048 -2.90689e-07 0
222.548 -2.90689e-07 0
222.548 -2.8422e-07 0
223.048 -2.8422e-07 0
223.048 -2.74426e-07 0
223.548 -2.74426e-07 0
223.548 -2.60689e-07 0
224.048 -2.60689e-07 0
224.048 -2.42288e-07 0
224.548 -2.42288e-07 0
224.548 -2.18406e-07 0
225.048 -2.18406e-07 0
225.048 -1.8813e-07 0
225.548 -1.8813e-07 0
225.548 -1.50463e-07 0
226.048 -1.50463e-07 0
226.048 -1.04351e-07 0
226.548 -1.04351e-07 0
226.548 -4.87009e-08 0
227.048 -4.87009e-08 0
227.048 1.75722e-08 0
227.548 1.75722e-08 0
227.548 9.55074e-08 0
228.048 9.55074e-08 0
228.048 1.86045e-07 0
228.548 1.86045e-07 0
228.548 2.89971e-07 0
229.048 2.89971e-07 0
229.048 4.07866e-07 0
229.548 4.07866e-07 0
229.548 5.40051e-07 0
230.048 5.40051e-07 0
230.048 6.86546e-07 0
230.548 6.86546e-07 0
230.548 8.47033e-07 0
231.048 8.47033e-07 0
231.048 1.02085e-06 0
231.548 1.02085e-06 0
231.548 1.20697e-06 0
232.048 1.20697e-06 0
232.048 1.40404e-06 0
232.548 1.40404e-06 0
232.548 1.61043e-06 0
233.048 1.61043e-06 0
233.048 1.82424e-06 0
233.548 1.82424e-06 0
233.548 2.04343e-06 0
234.048 2.04343e-06 0
234.048 2.26585e-06 0
234.548 2.26585e-06 0
234.548 2.48936e-06 0
235.048 2.48936e-06 0
235.048 2.71191e-06 0
235.548 2.71191e-06 0
235.548 2.93159e-06 0
236.048 2.93159e-06 0
236.048 3.14671e-06 0
236.548 3.14671e-06 0
236.548 3.35585e-06 0
237.048 3.35585e-06 0
237.048 3.55791e-06 0
237.548 3.55791e-06 0
237.548 3.75205e-06 0
238.048 3.75205e-06 0
238.048 3.93777e-06 0
238.548 3.93777e-06 0
238.548 4.1148e-06 0
239.048 4.1148e-06 0
239.048 4.28312e-06 0
239.548 4.28312e-06 0
239.548 4.44287e-06 0
240.048 4.44287e-06 0
240.048 4.59431e-06 0
240.548 4.59431e-06 0
240.548 4.73778e-06 0
241.048 4.73778e-06 0
241.048 4.87364e-06 0
241.548 4.87364e-06 0
241.548 5.00221e-06 0
242.048 5.00221e-06 0
242.048 5.12377e-06 0
242.548 5.12377e-06 0
242.548 5.23855e-06 0
243.048 5.23855e-06 0
243.048 5.34669e-06 0
243.548 5.34669e-06 0
243.548 5.44827e-06 0
244.048 5.44827e-06 0
244.048 5.5433e-06 0
244.548 5.5433e-06 0
244.548 5.63179e-06 0
245.048 5.63179e-06 0
245.048 5.7137e-06 0
245.548 5.7137e-06 0
245.548 5.78903e-06 0
246.048 5.78903e-06 0
246.048 5.85778e-06 0
246.548 5.85778e-06 0
246.548 5.92002e-06 0
247.048 5.92002e-06 0
247.048 5.97588e-06 0
247.548 5.97588e-06 0
247.548 6.02555e-06 0
248.048 6.02555e-06 0
248.048 6.06927e-06 0
248.548 6.06927e-06 0
248.548 6.10738e-06 0
249.048 6.10738e-06 0
249.048 6.14025e-06 0
249.548 6.14025e-06 0
249.548 6.16828e-06 0
250.048 6.16828e-06 0
250.048 6.19194e-06 0
250.548 6.19194e-06 0
250.548 6.21168e-06 0
251.048 6.21168e-06 0
251.048 6.22796e-06 0
251.548 6.22796e-06 0
251.548 6.24124e-06 0
252.048 6.24124e-06 0
252.048 6.25194e-06 0
252.548 6.25194e-06 0
252.548 6.26046e-06 0
253.048 6.26046e-06 0
253.048 6.26717e-06 0
253.548 6.26717e-06 0
253.548 6.27239e-06 0
254.048 6.27239e-06 0
254.048 6.2764e-06 0
254.548 6.2764e-06 0
254.548 6.27945e-06 0
255.048 6.27945e-06 0
255.048 6.28173e-06 0
255.548 6.28173e-06 0
255.548 6.28343e-06 0
256.048 6.28343e-06 0
256.048 6.28467e-06 0
256.548 6.28467e-06 0
256.548 6.28557e-06 0
257.048 6.28557e-06 0
257.048 6.28762e-06 0
257.548 6.28762e-06 0
257.548 6.28762e-06 0
258.048 6.28762e-06 0
258.048 6.28762e-06 0
258.548 6.28762e-06 0
258.548 6.28762e-06 0
259.048 6.28762e-06 0
259.048 6.28762e-06 0
259.548 6.28762e-06 0
259.548 6.28762e-06 0
260.048 6.28762e-06 0
260.048 6.28762e-06 0
260.548 6.28762e-06 0
260.548 6.28762e-06 0
261.048 6.28762e-06 0
261.048 6.28762e-06 0
261.548 6.28762e-06 0
261.548 6.28762e-06 0
262.048 6.28762e-06 0
262.048 6.28762e-06 0
262.548 6.28762e-06 0
262.548 6.28762e-06 0
263.048 6.28762e-06 0
263.048 6.28762e-06 0
263.548 6.28762e-06 0
263.548 6.28762e-06 0
264.048 6.28762e-06 0
264.048 6.28762e-06 0
264.548 6.28762e-06 0
264.548 6.28762e-06 0
265.048 6.28762e-06 0
265.048 6.28762e-06 0
265.548 6.28762e-06 0
265.548 6.28762e-06 0
266.048 6.28762e-06 0
266.048 6.28762e-06 0
266.548 6.28762e-06 0
266.548 6.28762e-06 0
267.048 6.28762e-06 0
267.048 6.28762e-06 0
267.548 6.28762e-06 0
267.548 6.28762e-06 0
268.048 6.28762e-06 0
268.048 6.28762e-06 0
268.548 6.28762e-06 0
268.548 6.28762e-06 0
269.048 6.28762e-06 0
269.048 6.28762e-06 0
269.548 6.28762e-06 0
269.548 6.28762e-06 0
270.048 6.28762e-06 0
270.048 6.28762e-06 0
270.548 6.28762e-06 0
270.548 6.28762e-06 0
271.048 6.28762e-06 0
271.048 6.28762e-06 0
271.548 6.28762e-06 0
271.548 6.28762e-06 0
272.048 6.28762e-06 0
272.048 6.28762e-06 0
272.548 6.28762e-06 0
272.548 6.28762e-06 0
273.048 6.28762e-06 0
273.048 6.28762e-06 0
273.548 6.28762e-06 0
273.548 6.28762e-06 0
274.048 6.28762e-06 0
274.048 6.28762e-06 0
274.548 6.28762e-06 0
274.548 6.28762e-06 0
275.048 6.28762e-06 0
275.048 6.28762e-06 0
275.548 6.28762e-06 0
275.548 6.28762e-06 0
276.048 6.28762e-06 0
276.048 6.28762e-06 0
276.548 6.28762e-06 0
276.548 6.28762e-06 0
277.048 6.28762e-06 0
277.048 6.28762e-06 0
277.548 6.28762e-06 0
277.548 6.28762e-06 0
278.048 6.28762e-06 0
278.048 6.28762e-06 0
278.548 6.28762e-06 0
278.548 6.28762e-06 0
279.048 6.28762e-06 0
279.048 6.28762e-06 0
279.548 6.28762e-06 0
279.548 6.28762e-06 0
280.048 6.28762e-06 0
280.048 6.28762e-06 0
280.548 6.28762e-06 0
280.548 6.28762e-06 0
281.048 6.28762e-06 0
281.048 6.28762e-06 0
281.548 6.28762e-06 0
281.548 6.28762e-06 0
282.048 6.28762e-06 0
282.048 6.28762e-06 0
282.548 6.28762e-06 0
282.548 6.28762e-06 0
283.048 6.28762e-06 0
283.048 6.28762e-06 0
283.548 6.28762e-06 0
283.548 6.28762e-06 0
284.048 6.28762e-06 0
284.048 6.28762e-06 0
284.548 6.28762e-06 0
284.548 6.28762e-06 0
285.048 6.28762e-06 0
285.048 6.28762e-06 0
285.548 6.28762e-06 0
285.548 6.28762e-06 0
286.048 6.28762e-06 0
286.048 6.28762e-06 0
286.548 6.28762e-06 0
286.548 6.28762e-06 0
287.048 6.28762e-06 0
287.048 6.28762e-06 0
287.548 6.28762e-06 0
287.548 6.28762e-06 0
288.048 6.28762e-06 0
288.048 6.28762e-06 0
288.548 6.28762e-06 0
288.548 6.28762e-06 0
289.048 6.28762e-06 0
289.048 6.28762e-06 0
289.548 6.28762e-06 0
289.548 6.28762e-06 0
290.048 6.28762e-06 0
290.048 6.28762e-06 0
290.548 6.28762e-06 0
290.548 6.28762e-06 0
291.048 6.28762e-06 0
291.048 6.28762e-06 0
291.548 6.28762e-06 0
291.548 6.28762e-06 0
292.048 6.28762e-06 0
292.048 6.28762e-06 0
292.548 6.28762e-06 0
292.548 6.28762e-06 0
293.048 6.28762e-06 0
293.048 6.28762e-06 0
293.548 6.28762e-06 0
293.548 6.28762e-06 0
294.048 6.28762e-06 0
294.048 6.28762e-06 0
294.548 6.28762e-06 0
294.548 6.28762e-06 0
295.048 6.28762e-06 0
295.048 6.28762e-06 0
295.548 6.28762e-06 0
295.548 6.28762e-06 0
296.048 6.28762e-06 0
296.048 6.28762e-06 0
296.548 6.28762e-06 0
296.548 6.28762e-06 0
297.048 6.28762e-06 0
297.048 6.28762e-06 0
297.548 6.28762e-06 0
297.548 6.28762e-06 0
298.048 6.28762e-06 0
298.048 6.28762e-06 0
298.548 6.28762e-06 0
298.548 6.28762e-06 0
299.048 6.28762e-06 0
299.048 6.28762e-06 0
299.548 6.28762e-06 0
299.548 6.28762e-06 0
300.048 6.28762e-06 0
300.048 6.28762e-06 0
300.548 6.28762e-06 0
300.548 6.28762e-06 0
301.048 6.28762e-06 0
301.048 6.28762e-06 0
301.548 6.28762e-06 0
301.548 6.28762e-06 0
302.048 6.28762e-06 0
302.048 6.28762e-06 0
302.548 6.28762e-06 0
302.548 6.28762e-06 0
303.048 6.28762e-06 0
303.048 6.28762e-06 0
303.548 6.28762e-06 0
303.548 6.28762e-06 0
304.048 6.28762e-06 0
304.048 6.28762e-06 0
304.548 6.28762e-06 0
304.548 6.28762e-06 0
305.048 6.28762e-06 0
305.048 6.28762e-06 0
305.548 6.28762e-06 0
305.548 6.28762e-06 0
306.048 6.28762e-06 0
306.048 6.28762e-06 0
306.548 6.28762e-06 0
306.548 6.28762e-06 0
307.048 6.28762e-06 0
307.048 6.28762e-06 0
307.548 6.28762e-06 0
307.548 6.28762e-06 0
308.048 6.28762e-06 0
308.048 6.28762e-06 0
308.548 6.28762e-06 0
308.548 6.28762e-06 0
309.048 6.28762e-06 0
309.048 6.28762e-06 0
309.548 6.28762e-06 0
309.548 6.28762e-06 0
310.048 6.28762e-06 0
310.048 6.28762e-06 0
310.548 6.28762e-06 0
310.548 6.28762e-06 0
311.048 6.28762e-06 0
311.048 6.28762e-06 0
311.548 6.28762e-06 0
311.548 6.28762e-06 0
312.048 6.28762e-06 0
312.048 6.28762e-06 0
312.548 6.28762e-06 0
312.548 6.28762e-06 0
313.048 6.28762e-06 0
313.048 6.28762e-06 0
313.548 6.28762e-06 0
313.548 6.28762e-06 0
314.048 6.28762e-06 0
314.048 6.28762e-06 0
314.548 6.28762e-06 0
314.548 6.28762e-06 0
315.048 6.28762e-06 0
315.048 6.28762e-06 0
315.548 6.28762e-06 0
315.548 6.28762e-06 0
316.048 6.28762e-06 0
316.048 6.28762e-06 0
316.548 6.28762e-06 0
316.548 6.28762e-06 0
317.048 6.28762e-06 0
317.048 6.28762e-06 0
317.548 6.28762e-06 0
317.548 6.28762e-06 0
318.048 6.28762e-06 0
318.048 6.28762e-06 0
318.548 6.28762e-06 0
318.548 6.28762e-06 0
319.048 6.28762e-06 0
319.048 6.28762e-06 0
319.548 6.28762e-06 0
319.548 6.28762e-06 0
320.048 6.28762e-06 0
320.048 6.28762e-06 0
320.548 6.28762e-06 0
320.548 6.28762e-06 0
321.048 6.28762e-06 0
321.048 6.28762e-06 0
321.548 6.28762e-06 0
321.548 6.28762e-06 0
322.048 6.28762e-06 0
322.048 6.28762e-06 0
322.548 6.28762e-06 0
322.548 6.28762e-06 0
323.048 6.28762e-06 0
323.048 6.28762e-06 0
323.548 6.28762e-06 0
323.548 6.28762e-06 0
324.048 6.28762e-06 0
324.048 6.28762e-06 0
324.548 6.28762e-06 0
324.548 6.28762e-06 0
325.048 6.28762e-06 0
325.048 6.28762e-06 0
325.548 6.28762e-06 0
325.548 6.28762e-06 0
326.048 6.28762e-06 0
326.048 6.28762e-06 0
326.548 6.28762e-06 0
326.548 6.28762e-06 0
327.048 6.28762e-06 0
327.048 6.28762e-06 0
327.548 6.28762e-06 0
327.548 6.28762e-06 0
328.048 6.28762e-06 0
328.048 6.28762e-06 0
328.548 6.28762e-06 0
328.548 6.28762e-06 0
329.048 6.28762e-06 0
329.048 6.28762e-06 0
329.548 6.28762e-06 0
329.548 6.28762e-06 0
330.048 6.28762e-06 0
330.048 6.28762e-06 0
330.548 6.28762e-06 0
330.548 6.28762e-06 0
331.048 6.28762e-06 0
331.048 6.28762e-06 0
331.548 6.28762e-06 0
331.548 6.28762e-06 0
332.048 6.28762e-06 0
332.048 6.28762e-06 0
332.548 6.28762e-06 0
332.548 6.28762e-06 0
333.048 6.28762e-06 0
333.048 6.28762e-06 0
333.548 6.28762e-06 0
333.548 6.28762e-06 0
334.048 6.28762e-06 0
334.048 6.28762e-06 0
334.548 6.28762e-06 0
334.548 6.28762e-06 0
335.048 6.28762e-06 0
335.048 6.28762e-06 0
335.548 6.28762e-06 0
335.548 6.28762e-06 0
336.048 6.28762e-06 0
336.048 6.28762e-06 0
336.548 6.28762e-06 0
336.548 6.28762e-06 0
337.048 6.28762e-06 0
337.048 6.28762e-06 0
337.548 6.28762e-06 0
337.548 6.28762e-06 0
338.048 6.28762e-06 0
338.048 6.28762e-06 0
338.548 6.28762e-06 0
338.548 6.28762e-06 0
339.048 6.28762e-06 0
339.048 6.28762e-06 0
339.548 6.28762e-06 0
339.548 6.28762e-06 0
340.048 6.28762e-06 0
340.048 6.28762e-06 0
340.548 6.28762e-06 0
340.548 6.28762e-06 0
341.048 6.28762e-06 0
341.048 6.28762e-06 0
341.548 6.28762e-06 0
341.548 6.28762e-06 0
342.048 6.28762e-06 0
342.048 6.28762e-06 0
342.548 6.28762e-06 0
342.548 6.28762e-06 0
343.048 6.28762e-06 0
343.048 6.28762e-06 0
343.548 6.28762e-06 0
343.548 6.28762e-06 0
344.048 6.28762e-06 0
344.048 6.28762e-06 0
344.548 6.28762e-06 0
344.548 6.28762e-06 0
345.048 6.28762e-06 0
345.048 6.28762e-06 0
345.548 6.28762e-06 0
345.548 6.28762e-06 0
346.048 6.28762e-06 0
346.048 6.28762e-06 0
346.548 6.28762e-06 0
346.548 6.28762e-06 0
347.048 6.28762e-06 0
347.048 6.28762e-06 0
347.548 6.28762e-06 0
347.548 6.28762e-06 0
348.048 6.28762e-06 0
348.048 6.28762e-06 0
348.548 6.28762e-06 0
348.548 6.28762e-06 0
349.048 6.28762e-06 0
349.048 6.28762e-06 0
349.548 6.28762e-06 0
349.548 6.28762e-06 0
350.048 6.28762e-06 0
350.048 6.28762e-06 0
350.548 6.28762e-06 0
350.548 6.28762e-06 0
351.048 6.28762e-06 0
351.048 6.28762e-06 0
351.548 6.28762e-06 0
351.548 6.28762e-06 0
352.048 6.28762e-06 0
352.048 6.28762e-06 0
352.548 6.28762e-06 0
352.548 6.28762e-06 0
353.048 6.28762e-06 0
353.048 6.28762e-06 0
353.548 6.28762e-06 0
353.548 6.28762e-06 0
354.048 6.28762e-06 0
354.048 6.28762e-06 0
354.548 6.28762e-06 0
354.548 6.28762e-06 0
355.048 6.28762e-06 0
355.048 6.28762e-06 0
355.548 6.28762e-06 0
355.548 6.28762e-06 0
356.048 6.28762e-06 0
356.048 6.28762e-06 0
356.548 6.28762e-06 0
356.548 6.28762e-06 0
357.048 6.28762e-06 0
357.048 6.28762e-06 0
357.548 6.28762e-06 0
357.548 6.28762e-06 0
358.048 6.28762e-06 0
358.048 6.28762e-06 0
358.548 6.28762e-06 0
358.548 6.28762e-06 0
359.048 6.28762e-06 0
359.048 6.28762e-06 0
359.548 6.28762e-06 0
359.548 6.28762e-06 0
360.048 6.28762e-06 0
360.048 6.28762e-06 0
360.548 6.28762e-06 0
360.548 6.28762e-06 0
361.048 6.28762e-06 0
361.048 6.28762e-06 0
361.548 6.28762e-06 0
361.548 6.28762e-06 0
362.048 6.28762e-06 0
362.048 6.28762e-06 0
362.548 6.28762e-06 0
362.548 6.28762e-06 0
363.048 6.28762e-06 0
363.048 6.28762e-06 0
373.048 6.28762e-06 0
