# z rho mu
-16.3183 2.07e-06 0
-6.31829 2.07e-06 0
-6.31829 2.07001e-06 0
-4.98147 2.07001e-06 0
-4.98147 2.07072e-06 0
-3.90156 2.07072e-06 0
-3.90156 2.07574e-06 0
-3.18219 2.07574e-06 0
-3.18219 2.09119e-06 0
-2.62178 2.09119e-06 0
-2.62178 2.12297e-06 0
-2.15038 2.12297e-06 0
-2.15038 2.17492e-06 0
-1.7345 2.17492e-06 0
-1.7345 2.24831e-06 0
-1.35502 2.24831e-06 0
-1.35502 2.34192e-06 0
-0.999696 2.34192e-06 0
-0.999696 2.4525e-06 0
-0.659791 2.4525e-06 0
-0.659791 2.57523e-06 0
-0.328507 2.57523e-06 0
-0.328507 2.70429e-06 0
-1.88738e-15 2.70429e-06 0
-1.88738e-15 2.83335e-06 0
0.331284 2.83335e-06 0
0.331284 2.95609e-06 0
0.671188 2.95609e-06 0
0.671188 3.06667e-06 0
1.02652 3.06667e-06 0
1.02652 3.16028e-06 0
1.40599 3.16028e-06 0
1.40599 3.23367e-06 0
1.82188 3.23367e-06 0
1.82188 3.28562e-06 0
2.29327 3.28562e-06 0
2.29327 3.31739e-06 0
2.85368 3.31739e-06 0
2.85368 3.33285e-06 0
3.57305 3.33285e-06 0
3.57305 3.33787e-06 0
4.65296 3.33787e-06 0
4.65296 3.33858e-06 0
5.98978 3.33858e-06 0
5.98978 3.33859e-06 0
20.8203 3.33859e-06 0
20.8203 3.33859e-06 0
22.1571 3.33859e-06 0
22.1571 3.33885e-06 0
23.237 3.33885e-06 0
23.237 3.3407e-06 0
23.9564 3.3407e-06 0
23.9564 3.3464e-06 0
24.5168 3.3464e-06 0
24.5168 3.35811e-06 0
24.9882 3.35811e-06 0
24.9882 3.37726e-06 0
25.4041 3.37726e-06 0
25.4041 3.40431e-06 0
25.7835 3.40431e-06 0
25.7835 3.43882e-06 0
26.1389 3.43882e-06 0
26.1389 3.47958e-06 0
26.4788 3.47958e-06 0
26.4788 3.52482e-06 0
26.8101 3.52482e-06 0
26.8101 3.57239e-06 0
27.1386 3.57239e-06 0
27.1386 3.65476e-06 0
27.4244 3.65476e-06 0
27.4244 3.7201e-06 0
27.996 3.7201e-06 0
27.996 3.79401e-06 0
28.5677 3.79401e-06 0
28.5677 3.84678e-06 0
29.1393 3.84678e-06 0
29.1393 3.88012e-06 0
29.711 3.88012e-06 0
29.711 3.90054e-06 0
30.2826 3.90054e-06 0
30.2826 3.91452e-06 0
30.8542 3.91452e-06 0
30.8542 3.92621e-06 0
31.4259 3.92621e-06 0
31.4259 3.93754e-06 0
31.9975 3.93754e-06 0
31.9975 3.94918e-06 0
32.5692 3.94918e-06 0
32.5692 3.96133e-06 0
33.1408 3.96133e-06 0
33.1408 3.974e-06 0
33.7125 3.974e-06 0
33.7125 3.98717e-06 0
34.2841 3.98717e-06 0
34.2841 4.00081e-06 0
34.8557 4.00081e-06 0
34.8557 4.01488e-06 0
35.4274 4.01488e-06 0
35.4274 4.02934e-06 0
35.999 4.02934e-06 0
35.999 4.04415e-06 0
36.5707 4.04415e-06 0
36.5707 4.05924e-06 0
37.1423 4.05924e-06 0
37.1423 4.07457e-06 0
37.714 4.07457e-06 0
37.714 4.09009e-06 0
38.2856 4.09009e-06 0
38.2856 4.10572e-06 0
38.8572 4.10572e-06 0
38.8572 4.11749e-06 0
39.1431 4.11749e-06 0
39.1431 4.18555e-06 0
41.5233 4.18555e-06 0
41.5233 4.24655e-06 0
43.9655 4.24655e-06 0
43.9655 4.3015e-06 0
46.5186 4.3015e-06 0
46.5186 4.34802e-06 0
49.245 4.34802e-06 0
49.245 4.3845e-06 0
52.2332 4.3845e-06 0
52.2332 4.41031e-06 0
55.6201 4.41031e-06 0
55.6201 4.4261e-06 0
59.6466 4.4261e-06 0
59.6466 4.43379e-06 0
64.8153 4.43379e-06 0
64.8153 4.43628e-06 0
72.5744 4.43628e-06 0
72.5744 4.43663e-06 0
82.1795 4.43663e-06 0
82.1795 4.43664e-06 0
185.048 4.43664e-06 0
185.048 4.43664e-06 0
185.048 4.43664e-06 0
185.048 4.43664e-06 0
185.048 4.43664e-06 0
185.048 4.43664e-06 0
185.048 4.43664e-06 0
185.048 4.43664e-06 0
185.048 4.43664e-06 0
185.048 4.43664e-06 0
185.048 4.43664e-06 0
185.048 4.43664e-06 0
185.048 4.43664e-06 0
185.048 4.43664e-06 0
185.048 4.43664e-06 0
185.048 4.43664e-06 0
185.048 4.43664e-06 0
185.048 4.43664e-06 0
185.048 4.43664e-06 0
185.048 4.43664e-06 0
185.048 4.43664e-06 0
185.048 4.43664e-06 0
185.548 4.43664e-06 0
185.548 4.43664e-06 0
186.048 4.43664e-06 0
186.048 4.43664e-06 0
186.548 4.43664e-06 0
186.548 4.43664e-06 0
187.048 4.43664e-06 0
187.048 4.43663e-06 0
187.548 4.43663e-06 0
187.548 4.43663e-06 0
188.048 4.43663e-06 0
188.048 4.43663e-06 0
188.548 4.43663e-06 0
188.548 4.43662e-06 0
189.048 4.43662e-06 0
189.048 4.4366e-06 0
189.548 4.4366e-06 0
189.548 4.43656e-06 0
190.048 4.43656e-06 0
190.048 4.4365e-06 0
190.548 4.4365e-06 0
190.548 4.4364e-06 0
191.048 4.4364e-06 0
191.048 4.43623e-06 0
191.548 4.43623e-06 0
191.548 4.43307e-06 0
192.048 4.43307e-06 0
192.048 4.43433e-06 0
192.548 4.43433e-06 0
192.548 4.43433e-06 0
193.048 4.43433e-06 0
193.048 4.4335e-06 0
193.548 4.4335e-06 0
193.548 4.43191e-06 0
194.048 4.43191e-06 0
194.048 4.42941e-06 0
194.548 4.42941e-06 0
194.548 4.42572e-06 0
195.048 4.42572e-06 0
195.048 4.42039e-06 0
195.548 4.42039e-06 0
195.548 4.41285e-06 0
196.048 4.41285e-06 0
196.048 4.40238e-06 0
196.548 4.40238e-06 0
196.548 4.38811e-06 0
197.048 4.38811e-06 0
197.048 4.36898e-06 0
197.548 4.36898e-06 0
197.548 4.3438e-06 0
198.048 4.3438e-06 0
198.048 4.3112e-06 0
198.548 4.3112e-06 0
198.548 4.26975e-06 0
199.048 4.26975e-06 0
199.048 4.21793e-06 0
199.548 4.21793e-06 0
199.548 4.15426e-06 0
200.048 4.15426e-06 0
200.048 4.07738e-06 0
200.548 4.07738e-06 0
200.548 3.98612e-06 0
201.048 3.98612e-06 0
201.048 3.87964e-06 0
201.548 3.87964e-06 0
201.548 3.75748e-06 0
202.048 3.75748e-06 0
202.048 3.61973e-06 0
202.548 3.61973e-06 0
202.548 3.467e-06 0
203.048 3.467e-06 0
203.048 3.3005e-06 0
203.548 3.3005e-06 0
203.548 3.12202e-06 0
204.048 3.12202e-06 0
204.048 2.93388e-06 0
204.548 2.93388e-06 0
204.548 2.73881e-06 0
205.048 2.73881e-06 0
205.048 2.53985e-06 0
205.548 2.53985e-06 0
205.548 2.34016e-06 0
206.048 2.34016e-06 0
206.048 2.14288e-06 0
206.548 2.14288e-06 0
206.548 1.95095e-06 0
207.048 1.95095e-06 0
207.048 1.76695e-06 0
207.548 1.76695e-06 0
207.548 1.59301e-06 0
208.048 1.59301e-06 0
208.048 1.43068e-06 0
208.548 1.43068e-06 0
208.548 1.28094e-06 0
209.048 1.28094e-06 0
209.048 1.14417e-06 0
209.548 1.14417e-06 0
209.548 1.02024e-06 0
210.048 1.02024e-06 0
210.048 9.08547e-07 0
210.548 9.08547e-07 0
210.548 8.08136e-07 0
211.048 8.08136e-07 0
211.048 7.17831e-07 0
211.548 7.17831e-07 0
211.548 6.36334e-07 0
212.048 6.36334e-07 0
212.048 5.62335e-07 0
212.548 5.62335e-07 0
212.548 4.94601e-07 0
213.048 4.94601e-07 0
213.048 4.32042e-07 0
213.548 4.32042e-07 0
213.548 3.73751e-07 0
214.048 3.73751e-07 0
214.048 3.19023e-07 0
214.548 3.19023e-07 0
214.548 2.67355e-07 0
215.048 2.67355e-07 0
215.048 2.1842e-07 0
215.548 2.1842e-07 0
215.548 1.72045e-07 0
216.048 1.72045e-07 0
216.048 1.28165e-07 0
216.548 1.28165e-07 0
216.548 8.67924e-08 0
217.048 8.67924e-08 0
217.048 4.79759e-08 0
217.548 4.79759e-08 0
217.548 1.17718e-08 0
218.048 1.17718e-08 0
218.048 -2.09759e-08 0
218.548 -2.09759e-08 0
218.548 -5.07352e-08 0
219.048 -5.07352e-08 0
219.048 -7.76952e-08 0
219.548 -7.76952e-08 0
219.548 -1.01952e-07 0
220.048 -1.01952e-07 0
220.048 -1.23644e-07 0
220.548 -1.23644e-07 0
220.548 -1.4294e-07 0
221.048 -1.4294e-07 0
221.048 -1.60342e-07 0
221.548 -1.60342e-07 0
221.548 -1.76025e-07 0
222.048 -1.76025e-07 0
222.048 -1.89829e-07 0
222.548 -1.89829e-07 0
222.548 -2.01969e-07 0
223.048 -2.01969e-07 0
223.048 -2.12639e-07 0
223.548 -2.12639e-07 0
223.548 -2.22011e-07 0
224.048 -2.22011e-07 0
224.048 -2.30227e-07 0
224.548 -2.30227e-07 0
224.548 -2.37399e-07 0
225.048 -2.37399e-07 0
225.048 -2.43611e-07 0
225.548 -2.43611e-07 0
225.548 -2.4892e-07 0
226.048 -2.4892e-07 0
226.048 -2.53356e-07 0
226.548 -2.53356e-07 0
226.548 -2.5693e-07 0
227.048 -2.5693e-07 0
227.048 -2.5963e-07 0
227.548 -2.5963e-07 0
227.548 -2.61429e-07 0
228.048 -2.61429e-07 0
228.048 -2.62287e-07 0
228.548 -2.62287e-07 0
228.548 -2.62147e-07 0
229.048 -2.62147e-07 0
229.048 -2.60942e-07 0
229.548 -2.60942e-07 0
229.548 -2.58589e-07 0
230.048 -2.58589e-07 0
230.048 -2.54991e-07 0
230.548 -2.54991e-07 0
230.548 -2.50035e-07 0
231.048 -2.50035e-07 0
231.048 -2.43587e-07 0
231.548 -2.43587e-07 0
231.548 -2.35493e-07 0
232.048 -2.35493e-07 0
232.048 -2.25576e-07 0
232.548 -2.25576e-07 0
232.548 -2.1363e-07 0
233.048 -2.1363e-07 0
233.048 -1.99426e-07 0
233.548 -1.99426e-07 0
233.548 -1.82893e-07 0
234.048 -1.82893e-07 0
234.048 -1.65469e-07 0
234.548 -1.65469e-07 0
234.548 -1.45706e-07 0
235.048 -1.45706e-07 0
235.048 -1.23455e-07 0
235.548 -1.23455e-07 0
235.548 -9.80037e-08 0
236.048 -9.80037e-08 0
236.048 -6.91852e-08 0
236.548 -6.91852e-08 0
236.548 -3.70953e-08 0
237.048 -3.70953e-08 0
237.048 -1.91325e-09 0
237.548 -1.91325e-09 0
237.548 3.6085e-08 0
238.048 3.6085e-08 0
238.048 7.6517e-08 0
238.548 7.6517e-08 0
238.548 1.18888e-07 0
239.048 1.18888e-07 0
239.048 1.62592e-07 0
239.548 1.62592e-07 0
239.548 2.06915e-07 0
240.048 2.06915e-07 0
240.048 2.51048e-07 0
240.548 2.51048e-07 0
240.548 2.94108e-07 0
241.048 2.94108e-07 0
241.048 3.35158e-07 0
241.548 3.35158e-07 0
241.548 3.73234e-07 0
242.048 3.73234e-07 0
242.048 4.07384e-07 0
242.548 4.07384e-07 0
242.548 4.36693e-07 0
243.048 4.36693e-07 0
243.048 4.60323e-07 0
243.548 4.60323e-07 0
243.548 4.77542e-07 0
244.048 4.77542e-07 0
244.048 4.87755e-07 0
244.548 4.87755e-07 0
244.548 4.90523e-07 0
245.048 4.90523e-07 0
245.048 4.85588e-07 0
245.548 4.85588e-07 0
245.548 4.72876e-07 0
246.048 4.72876e-07 0
246.048 4.52503e-07 0
246.548 4.52503e-07 0
246.548 4.24762e-07 0
247.048 4.24762e-07 0
247.048 3.8991e-07 0
247.548 3.8991e-07 0
247.548 3.48609e-07 0
248.048 3.48609e-07 0
248.048 3.01794e-07 0
248.548 3.01794e-07 0
248.548 2.5049e-07 0
249.048 2.5049e-07 0
249.048 1.95778e-07 0
249.548 1.95778e-07 0
249.548 1.38756e-07 0
250.048 1.38756e-07 0
250.048 8.05049e-08 0
250.548 8.05049e-08 0
250.548 2.20539e-08 0
251.048 2.20539e-08 0
251.048 -3.56471e-08 0
251.548 -3.56471e-08 0
251.548 -9.17516e-08 0
252.048 -9.17516e-08 0
252.048 -1.45534e-07 0
252.548 -1.45534e-07 0
252.548 -1.964e-07 0
253.048 -1.964e-07 0
253.048 -2.43892e-07 0
253.548 -2.43892e-07 0
253.548 -2.87686e-07 0
254.048 -2.87686e-07 0
254.048 -3.27589e-07 0
254.548 -3.27589e-07 0
254.548 -3.63518e-07 0
255.048 -3.63518e-07 0
255.048 -3.95496e-07 0
255.548 -3.95496e-07 0
255.548 -4.23627e-07 0
256.048 -4.23627e-07 0
256.048 -4.4808e-07 0
256.548 -4.4808e-07 0
256.548 -4.69072e-07 0
257.048 -4.69072e-07 0
257.048 -4.86849e-07 0
257.548 -4.86849e-07 0
257.548 -5.01672e-07 0
258.048 -5.01672e-07 0
258.048 -5.13802e-07 0
258.548 -5.13802e-07 0
258.548 -5.23488e-07 0
259.048 -5.23488e-07 0
259.048 -5.30962e-07 0
259.548 -5.30962e-07 0
259.548 -5.36429e-07 0
260.048 -5.36429e-07 0
260.048 -5.40063e-07 0
260.548 -5.40063e-07 0
260.548 -5.42056e-07 0
261.048 -5.42056e-07 0
261.048 -5.4281e-07 0
261.548 -5.4281e-07 0
261.548 -5.42528e-07 0
262.048 -5.42528e-07 0
262.048 -5.41354e-07 0
262.548 -5.41354e-07 0
262.548 -5.39411e-07 0
263.048 -5.39411e-07 0
263.048 -5.36801e-07 0
263.548 -5.36801e-07 0
263.548 -5.33607e-07 0
264.048 -5.33607e-07 0
264.048 -5.29903e-07 0
264.548 -5.29903e-07 0
264.548 -5.26096e-07 0
265.048 -5.26096e-07 0
265.048 -5.2142e-07 0
265.548 -5.2142e-07 0
265.548 -5.16429e-07 0
266.048 -5.16429e-07 0
266.048 -5.11147e-07 0
266.548 -5.11147e-07 0
266.548 -5.05603e-07 0
267.048 -5.05603e-07 0
267.048 -4.99821e-07 0
267.548 -4.99821e-07 0
267.548 -4.93827e-07 0
268.048 -4.93827e-07 0
268.048 -4.87648e-07 0
268.548 -4.87648e-07 0
268.548 -4.81308e-07 0
269.048 -4.81308e-07 0
269.048 -4.74833e-07 0
269.548 -4.74833e-07 0
269.548 -4.6825e-07 0
270.048 -4.6825e-07 0
270.048 -4.61584e-07 0
270.548 -4.61584e-07 0
270.548 -4.54861e-07 0
271.048 -4.54861e-07 0
271.048 -4.48108e-07 0
271.548 -4.48108e-07 0
271.548 -4.41351e-07 0
272.048 -4.41351e-07 0
272.048 -4.34617e-07 0
272.548 -4.34617e-07 0
272.548 -4.27934e-07 0
273.048 -4.27934e-07 0
273.048 -4.21329e-07 0
273.548 -4.21329e-07 0
273.548 -4.14831e-07 0
274.048 -4.14831e-07 0
274.048 -4.08467e-07 0
274.548 -4.08467e-07 0
274.548 -4.02267e-07 0
275.048 -4.02267e-07 0
275.048 -3.96259e-07 0
275.548 -3.96259e-07 0
275.548 -3.90473e-07 0
276.048 -3.90473e-07 0
276.048 -3.84938e-07 0
276.548 -3.84938e-07 0
276.548 -3.79684e-07 0
277.048 -3.79684e-07 0
277.048 -3.74739e-07 0
277.548 -3.74739e-07 0
277.548 -3.70135e-07 0
278.048 -3.70135e-07 0
278.048 -3.65899e-07 0
278.548 -3.65899e-07 0
278.548 -3.62063e-07 0
279.048 -3.62063e-07 0
279.048 -3.58655e-07 0
279.548 -3.58655e-07 0
279.548 -3.55703e-07 0
280.048 -3.55703e-07 0
280.048 -3.53237e-07 0
280.548 -3.53237e-07 0
280.548 -3.51284e-07 0
281.048 -3.51284e-07 0
281.048 -3.4987e-07 0
281.548 -3.4987e-07 0
281.548 -3.49022e-07 0
282.048 -3.49022e-07 0
282.048 -3.48765e-07 0
282.548 -3.48765e-07 0
282.548 -3.49123e-07 0
283.048 -3.49123e-07 0
283.048 -3.50212e-07 0
283.548 -3.50212e-07 0
283.548 -3.52133e-07 0
284.048 -3.52133e-07 0
284.048 -3.54774e-07 0
284.548 -3.54774e-07 0
284.548 -3.58037e-07 0
285.048 -3.58037e-07 0
285.048 -3.61825e-07 0
285.548 -3.61825e-07 0
285.548 -3.66041e-07 0
286.048 -3.66041e-07 0
286.048 -3.70592e-07 0
286.548 -3.70592e-07 0
286.548 -3.75385e-07 0
287.048 -3.75385e-07 0
287.048 -3.80333e-07 0
287.548 -3.80333e-07 0
287.548 -3.85353e-07 0
288.048 -3.85353e-07 0
288.048 -3.90364e-07 0
288.548 -3.90364e-07 0
288.548 -3.95292e-07 0
289.048 -3.95292e-07 0
289.048 -4.00065e-07 0
289.548 -4.00065e-07 0
289.548 -4.04618e-07 0
290.048 -4.04618e-07 0
290.048 -4.08887e-07 0
290.548 -4.08887e-07 0
290.548 -4.12813e-07 0
291.048 -4.12813e-07 0
291.048 -4.16338e-07 0
291.548 -4.16338e-07 0
291.548 -4.19407e-07 0
292.048 -4.19407e-07 0
292.048 -4.21965e-07 0
292.548 -4.21965e-07 0
292.548 -4.24355e-07 0
293.048 -4.24355e-07 0
293.048 -4.26859e-07 0
293.548 -4.26859e-07 0
293.548 -4.29462e-07 0
294.048 -4.29462e-07 0
294.048 -4.32149e-07 0
294.548 -4.32149e-07 0
294.548 -4.34908e-07 0
295.048 -4.34908e-07 0
295.048 -4.37724e-07 0
295.548 -4.37724e-07 0
295.548 -4.40586e-07 0
296.048 -4.40586e-07 0
296.048 -4.43482e-07 0
296.548 -4.43482e-07 0
296.548 -4.464e-07 0
297.048 -4.464e-07 0
297.048 -4.4933e-07 0
297.548 -4.4933e-07 0
297.548 -4.52261e-07 0
298.048 -4.52261e-07 0
298.048 -4.55185e-07 0
298.548 -4.55185e-07 0
298.548 -4.58091e-07 0
299.048 -4.58091e-07 0
299.048 -4.60973e-07 0
299.548 -4.60973e-07 0
299.548 -4.63822e-07 0
300.048 -4.63822e-07 0
300.048 -4.66631e-07 0
300.548 -4.66631e-07 0
300.548 -4.69395e-07 0
301.048 -4.69395e-07 0
301.048 -4.72106e-07 0
301.548 -4.72106e-07 0
301.548 -4.74761e-07 0
302.048 -4.74761e-07 0
302.048 -4.77354e-07 0
302.548 -4.77354e-07 0
302.548 -4.79882e-07 0
303.048 -4.79882e-07 0
303.048 -4.82341e-07 0
303.548 -4.82341e-07 0
303.548 -4.84728e-07 0
304.048 -4.84728e-07 0
304.048 -4.8704e-07 0
304.548 -4.8704e-07 0
304.548 -4.89277e-07 0
305.048 -4.89277e-07 0
305.048 -4.91438e-07 0
305.548 -4.91438e-07 0
305.548 -4.9352e-07 0
306.048 -4.9352e-07 0
306.048 -4.95524e-07 0
306.548 -4.95524e-07 0
306.548 -4.97451e-07 0
307.048 -4.97451e-07 0
307.048 -4.99301e-07 0
307.548 -4.99301e-07 0
307.548 -5.01075e-07 0
308.048 -5.01075e-07 0
308.048 -5.02776e-07 0
308.548 -5.02776e-07 0
308.548 -5.04404e-07 0
309.048 -5.04404e-07 0
309.048 -5.05963e-07 0
309.548 -5.05963e-07 0
309.548 -5.07455e-07 0
310.048 -5.07455e-07 0
310.048 -5.08884e-07 0
310.548 -5.08884e-07 0
310.548 -5.10253e-07 0
311.048 -5.10253e-07 0
311.048 -5.11565e-07 0
311.548 -5.11565e-07 0
311.548 -5.12826e-07 0
312.048 -5.12826e-07 0
312.048 -5.14038e-07 0
312.548 -5.14038e-07 0
312.548 -5.15206e-07 0
313.048 -5.15206e-07 0
313.048 -5.16336e-07 0
313.548 -5.16336e-07 0
313.548 -5.17431e-07 0
314.048 -5.17431e-07 0
314.048 -5.18497e-07 0
314.548 -5.18497e-07 0
314.548 -5.19538e-07 0
315.048 -5.19538e-07 0
315.048 -5.2056e-07 0
315.548 -5.2056e-07 0
315.548 -5.21567e-07 0
316.048 -5.21567e-07 0
316.048 -5.22558e-07 0
316.548 -5.22558e-07 0
316.548 -5.23467e-07 0
317.048 -5.23467e-07 0
317.048 -5.24297e-07 0
317.548 -5.24297e-07 0
317.548 -5.25067e-07 0
318.048 -5.25067e-07 0
318.048 -5.25799e-07 0
318.548 -5.25799e-07 0
318.548 -5.26511e-07 0
319.048 -5.26511e-07 0
319.048 -5.27217e-07 0
319.548 -5.27217e-07 0
319.548 -5.27935e-07 0
320.048 -5.27935e-07 0
320.048 -5.28677e-07 0
320.548 -5.28677e-07 0
320.548 -5.29457e-07 0
321.048 -5.29457e-07 0
321.048 -5.30286e-07 0
321.548 -5.30286e-07 0
321.548 -5.31177e-07 0
322.048 -5.31177e-07 0
322.048 -5.32141e-07 0
322.548 -5.32141e-07 0
322.548 -5.33188e-07 0
323.048 -5.33188e-07 0
323.048 -5.3433e-07 0
323.548 -5.3433e-07 0
323.548 -5.35578e-07 0
324.048 -5.35578e-07 0
324.048 -5.36943e-07 0
324.548 -5.36943e-07 0
324.548 -5.38435e-07 0
325.048 -5.38435e-07 0
325.048 -5.40065e-07 0
325.548 -5.40065e-07 0
325.548 -5.41845e-07 0
326.048 -5.41845e-07 0
326.048 -5.43785e-07 0
326.548 -5.43785e-07 0
326.548 -5.45897e-07 0
327.048 -5.45897e-07 0
327.048 -5.48192e-07 0
327.548 -5.48192e-07 0
327.548 -5.50682e-07 0
328.048 -5.50682e-07 0
328.048 -5.53376e-07 0
328.548 -5.53376e-07 0
328.548 -5.56285e-07 0
329.048 -5.56285e-07 0
329.048 -5.57353e-07 0
329.548 -5.57353e-07 0
329.548 -5.57353e-07 0
330.048 -5.57353e-07 0
330.048 -5.57353e-07 0
330.548 -5.57353e-07 0
330.548 -5.57353e-07 0
331.048 -5.57353e-07 0
331.048 -5.57353e-07 0
331.548 -5.57353e-07 0
331.548 -5.57353e-07 0
332.048 -5.57353e-07 0
332.048 -5.57353e-07 0
332.548 -5.57353e-07 0
332.548 -5.57353e-07 0
333.048 -5.57353e-07 0
333.048 -5.57353e-07 0
333.548 -5.57353e-07 0
333.548 -5.57353e-07 0
334.048 -5.57353e-07 0
334.048 -5.57353e-07 0
334.548 -5.57353e-07 0
334.548 -5.57353e-07 0
335.048 -5.57353e-07 0
335.048 -5.57353e-07 0
335.548 -5.57353e-07 0
335.548 -5.57353e-07 0
336.048 -5.57353e-07 0
336.048 -5.57353e-07 0
336.548 -5.57353e-07 0
336.548 -5.57353e-07 0
337.048 -5.57353e-07 0
337.048 -5.57353e-07 0
337.548 -5.57353e-07 0
337.548 -5.57353e-07 0
338.048 -5.57353e-07 0
338.048 -5.57353e-07 0
338.548 -5.57353e-07 0
338.548 -5.57353e-07 0
339.048 -5.57353e-07 0
339.048 -5.57353e-07 0
339.548 -5.57353e-07 0
339.548 -5.57353e-07 0
340.048 -5.57353e-07 0
340.048 -5.57353e-07 0
340.548 -5.57353e-07 0
340.548 -5.57353e-07 0
341.048 -5.57353e-07 0
341.048 -5.57353e-07 0
341.548 -5.57353e-07 0
341.548 -5.57353e-07 0
342.048 -5.57353e-07 0
342.048 -5.57353e-07 0
342.548 -5.57353e-07 0
342.548 -5.57353e-07 0
343.048 -5.57353e-07 0
343.048 -5.57353e-07 0
343.548 -5.57353e-07 0
343.548 -5.57353e-07 0
344.048 -5.57353e-07 0
344.048 -5.57353e-07 0
344.548 -5.57353e-07 0
344.548 -5.57353e-07 0
345.048 -5.57353e-07 0
345.048 -5.57353e-07 0
345.548 -5.57353e-07 0
345.548 -5.57353e-07 0
346.048 -5.57353e-07 0
346.048 -5.57353e-07 0
346.548 -5.57353e-07 0
346.548 -5.57353e-07 0
347.048 -5.57353e-07 0
347.048 -5.57353e-07 0
347.548 -5.57353e-07 0
347.548 -5.57353e-07 0
348.048 -5.57353e-07 0
348.048 -5.57353e-07 0
348.548 -5.57353e-07 0
348.548 -5.57353e-07 0
349.048 -5.57353e-07 0
349.048 -5.57353e-07 0
349.548 -5.57353e-07 0
349.548 -5.57353e-07 0
350.048 -5.57353e-07 0
350.048 -5.57353e-07 0
350.548 -5.57353e-07 0
350.548 -5.57353e-07 0
351.048 -5.57353e-07 0
351.048 -5.57353e-07 0
351.548 -5.57353e-07 0
351.548 -5.57353e-07 0
352.048 -5.57353e-07 0
352.048 -5.57353e-07 0
352.548 -5.57353e-07 0
352.548 -5.57353e-07 0
353.048 -5.57353e-07 0
353.048 -5.57353e-07 0
353.548 -5.57353e-07 0
353.548 -5.57353e-07 0
354.048 -5.57353e-07 0
354.048 -5.57353e-07 0
354.548 -5.57353e-07 0
354.548 -5.57353e-07 0
355.048 -5.57353e-07 0
355.048 -5.57353e-07 0
355.548 -5.57353e-07 0
355.548 -5.57353e-07 0
356.048 -5.57353e-07 0
356.048 -5.57353e-07 0
356.548 -5.57353e-07 0
356.548 -5.57353e-07 0
357.048 -5.57353e-07 0
357.048 -5.57353e-07 0
357.548 -5.57353e-07 0
357.548 -5.57353e-07 0
358.048 -5.57353e-07 0
358.048 -5.57353e-07 0
358.548 -5.57353e-07 0
358.548 -5.57353e-07 0
359.048 -5.57353e-07 0
359.048 -5.57353e-07 0
359.548 -5.57353e-07 0
359.548 -5.57353e-07 0
360.048 -5.57353e-07 0
360.048 -5.57353e-07 0
360.548 -5.57353e-07 0
360.548 -5.57353e-07 0
361.048 -5.57353e-07 0
361.048 -5.57353e-07 0
361.548 -5.57353e-07 0
361.548 -5.57353e-07 0
362.048 -5.57353e-07 0
362.048 -5.57353e-07 0
362.548 -5.57353e-07 0
362.548 -5.57353e-07 0
363.048 -5.57353e-07 0
363.048 -5.57353e-07 0
363.548 -5.57353e-07 0
363.548 -5.57353e-07 0
364.048 -5.57353e-07 0
364.048 -5.57353e-07 0
364.548 -5.57353e-07 0
364.548 -5.57353e-07 0
365.048 -5.57353e-07 0
365.048 -5.57353e-07 0
365.548 -5.57353e-07 0
365.548 -5.57353e-07 0
366.048 -5.57353e-07 0
366.048 -5.57353e-07 0
366.548 -5.57353e-07 0
366.548 -5.57353e-07 0
367.048 -5.57353e-07 0
367.048 -5.57353e-07 0
367.548 -5.57353e-07 0
367.548 -5.57353e-07 0
368.048 -5.57353e-07 0
368.048 -5.57353e-07 0
368.548 -5.57353e-07 0
368.548 -5.57353e-07 0
369.048 -5.57353e-07 0
369.048 -5.57353e-07 0
369.548 -5.57353e-07 0
369.548 -5.57353e-07 0
370.048 -5.57353e-07 0
370.048 -5.57353e-07 0
380.048 -5.57353e-07 0
