median_area p2sigma_nsld m2sigma_nsld p2sigma_area median_nsl m2sigma_nsl m2sigma_area psigma_area msigma_nsl msigma_nsld p2sigma_nsl zaxis psigma_nsld psigma_nsl median_nsld msigma_area 
0.0 0.0 0.0 0.0 0.0 0.0 0.0 0.0 0.0 0.0 0.0 0.0 0.0 0.0 0.0 0.0 
0.0 0.0 0.0 0.0 0.0 0.0 0.0 0.0 0.0 0.0 0.0 0.5 0.0 0.0 0.0 0.0 
0.0 0.0 0.0 0.0 0.0 0.0 0.0 0.0 0.0 0.0 0.0 1.0 0.0 0.0 0.0 0.0 
0.0 0.0 0.0 0.0 0.0 0.0 0.0 0.0 0.0 0.0 0.0 1.5 0.0 0.0 0.0 0.0 
0.0 0.0 0.0 0.0 0.0 0.0 0.0 0.0 0.0 0.0 0.0 2.0 0.0 0.0 0.0 0.0 
0.0 0.0 0.0 0.0 0.0 0.0 0.0 0.0 0.0 0.0 0.0 2.5 0.0 0.0 0.0 0.0 
0.0 0.0 0.0 0.0 0.0 0.0 0.0 0.0 0.0 0.0 0.0 3.0 0.0 0.0 0.0 0.0 
0.0 0.0 0.0 0.0 0.0 0.0 0.0 0.0 0.0 0.0 0.0 3.5 0.0 0.0 0.0 0.0 
0.0 0.0 0.0 0.0 0.0 0.0 0.0 0.0 0.0 0.0 0.0 4.0 0.0 0.0 0.0 0.0 
0.0 0.0 0.0 0.0 0.0 0.0 0.0 0.0 0.0 0.0 0.0 4.5 0.0 0.0 0.0 0.0 
0.0 0.0 0.0 0.0 0.0 0.0 0.0 0.0 0.0 0.0 0.0 5.0 0.0 0.0 0.0 0.0 
0.0 0.0 0.0 0.0 0.0 0.0 0.0 0.0 0.0 0.0 0.0 5.5 0.0 0.0 0.0 0.0 
0.0 0.0 0.0 0.0 0.0 0.0 0.0 0.0 0.0 0.0 0.0 6.0 0.0 0.0 0.0 0.0 
0.0 0.0 0.0 0.0 0.0 0.0 0.0 0.0 0.0 0.0 0.0 6.5 0.0 0.0 0.0 0.0 
0.0 0.0 0.0 0.0 0.0 0.0 0.0 0.0 0.0 0.0 0.0 7.0 0.0 0.0 0.0 0.0 
0.0 0.0 0.0 0.0 0.0 0.0 0.0 0.0 0.0 0.0 0.0 7.5 0.0 0.0 0.0 0.0 
0.0 0.0 0.0 0.0 0.0 0.0 0.0 0.0 0.0 0.0 0.0 8.0 0.0 0.0 0.0 0.0 
0.0 0.0 0.0 0.0 0.0 0.0 0.0 0.0 0.0 0.0 0.0 8.5 0.0 0.0 0.0 0.0 
0.0 0.0 0.0 0.0 0.0 0.0 0.0 0.0 0.0 0.0 0.0 9.0 0.0 0.0 0.0 0.0 
0.0 0.0 0.0 0.0 0.0 0.0 0.0 0.0 0.0 0.0 0.0 9.5 0.0 0.0 0.0 0.0 
0.0 0.0 0.0 0.0 0.0 0.0 0.0 0.0 0.0 0.0 0.0 10.0 0.0 0.0 0.0 0.0 
0.0 0.0 0.0 0.0 0.0 0.0 0.0 0.0 0.0 0.0 0.0 10.5 0.0 0.0 0.0 0.0 
0.0 0.0 0.0 0.0 0.0 0.0 0.0 0.0 0.0 0.0 0.0 11.0 0.0 0.0 0.0 0.0 
0.0 0.0 0.0 0.0 0.0 0.0 0.0 0.0 0.0 0.0 0.0 11.5 0.0 0.0 0.0 0.0 
0.0 0.0 0.0 0.0 0.0 0.0 0.0 0.0 0.0 0.0 0.0 12.0 0.0 0.0 0.0 0.0 
0.0 0.0 0.0 0.0 0.0 0.0 0.0 0.0 0.0 0.0 0.0 12.5 0.0 0.0 0.0 0.0 
0.0 0.0 0.0 0.0 0.0 0.0 0.0 0.0 0.0 0.0 0.0 13.0 0.0 0.0 0.0 0.0 
0.0 0.0 0.0 0.0 0.0 0.0 0.0 0.0 0.0 0.0 0.0 13.5 0.0 0.0 0.0 0.0 
0.0 0.0 0.0 0.0 0.0 0.0 0.0 0.0 0.0 0.0 0.0 14.0 0.0 0.0 0.0 0.0 
0.0 0.0 0.0 0.0 0.0 0.0 0.0 0.0 0.0 0.0 0.0 14.5 0.0 0.0 0.0 0.0 
0.0 2.46963933801e-06 0.0 0.00018748 0.0 0.0 0.0 0.0 0.0 0.0 3.014571216e-10 15.0 0.0 0.0 0.0 0.0 
0.0 3.59716407143e-06 0.0 0.025333432 0.0 0.0 0.0 0.0 0.0 0.0 3.931787008e-08 15.5 0.0 0.0 0.0 0.0 
0.0 4.07609486519e-06 0.0 0.053143576 0.0 0.0 0.0 0.0 0.0 0.0 1.12174112e-07 16.0 0.0 0.0 0.0 0.0 
0.0 4.25704475275e-06 0.0 0.14469948 0.0 0.0 0.0 0.0 0.0 0.0 2.296101592e-07 16.5 0.0 0.0 0.0 0.0 
0.0 4.29135425153e-06 0.0 0.256413968 0.0 0.0 0.0 0.0 0.0 0.0 3.381974432e-07 17.0 0.0 0.0 0.0 0.0 
0.0 4.409146989e-06 0.0 0.428655296 0.0 0.0 0.0 0.0 0.0 0.0 5.190249584e-07 17.5 0.0 0.0 0.0 0.0 
0.0 4.51348867775e-06 0.0 0.583768336 0.0 0.0 0.0 0.0 0.0 0.0 7.174358912e-07 18.0 0.0 0.0 0.0 0.0 
0.0 4.55005433918e-06 0.0 0.74480684 0.0 0.0 0.0 0.000221528 0.0 0.0 9.279215064e-07 18.5 1.82107481401e-06 3.29265192e-10 0.0 0.0 
0.0 4.58517011383e-06 0.0 0.911814992 0.0 0.0 0.0 0.002631448 0.0 0.0 1.148829672e-06 19.0 2.12053560656e-06 4.321404808e-09 0.0 0.0 
0.0 4.56370952653e-06 0.0 1.083686824 0.0 0.0 0.0 0.00587332 0.0 0.0 1.36889596e-06 19.5 2.2420091227e-06 8.482149472e-09 0.0 0.0 
0.0 4.54140949466e-06 0.0 1.293526728 0.0 0.0 0.0 0.011439592 0.0 0.0 1.597384152e-06 20.0 2.31233958174e-06 1.513908568e-08 0.0 0.0 
0.0 4.57810540356e-06 0.0 1.455016536 0.0 0.0 0.0 0.017058304 0.0 0.0 1.829839344e-06 20.5 2.48979543576e-06 2.22988348e-08 0.0 0.0 
0.0 4.56026271018e-06 0.0 1.5801358 0.0 0.0 0.0 0.026150608 0.0 0.0 2.065218e-06 21.0 2.68567924157e-06 3.83504788e-08 0.0 0.0 
0.0 4.56377256742e-06 0.0 1.71190924 0.0 0.0 0.0 0.040284864 0.0 0.0 2.302435e-06 21.5 2.93391548967e-06 6.724044328e-08 0.0 0.0 
0.0 4.58297660704e-06 0.0 1.84096532 0.0 0.0 0.0 0.055288216 0.0 0.0 2.540398344e-06 22.0 3.00751167612e-06 1.006776424e-07 0.0 0.0 
0.0 4.55338067151e-06 0.0 1.95896096 0.0 0.0 0.0 0.078718904 0.0 0.0 2.697865984e-06 22.5 3.13493725833e-06 1.336302888e-07 0.0 0.0 
0.0 4.58335809627e-06 0.0 2.071342016 0.0 0.0 0.0 0.09713988 0.0 0.0 2.773660712e-06 23.0 3.16127772724e-06 1.590478872e-07 0.0 0.0 
0.0 4.58338918298e-06 0.0 2.277224744 0.0 0.0 0.0 0.12634916 0.0 0.0 2.917762352e-06 23.5 3.2105766552e-06 1.884875224e-07 0.0 0.0 
0.0 4.71721470351e-06 0.0 2.398827192 0.0 0.0 0.0 0.15034716 0.0 0.0 2.957165608e-06 24.0 3.31779991835e-06 2.28472304e-07 0.0 0.0 
0.0 4.76127599045e-06 0.0 2.56628404 0.0 0.0 0.0 0.185201928 0.0 0.0 2.983132224e-06 24.5 3.36053362369e-06 2.55210444e-07 0.0 0.0 
0.0 4.7514261787e-06 0.0 2.734285552 0.0 0.0 0.0 0.214950384 0.0 0.0 3.007473752e-06 25.0 3.4293490241e-06 3.124451168e-07 0.0 0.0 
0.0 4.72924085103e-06 0.0 2.878716552 0.0 0.0 0.0 0.24463028 0.0 0.0 3.148693208e-06 25.5 3.42333899306e-06 3.602511904e-07 0.0 0.0 
0.0 4.6702543107e-06 0.0 3.005171136 0.0 0.0 0.0 0.268330552 0.0 0.0 3.289292792e-06 26.0 3.41509418732e-06 4.030162552e-07 0.0 0.0 
0.0 4.73364308106e-06 0.0 3.117568008 0.0 0.0 0.0 0.295109 0.0 0.0 3.33057476e-06 26.5 3.47517348671e-06 4.466481576e-07 0.0 0.0 
0.0 4.71604664534e-06 0.0 3.248605168 0.0 0.0 0.0 0.308932 0.0 0.0 3.41928508e-06 27.0 3.47976590856e-06 4.991284024e-07 0.0 0.0 
0.0 4.73194973274e-06 0.0 3.314711976 0.0 0.0 0.0 0.329436888 0.0 0.0 3.42893236e-06 27.5 3.52828842887e-06 5.450107608e-07 0.0 0.0 
0.0 4.70236437208e-06 0.0 3.36542144 0.0 0.0 0.0 0.373775176 0.0 0.0 3.426492384e-06 28.0 3.53147206284e-06 6.041818008e-07 0.0 0.0 
0.00023 4.70898240658e-06 0.0 3.396846384 9.556106e-12 0.0 0.0 0.41441644 0.0 0.0 3.41373204e-06 28.5 3.56280067465e-06 6.386706856e-07 1.56954395295e-06 0.0 
0.001084 4.71165299759e-06 0.0 3.432805152 9.818563e-10 0.0 0.0 0.448960552 0.0 0.0 3.50258636e-06 29.0 3.56449026731e-06 7.04352632e-07 1.75879077753e-06 0.0 
0.003061 4.79197759197e-06 0.0 3.533599336 4.071545e-09 0.0 0.0 0.503129 0.0 0.0 3.869778992e-06 29.5 3.63802331432e-06 8.130191816e-07 1.93963897827e-06 0.0 
0.008138 4.80482099747e-06 0.0 3.835264056 1.187942e-08 0.0 0.0 0.698195872 0.0 0.0 4.817053416e-06 30.0 3.70937138005e-06 9.720136456e-07 2.06830153394e-06 0.0 
0.016861 4.8907695202e-06 0.0 4.649756264 2.678919e-08 0.0 0.0 0.837986312 0.0 0.0 5.549356e-06 30.5 3.76421831945e-06 1.179183264e-06 2.28891732218e-06 0.0 
0.029607 4.86422038714e-06 0.0 4.81249056 4.517884e-08 0.0 0.0 1.168536888 0.0 0.0 5.704669536e-06 31.0 3.85313718895e-06 1.55324956e-06 2.43001530086e-06 0.0 
0.042774 4.90429503795e-06 0.0 4.65584584 6.512244e-08 0.0 0.0 1.390747992 0.0 0.0 5.794488376e-06 31.5 3.92145244482e-06 1.735910928e-06 2.51307662609e-06 0.0 
0.063869 4.90322779976e-06 0.0 4.626788272 9.468412e-08 0.0 0.0 1.637150936 0.0 0.0 5.73009244e-06 32.0 3.95558826954e-06 1.981695872e-06 2.60046692998e-06 0.0 
0.093727 4.89220879143e-06 0.0 4.72162088 1.361472e-07 0.0 0.0 1.770480488 0.0 0.0 5.895265064e-06 32.5 3.96757484001e-06 2.216536192e-06 2.65533591499e-06 0.0 
0.123921 4.88992307761e-06 0.0 4.679495272 1.845493e-07 0.0 0.0 1.960696664 0.0 0.0 5.903792264e-06 33.0 3.99741872963e-06 2.368886432e-06 2.69830050562e-06 0.0 
0.154247 4.88641828976e-06 0.0 4.539538256 2.3498e-07 0.0 0.0 1.968269288 0.0 0.0 5.7848858e-06 33.5 4.01645346826e-06 2.461447928e-06 2.73279464552e-06 0.0 
0.180868 4.8771094343e-06 0.0 4.409467312 2.847506e-07 0.0 0.0 2.007459512 1.339901792e-10 1.53107888252e-06 5.933722096e-06 34.0 4.02265774864e-06 2.562952176e-06 2.76242070943e-06 0.00026892 
0.206555 4.85943684282e-06 0.0 4.163562272 3.360429e-07 0.0 0.0 2.093157576 4.746254664e-09 1.82624502931e-06 5.70893848e-06 34.5 4.04907437338e-06 2.57008276e-06 2.81529043212e-06 0.00400224 
0.248368 4.86789263103e-06 0.0 4.182620688 4.013239e-07 0.0 0.0 2.123389 1.407713296e-08 1.94278113365e-06 5.601003088e-06 35.0 4.07547823136e-06 2.584841592e-06 2.86358186398e-06 0.010296496 
0.289442 4.8545285967e-06 0.0 3.884947576 4.627282e-07 0.0 0.0 2.066751 2.453095952e-08 2.01190993166e-06 5.328806696e-06 35.5 4.0621838275e-06 2.50499944e-06 2.89966153741e-06 0.01972244 
0.337855 4.86861688723e-06 0.0 3.566369032 5.032776e-07 0.0 0.0 1.982517208 3.764935984e-08 2.06599224479e-06 5.062458784e-06 36.0 4.07656884787e-06 2.43563636e-06 2.93162179863e-06 0.025638952 
0.382655 4.92825919925e-06 0.0 3.389016816 5.782071e-07 0.0 0.0 1.91230808 5.076123592e-08 2.09011910162e-06 4.772186552e-06 36.5 4.09496732839e-06 2.446079304e-06 2.92825513961e-06 0.036107848 
0.423701 4.93293775447e-06 0.0 3.311216632 6.275813e-07 0.0 0.000276 1.861576104 6.686968744e-08 2.09618869881e-06 4.400119952e-06 37.0 4.1063529207e-06 2.448385984e-06 2.94036174542e-06 0.04624392 
0.457882 4.96393404117e-06 0.0 3.306403456 6.76266e-07 0.0 0.000651992 1.795444872 7.5943082e-08 2.08767818654e-06 4.290868056e-06 37.5 4.13971619211e-06 2.38560016e-06 2.92994095461e-06 0.053410568 
0.502082 4.9332289347e-06 0.0 3.270048512 7.325862e-07 0.0 0.0003816 1.714112496 8.353486592e-08 2.07968877377e-06 4.265348752e-06 38.0 4.16684303168e-06 2.333530048e-06 2.90572147681e-06 0.05872052 
0.544503 4.98361487468e-06 0.0 3.28258824 7.60767e-07 0.0 0.0 1.601218416 9.335176824e-08 2.05804375934e-06 4.179935816e-06 38.5 4.16073193786e-06 2.233993968e-06 2.89466151424e-06 0.063610432 
0.545981 4.98514005059e-06 0.0 3.090134976 7.960856e-07 0.0 0.0 1.542240528 1.041605384e-07 2.0548424985e-06 4.12965e-06 39.0 4.17210818786e-06 2.13038272e-06 2.87797333437e-06 0.076895344 
0.551866 4.96702318807e-06 0.0 3.17615332 8.109545e-07 0.0 0.0 1.467699272 1.119721096e-07 2.05531703999e-06 4.044820224e-06 39.5 4.16351954452e-06 2.087769248e-06 2.8757302812e-06 0.079582528 
0.573524 4.99803892479e-06 0.0 3.295768264 8.263008e-07 0.0 0.0 1.440869 1.181136824e-07 2.04499897334e-06 4.036801896e-06 40.0 4.13543924306e-06 2.051362696e-06 2.86724382279e-06 0.083568616 
0.598303 4.9972479084e-06 0.0 3.323752512 8.58063e-07 0.0 0.0 1.42259612 1.348409744e-07 2.02721437583e-06 3.862409296e-06 40.5 4.12511882723e-06 2.050086232e-06 2.8807389394e-06 0.093239576 
0.600278 5.04830448057e-06 0.0 3.248207216 8.944946e-07 0.0 0.0 1.388766496 1.50218704e-07 2.00966341616e-06 3.725598592e-06 41.0 4.11040793685e-06 2.034802008e-06 2.8811674049e-06 0.105387888 
0.617985 5.04421177963e-06 0.0 3.234617288 9.261331e-07 0.0 0.0 1.441445616 1.570905968e-07 1.98142787298e-06 3.74321e-06 41.5 4.12227243206e-06 2.035468784e-06 2.88251587882e-06 0.1148724 
0.637207 5.02929298165e-06 0.0 3.047842024 9.687848e-07 0.0 0.0 1.435522896 1.938512832e-07 1.98799999926e-06 3.940273712e-06 42.0 4.13665003272e-06 2.094224512e-06 2.88504733299e-06 0.124677 
0.649617 5.03304996137e-06 0.0 2.977074216 9.662607e-07 0.0 0.0 1.455582784 2.134792136e-07 1.98055546801e-06 3.896037368e-06 42.5 4.12434870432e-06 2.144872224e-06 2.88615294404e-06 0.130722672 
0.668409 4.98825572713e-06 0.0 3.055151872 1.016395e-06 0.0 0.0 1.510539176 2.145701e-07 1.9895578546e-06 4.076001272e-06 43.0 4.1118116436e-06 2.235390152e-06 2.90988897457e-06 0.147123176 
0.696835 4.94210261646e-06 0.0 3.317247952 1.077069e-06 0.0 0.0 1.581684296 2.129745456e-07 1.98632805266e-06 4.475939984e-06 43.5 4.11546470461e-06 2.323659152e-06 2.91175196382e-06 0.138224048 
0.735285 4.98916032561e-06 0.0 3.541423536 1.160484e-06 0.0 0.0 1.65812684 2.199327376e-07 1.98628939857e-06 4.980129464e-06 44.0 4.12689174821e-06 2.436303112e-06 2.93924586986e-06 0.149351984 
0.779 4.98929294928e-06 0.0 4.091800176 1.234063e-06 0.0 0.0 1.7670842 2.236436592e-07 1.9757015952e-06 5.505936464e-06 44.5 4.15651651653e-06 2.707891936e-06 3.00034140716e-06 0.15065992 
0.840053 5.03474029404e-06 0.0 4.488218456 1.297201e-06 0.0 0.0 1.914419176 2.026735088e-07 1.96670769693e-06 5.826060904e-06 45.0 4.12754989654e-06 2.92421336e-06 2.96016608167e-06 0.129277 
0.872834 5.04450054638e-06 0.0 4.93164284 1.375291e-06 0.0 0.0 2.06463324 1.649518616e-07 1.95789264666e-06 6.194007544e-06 45.5 4.1417359909e-06 3.1566292e-06 2.97058126444e-06 0.126283024 
0.926545 5.06006105165e-06 0.0 5.115268968 1.442083e-06 0.0 0.0 2.229449576 1.621423064e-07 1.94597994899e-06 6.416232872e-06 46.0 4.16018318794e-06 3.41568932e-06 2.96094370203e-06 0.104268752 
0.962051 5.06714946833e-06 0.0 5.551780656 1.502653e-06 0.0 0.0 2.414853752 1.492414456e-07 1.92129676344e-06 6.818041248e-06 46.5 4.16713774248e-06 3.588157448e-06 2.93335299437e-06 0.09697964 
1.028795 5.04680979902e-06 0.0 6.094360984 1.610451e-06 0.0 0.0 2.688427664 1.509852864e-07 1.91173079225e-06 7.3349954e-06 47.0 4.2132714388e-06 3.861982256e-06 2.94796242366e-06 0.102640976 
1.071597 5.04365553278e-06 0.0 6.72940388 1.708748e-06 0.0 0.0 2.879564544 1.49734576e-07 1.90347827747e-06 7.737303672e-06 47.5 4.25428358724e-06 4.098927008e-06 2.95491834462e-06 0.098234592 
1.127578 5.04776403198e-06 0.0 7.054468928 1.81814e-06 0.0 0.0 3.123230824 1.504539584e-07 1.89428976782e-06 8.219620048e-06 48.0 4.29694930176e-06 4.494817664e-06 2.96289890474e-06 0.094784704 
1.170067 5.02705531453e-06 0.0 7.587405072 1.922353e-06 0.0 0.0 3.24173236 1.588645824e-07 1.87015098459e-06 8.510526304e-06 48.5 4.33905899531e-06 4.857825776e-06 2.92488884693e-06 0.091095064 
1.225022 5.04039912523e-06 0.0 7.98541188 1.984413e-06 0.0 0.0 3.43554684 1.575924176e-07 1.85655616598e-06 9.31678876e-06 49.0 4.35228805744e-06 5.115328192e-06 2.91864538643e-06 0.09887132 
1.265481 5.09917435117e-06 0.0 8.1485692 2.033529e-06 0.0 0.0 3.644368248 1.630764768e-07 1.84046015951e-06 9.640021392e-06 49.5 4.36836709275e-06 5.32302748e-06 2.88843190446e-06 0.094627992 
1.315387 5.15750802761e-06 0.0 8.482042136 2.102438e-06 0.0 0.0 3.798440968 1.459287288e-07 1.82928505687e-06 9.830687568e-06 50.0 4.37761958241e-06 5.555073592e-06 2.87628889907e-06 0.098062728 
1.352738 5.17864824543e-06 0.0 8.662591456 2.161278e-06 0.0 0.0 3.850741488 1.446274584e-07 1.83072375636e-06 9.948071016e-06 50.5 4.37792348253e-06 5.68606932e-06 2.88842273924e-06 0.096567056 
1.378574 5.20086539151e-06 0.0 8.971674016 2.198213e-06 0.0 0.0 3.90766696 1.514387488e-07 1.83580196246e-06 9.918107664e-06 51.0 4.38308658786e-06 5.727881e-06 2.87991500443e-06 0.100777944 
1.400222 5.19137716253e-06 0.0 8.968303072 2.248079e-06 0.0 0.0 3.935768096 1.603706832e-07 1.83346330302e-06 1.020554432e-05 51.5 4.37495367117e-06 5.80758888e-06 2.88814490162e-06 0.104636456 
1.425311 5.2190200786e-06 0.0 9.075634432 2.266287e-06 0.0 0.0 4.008460184 1.604438104e-07 1.83090971344e-06 1.021588016e-05 52.0 4.32277372898e-06 5.88457588e-06 2.88088885979e-06 0.113591528 
1.504221 5.2371049358e-06 0.0 9.211494128 2.272784e-06 0.0 0.0 4.003142376 1.720117152e-07 1.84351991826e-06 1.02566536e-05 52.5 4.29863804958e-06 5.910874376e-06 2.8808026386e-06 0.117851664 
1.525243 5.24884964829e-06 0.0 9.25062296 2.342339e-06 0.0 0.0 3.98796748 2.170187832e-07 1.86608827033e-06 1.067899968e-05 53.0 4.29244538244e-06 5.987380936e-06 2.88224954377e-06 0.145896576 
1.535064 5.24414045747e-06 0.0 9.579014104 2.421018e-06 0.0 0.0 3.971104016 2.46087816e-07 1.87182656103e-06 1.091868832e-05 53.5 4.25892112501e-06 6.005326488e-06 2.88202057944e-06 0.176229688 
1.573979 5.23070156703e-06 0.0 9.61888204 2.429725e-06 0.0 0.0 4.002474208 3.271586768e-07 1.88059674011e-06 1.110146192e-05 54.0 4.23467301948e-06 5.994967224e-06 2.88820039713e-06 0.185291896 
1.604545 5.20976143093e-06 0.0 9.684312728 2.472034e-06 0.0 0.0 4.004038856 3.889752984e-07 1.87748433618e-06 1.13559028e-05 54.5 4.202763587e-06 5.9513868e-06 2.87147505967e-06 0.22484 
1.651884 5.21434403384e-06 0.0 9.509622368 2.584194e-06 0.0 0.0 4.057438592 4.31270252e-07 1.90823060796e-06 1.109830904e-05 55.0 4.1910516418e-06 5.864521488e-06 2.87688114833e-06 0.255908496 
1.714024 5.18145940064e-06 0.0 9.36283048 2.642554e-06 0.0 0.0 4.126227064 4.972054152e-07 1.95770358466e-06 1.090250568e-05 55.5 4.19609277567e-06 5.708105656e-06 2.90956134295e-06 0.306142664 
1.764094 5.16140778412e-06 0.0 9.073751176 2.703233e-06 0.0 0.0 4.101550512 5.748546088e-07 1.98148778601e-06 1.092785024e-05 56.0 4.16025612267e-06 5.5770562e-06 2.90014887837e-06 0.36886528 
1.777808 5.15218606874e-06 0.0 8.896875368 2.667316e-06 0.0 0.0 4.220552328 6.83039044e-07 1.99644997625e-06 1.078392896e-05 56.5 4.09012646582e-06 5.738246568e-06 2.87040558351e-06 0.414121416 
1.829342 5.07958614254e-06 0.0 9.32976076 2.653863e-06 0.0 0.0 4.217961216 7.462545008e-07 2.04340797921e-06 1.104456984e-05 57.0 4.09119466244e-06 5.715556728e-06 2.86545693669e-06 0.475413784 
1.874377 4.99883369555e-06 0.0 9.29459 2.754165e-06 0.0 0.0 4.310658968 8.24358552e-07 2.03407153919e-06 1.117675616e-05 57.5 4.01393814936e-06 5.783808072e-06 2.83763390143e-06 0.53144856 
1.927424 4.97940957825e-06 3.8036471381e-07 9.515395112 2.743583e-06 4.43204568e-08 0.037056704 4.664436184 8.452149232e-07 2.05147198402e-06 1.118060456e-05 58.0 3.96408607931e-06 6.047212904e-06 2.83101112021e-06 0.575924136 
1.926306 4.97329231747e-06 8.23509586442e-07 10.415657816 2.729815e-06 1.022044984e-07 0.063106552 4.880849136 8.79691356e-07 2.04215054134e-06 1.185686552e-05 58.5 3.92372882818e-06 6.225882944e-06 2.80038390104e-06 0.599907584 
1.907793 5.0109645619e-06 9.38364897685e-07 12.875649528 2.655179e-06 9.0879608e-08 0.075566 4.97969136 8.37021028e-07 2.0091375268e-06 1.269236736e-05 59.0 3.91690417274e-06 6.18520976e-06 2.76973140141e-06 0.574614512 
1.892584 4.98455828202e-06 6.56747714136e-07 13.248539256 2.514384e-06 8.02853624e-08 0.068228808 5.189581488 8.228779952e-07 1.96024099879e-06 1.270055208e-05 59.5 3.89362957023e-06 6.028513328e-06 2.70731516992e-06 0.599741536 
1.82435 5.02243583115e-06 6.08709299859e-07 14.483252624 2.387845e-06 8.72166428e-08 0.071519688 5.336353616 7.13262248e-07 1.92588996772e-06 1.320010792e-05 60.0 3.83482556433e-06 5.945503064e-06 2.66200509032e-06 0.527911704 
1.787959 5.02869073165e-06 4.71580326111e-07 14.812561616 2.348805e-06 6.5784948e-08 0.059078592 5.335519208 6.581169936e-07 1.89427327131e-06 1.344993536e-05 60.5 3.81653993944e-06 5.978969384e-06 2.60500839511e-06 0.466964384 
1.7077 5.02988656203e-06 4.02582811145e-07 14.396843408 2.282043e-06 6.460116176e-08 0.057343464 5.313791872 6.09215932e-07 1.87018466662e-06 1.334576448e-05 61.0 3.77428854414e-06 5.898513232e-06 2.58772795208e-06 0.430202192 
1.622212 5.04922472439e-06 4.22283183746e-07 13.912588952 2.175835e-06 4.971413376e-08 0.053925344 5.215489872 5.592811392e-07 1.87141770606e-06 1.315487344e-05 61.5 3.77781535709e-06 5.805495512e-06 2.54009690053e-06 0.387887096 
1.600204 5.02809160984e-06 3.06060892142e-07 13.586049824 2.080683e-06 1.216136008e-08 0.047223696 5.16952212 5.35307552e-07 1.85511837741e-06 1.284138304e-05 62.0 3.71967738469e-06 5.64562308e-06 2.49064459728e-06 0.37461568 
1.553853 5.02894459541e-06 2.49683874596e-07 13.299061056 1.982915e-06 1.1969812656e-08 0.041208816 5.156537224 5.000505592e-07 1.84586402948e-06 1.25684016e-05 62.5 3.72379406645e-06 5.56923332e-06 2.48164964796e-06 0.342948744 
1.497981 5.02812602095e-06 0.0 12.947667096 1.936175e-06 0.0 0.035295376 5.155500048 4.581075856e-07 1.83199374628e-06 1.210916576e-05 63.0 3.68192145774e-06 5.553731992e-06 2.43655348557e-06 0.342523256 
1.474507 5.02736802058e-06 0.0 12.538549656 1.881868e-06 0.0 0.030254288 5.160913344 4.142665856e-07 1.81808413241e-06 1.173765088e-05 63.5 3.67150655615e-06 5.476325256e-06 2.41073017951e-06 0.31562076 
1.431891 5.04328085025e-06 0.0 12.066920464 1.82358e-06 0.0 0.021128328 5.028252808 3.8083834e-07 1.81602649963e-06 1.130696176e-05 64.0 3.6798991949e-06 5.36048336e-06 2.39590833957e-06 0.298879608 
1.417818 5.0230994567e-06 0.0 11.667297864 1.728184e-06 0.0 0.008851 4.95403012 3.68270556e-07 1.81061877113e-06 1.084089264e-05 64.5 3.66652355666e-06 5.123205824e-06 2.37162697667e-06 0.268535656 
1.389778 5.02022392069e-06 0.0 11.308718872 1.707727e-06 0.0 0.0 4.866385456 3.492609408e-07 1.80228898825e-06 1.034461384e-05 65.0 3.64534809559e-06 5.050487392e-06 2.35811383465e-06 0.259861952 
1.34557 5.02329483025e-06 0.0 10.882367256 1.650809e-06 0.0 0.0 4.78336764 3.45464104e-07 1.79529310566e-06 9.930506072e-06 65.5 3.62196273356e-06 4.926652488e-06 2.33295830662e-06 0.253431128 
1.320014 5.02819709259e-06 0.0 10.487637744 1.584099e-06 0.0 0.0 4.628239712 3.23269976e-07 1.79536925227e-06 9.395038896e-06 66.0 3.61438957417e-06 4.769456464e-06 2.32613745896e-06 0.241775808 
1.261062 5.01038930063e-06 0.0 10.065402904 1.535749e-06 0.0 0.0 4.441689264 3.01326756e-07 1.79359186707e-06 8.888550496e-06 66.5 3.59999695977e-06 4.560300296e-06 2.32586729304e-06 0.229901 
1.236766 4.98938162158e-06 0.0 9.540341296 1.49333e-06 0.0 0.0 4.270833144 2.929149656e-07 1.7821935766e-06 8.618141e-06 67.0 3.57404222816e-06 4.364078288e-06 2.31979593087e-06 0.210572624 
1.215431 4.99113204324e-06 0.0 8.95099964 1.456433e-06 0.0 0.0 4.035282488 2.927032608e-07 1.77251011442e-06 8.163882144e-06 67.5 3.53461635876e-06 4.170135712e-06 2.30116478943e-06 0.204212216 
1.157492 4.980568824e-06 0.0 8.174407 1.435355e-06 0.0 0.0 3.865286632 2.82762444e-07 1.75717465636e-06 7.603484336e-06 68.0 3.50871586442e-06 3.978627808e-06 2.28778526934e-06 0.206921008 
1.134197 4.91508145984e-06 0.0 7.63973448 1.407803e-06 0.0 0.0 3.717857344 2.746050784e-07 1.74838020767e-06 7.030801344e-06 68.5 3.48313299123e-06 3.79910164e-06 2.27239614055e-06 0.184062336 
1.109237 4.87347029145e-06 0.0 7.298886472 1.402695e-06 0.0 0.0 3.472882672 2.499683704e-07 1.74729666783e-06 6.490959976e-06 69.0 3.51001753236e-06 3.651804928e-06 2.28642869035e-06 0.171555024 
1.101342 4.87418456916e-06 0.0 6.374640728 1.364906e-06 0.0 0.0 3.354917808 2.252720432e-07 1.73558223277e-06 5.927789208e-06 69.5 3.51711505366e-06 3.447563776e-06 2.30334957955e-06 0.16260816 
1.058856 4.83462429193e-06 0.0 5.56133908 1.354181e-06 0.0 0.0 3.19989376 2.2501018e-07 1.73579574706e-06 5.41941268e-06 70.0 3.54250929565e-06 3.282740136e-06 2.31277942041e-06 0.16653604 
1.04541 4.85534399321e-06 0.0 5.23541932 1.319533e-06 0.0 0.0 3.041134488 2.411057192e-07 1.73772442749e-06 5.016651072e-06 70.5 3.5642891384e-06 3.066807496e-06 2.33684318266e-06 0.156643056 
1.028445 4.85105003697e-06 0.0 4.96050728 1.306433e-06 0.0 0.0 2.792764728 2.420195552e-07 1.74310654524e-06 4.970595416e-06 71.0 3.59501371769e-06 2.857061e-06 2.3291184841e-06 0.150775328 
0.973669 4.84877813736e-06 0.0 4.771482024 1.256767e-06 0.0 0.0 2.613675296 2.517392368e-07 1.73590955907e-06 4.631164e-06 71.5 3.58170387245e-06 2.660485584e-06 2.32823370216e-06 0.140051824 
0.939875 4.83320790887e-06 0.0 4.492198552 1.23724e-06 0.0 0.0 2.43133468 2.387962744e-07 1.71075410872e-06 4.531279e-06 72.0 3.60049976864e-06 2.500132328e-06 2.34042178711e-06 0.129842192 
0.906449 4.83127129682e-06 0.0 4.07093344 1.195211e-06 0.0 0.0 2.281147488 2.174289632e-07 1.73217185981e-06 4.425872e-06 72.5 3.62059024121e-06 2.370455648e-06 2.35810321047e-06 0.128173544 
0.881583 4.86796300982e-06 0.0 3.906082816 1.169975e-06 0.0 0.0 2.151080312 2.057711528e-07 1.76846710923e-06 4.230184672e-06 73.0 3.66604078895e-06 2.301404968e-06 2.37249765185e-06 0.137667752 
0.833806 4.88896862428e-06 0.0 3.503582216 1.103684e-06 0.0 0.0 1.913701048 2.048520344e-07 1.78736689075e-06 4.024650112e-06 73.5 3.65675654725e-06 2.245363632e-06 2.40300350107e-06 0.134427264 
0.782266 4.89547861632e-06 0.0 3.323086384 1.065493e-06 0.0 0.0 1.799454 1.934624936e-07 1.78806006689e-06 3.786907464e-06 74.0 3.73033795215e-06 2.155640848e-06 2.45399163474e-06 0.137023448 
0.731114 4.92810517952e-06 0.0 3.119410152 1.015605e-06 0.0 0.0 1.678818608 1.68815784e-07 1.77505837357e-06 3.4478782e-06 74.5 3.76643596994e-06 2.06295856e-06 2.48319070115e-06 0.124392632 
0.697943 4.98649817351e-06 0.0 2.917627808 9.914438e-07 0.0 0.0 1.598217656 1.519666216e-07 1.76762015518e-06 3.324111704e-06 75.0 3.83710043652e-06 1.992342328e-06 2.49286632137e-06 0.10051424 
0.665869 5.02047390449e-06 0.0 2.75938424 9.582526e-07 0.0 0.0 1.54702616 1.422921832e-07 1.75094762514e-06 3.170550472e-06 75.5 3.87252872934e-06 1.962230512e-06 2.48127250939e-06 0.098190688 
0.675294 5.04557449762e-06 0.0 2.651541648 9.400244e-07 0.0 0.0 1.496941944 1.376064312e-07 1.74753204978e-06 3.15381776e-06 76.0 3.87818373419e-06 1.964416376e-06 2.48684460268e-06 0.101342584 
0.67961 5.0669102802e-06 0.0 2.52648524 9.220235e-07 0.0 0.0 1.499363816 1.348554744e-07 1.74026779103e-06 3.096015344e-06 76.5 3.89313850287e-06 1.973487352e-06 2.49240054495e-06 0.088003 
0.676039 5.08940657519e-06 0.0 2.463982768 9.112634e-07 0.0 0.0 1.522455616 1.315429432e-07 1.73368279469e-06 3.198557496e-06 77.0 3.87917927911e-06 2.003596944e-06 2.50412135135e-06 0.085767344 
0.680022 5.09183229048e-06 0.0 2.367401512 9.088879e-07 0.0 0.0 1.507319824 1.112025704e-07 1.72816267075e-06 3.180026512e-06 77.5 3.88075119307e-06 2.038045336e-06 2.51200005292e-06 0.090979704 
0.672195 5.09412540909e-06 0.0 2.386100224 9.309825e-07 0.0 0.0 1.49719284 1.198623744e-07 1.7260529825e-06 3.252246448e-06 78.0 3.90559860909e-06 2.070388424e-06 2.53372609233e-06 0.079581488 
0.698286 5.08195667362e-06 0.0 2.431271344 9.530215e-07 0.0 0.0 1.498143528 1.22057492e-07 1.72617432437e-06 3.321560616e-06 78.5 3.88700773556e-06 2.11138312e-06 2.55733476443e-06 0.087208816 
0.727659 5.11977773876e-06 0.0 2.510788352 1.00789e-06 0.0 0.0 1.53784908 1.21823972e-07 1.7328893986e-06 3.488316728e-06 79.0 3.88128128067e-06 2.194484656e-06 2.59333283488e-06 0.093623 
0.774008 5.1183569222e-06 0.0 2.516863256 1.07189e-06 0.0 0.0 1.630787696 1.16747952e-07 1.71577411289e-06 3.662265496e-06 79.5 3.88001563024e-06 2.298861864e-06 2.58900594708e-06 0.082480296 
0.824045 5.10681278641e-06 0.0 2.59157592 1.155735e-06 0.0 0.0 1.689480032 5.74322384e-08 1.7166482459e-06 3.75038916e-06 80.0 3.87524653388e-06 2.398314336e-06 2.60018436592e-06 0.078776632 
0.890765 5.10110709511e-06 0.0 2.739217728 1.251949e-06 0.0 0.0 1.772735776 5.151353e-08 1.6843615149e-06 3.931684624e-06 80.5 3.88530233754e-06 2.518157992e-06 2.59564159014e-06 0.058259104 
0.968423 5.1251741775e-06 0.0 2.805737192 1.349125e-06 0.0 0.0 1.850960416 6.510586032e-08 1.70096896552e-06 4.112042448e-06 81.0 3.88066848141e-06 2.622874248e-06 2.60362341761e-06 0.070766152 
1.054976 5.09306331674e-06 0.0 2.896037264 1.466548e-06 0.0 0.0 1.973656032 8.237728072e-08 1.6424733866e-06 4.346758872e-06 81.5 3.87526799954e-06 2.760460168e-06 2.60778480284e-06 0.080125832 
1.148919 5.07234610406e-06 0.0 2.982491904 1.59041e-06 0.0 0.0 2.059058872 9.401659176e-08 1.732110443e-06 4.595639496e-06 82.0 3.89678937544e-06 2.925036096e-06 2.6373767663e-06 0.09889796 
1.243475 5.07992213001e-06 0.0 3.161461344 1.699641e-06 0.0 0.0 2.198245648 1.64148116e-07 1.74724518897e-06 4.767836648e-06 82.5 3.88300856076e-06 3.160535816e-06 2.63883600117e-06 0.124678912 
1.339417 5.09017573005e-06 0.0 3.350352536 1.833583e-06 0.0 0.0 2.307822504 2.104786704e-07 1.74988081837e-06 5.002419288e-06 83.0 3.81796640008e-06 3.367697e-06 2.63187400477e-06 0.195553056 
1.468432 5.0810873028e-06 0.0 3.514982384 1.980609e-06 0.0 0.0 2.439645616 3.072573696e-07 1.77050655909e-06 5.158665304e-06 83.5 3.80515333307e-06 3.610644112e-06 2.64997876415e-06 0.2846364 
1.568645 5.06999476043e-06 0.0 3.722531544 2.137679e-06 0.0 0.0 2.616370536 4.152145536e-07 1.79517103712e-06 5.406142928e-06 84.0 3.75747029711e-06 3.78742472e-06 2.65949986213e-06 0.342848264 
1.700673 5.00019606691e-06 0.0 3.92257332 2.33461e-06 0.0 0.0 2.766836336 5.395429096e-07 1.81517587051e-06 5.697800216e-06 84.5 3.74214306521e-06 3.991460576e-06 2.6500725859e-06 0.426830104 
1.843881 4.97335613039e-06 0.0 4.115850688 2.513912e-06 0.0 0.0 2.905473752 7.290122984e-07 1.84457248461e-06 5.916392816e-06 85.0 3.72149703345e-06 4.234829968e-06 2.6479825684e-06 0.56359 
2.027742 4.90986325461e-06 0.0 4.32420452 2.696936e-06 0.0 0.0 3.091157936 9.132525408e-07 1.86823854727e-06 6.204188304e-06 85.5 3.69330405256e-06 4.445293232e-06 2.6453651665e-06 0.670491688 
2.173742 4.91033244008e-06 0.0 4.518763256 2.926791e-06 0.0 0.0 3.262635336 1.138669784e-06 1.90899591688e-06 6.312916008e-06 86.0 3.65296885907e-06 4.719164136e-06 2.65755364463e-06 0.854369032 
2.357146 4.87498269185e-06 0.0 4.7259438 3.181403e-06 0.0 0.0 3.471854576 1.339415792e-06 1.93542670958e-06 6.57243692e-06 86.5 3.62796438106e-06 5.01653808e-06 2.65407164466e-06 1.016573072 
2.550958 4.77733581302e-06 0.0 5.029910784 3.436762e-06 0.0 0.0 3.711591864 1.606250832e-06 1.99400799413e-06 6.877370776e-06 87.0 3.58279603112e-06 5.23639024e-06 2.65710553914e-06 1.178654952 
2.775628 4.69904037183e-06 0.0 5.345158656 3.732884e-06 0.0 0.0 3.961264456 1.884600832e-06 2.01554070405e-06 7.068430192e-06 87.5 3.54157987725e-06 5.454447912e-06 2.64287907846e-06 1.43438592 
3.02918 4.63665062167e-06 1.63553115742e-06 5.763547168 4.020121e-06 1.91289236e-07 0.131053464 4.186405168 2.221696736e-06 2.04282430195e-06 7.49144004e-06 88.0 3.476058537e-06 5.75057356e-06 2.62819377938e-06 1.685345472 
3.265556 4.52037090878e-06 1.73389345329e-06 6.289964752 4.306283e-06 4.397364048e-07 0.313044248 4.506214 2.578517008e-06 2.06412688263e-06 7.946834944e-06 88.5 3.39337345607e-06 5.992640872e-06 2.60976466107e-06 1.969980112 
3.50309 4.44701253141e-06 1.74476060716e-06 6.78001536 4.599174e-06 9.327441e-07 0.851545368 4.785758664 2.91363668e-06 2.06968313382e-06 8.6951078e-06 89.0 3.33001406178e-06 6.25904744e-06 2.57741029727e-06 2.217218928 
3.76905 4.36313111235e-06 1.74785547622e-06 7.23727228 4.899943e-06 1.399372456e-06 1.196279656 5.024597528 3.218996136e-06 2.06510114174e-06 9.318089976e-06 89.5 3.25015419348e-06 6.579462064e-06 2.55897861584e-06 2.483454216 
4.065448 4.36647520121e-06 1.78203429834e-06 7.532508368 5.245777e-06 1.85329416e-06 1.438595072 5.379928144 3.513872224e-06 2.06721698928e-06 1.015687128e-05 90.0 3.24467677034e-06 6.94663384e-06 2.53058723068e-06 2.7785354 
4.311703 4.24426805047e-06 1.77931362822e-06 7.823455336 5.46448e-06 2.194944592e-06 1.794507624 5.680980288 3.839129512e-06 2.04436488458e-06 1.100113264e-05 90.5 3.17086419359e-06 7.350924624e-06 2.50844957604e-06 3.026154304 
4.571115 4.01635761743e-06 1.77178238152e-06 8.378823752 5.71689e-06 2.542755576e-06 2.006400496 5.978115696 4.076596816e-06 2.03673105911e-06 1.159584728e-05 91.0 3.11636150101e-06 7.632658208e-06 2.46898821113e-06 3.262211232 
4.830353 3.85184604083e-06 1.77042617932e-06 8.57174032 5.898711e-06 2.762320312e-06 2.160900816 6.199183264 4.29900712e-06 2.02045280307e-06 1.184367656e-05 91.5 3.06048162859e-06 7.920377992e-06 2.43041440307e-06 3.542011072 
5.040483 3.76925075352e-06 1.77233426913e-06 8.876354784 6.067076e-06 2.795230352e-06 2.221553776 6.511685656 4.511667064e-06 2.00419019499e-06 1.251681392e-05 92.0 3.01622015467e-06 8.225584848e-06 2.40784249549e-06 3.70014664 
5.265332 3.78195973029e-06 1.77859370205e-06 9.321133792 6.253071e-06 2.833019072e-06 2.286468616 6.82862996 4.695487464e-06 2.00082892145e-06 1.248072688e-05 92.5 2.97472303368e-06 8.498294848e-06 2.38148504433e-06 3.870889384 
5.492315 3.74256915589e-06 1.76906759764e-06 9.515346032 6.458439e-06 2.903692072e-06 2.34344516 7.061395256 4.855448008e-06 1.98195733224e-06 1.266444336e-05 93.0 2.93762101926e-06 8.745107584e-06 2.3513234224e-06 4.096131912 
5.685463 3.69531858468e-06 1.7723060457e-06 9.94244536 6.618379e-06 2.913904496e-06 2.419039192 7.36684696 4.921694464e-06 1.96012395739e-06 1.261681184e-05 93.5 2.89434130876e-06 8.93015264e-06 2.32098874986e-06 4.280947768 
5.877128 3.63575847939e-06 1.77092461477e-06 10.290674 6.759258e-06 2.908707512e-06 2.502431872 7.592581632 4.996575704e-06 1.94554669624e-06 1.266711584e-05 94.0 2.85857993854e-06 9.158806176e-06 2.28878412314e-06 4.373245848 
6.008331 3.57508702383e-06 1.7635577138e-06 10.51827408 6.907449e-06 3.135008504e-06 2.592281504 7.8167508 4.988515192e-06 1.92847537702e-06 1.264781568e-05 94.5 2.7994369506e-06 9.229036408e-06 2.25567449965e-06 4.492088992 
6.102947 3.4962050858e-06 1.75853338995e-06 10.639089216 6.993334e-06 3.161770688e-06 2.687933472 8.072636288 5.025006864e-06 1.92275380477e-06 1.274927624e-05 95.0 2.76657946531e-06 9.368342712e-06 2.22496185132e-06 4.582335448 
6.239293 3.45236049295e-06 1.7434388629e-06 11.000266176 7.026368e-06 3.213431584e-06 2.789713544 8.279946576 5.043430032e-06 1.90659239433e-06 1.298565952e-05 95.5 2.73000769018e-06 9.508996368e-06 2.20302126206e-06 4.619527376 
6.313736 3.39036878819e-06 1.72808723075e-06 11.3145774 7.098237e-06 3.258988272e-06 2.895050544 8.450301256 5.1076906e-06 1.88504534315e-06 1.281144744e-05 96.0 2.70960373881e-06 9.609904112e-06 2.18054188421e-06 4.663764344 
6.408759 3.36750137953e-06 1.72038002595e-06 11.325774 7.153691e-06 3.273383528e-06 3.025558072 8.563084976 5.14446672e-06 1.87007708442e-06 1.307586712e-05 96.5 2.67922845792e-06 9.652488136e-06 2.16026748607e-06 4.709509256 
6.450648 3.33286777458e-06 1.71764997473e-06 11.434349288 7.173643e-06 3.289451632e-06 3.100254504 8.713444608 5.169928624e-06 1.85613869007e-06 1.358827896e-05 97.0 2.65807741308e-06 9.622974656e-06 2.14561574934e-06 4.760736752 
6.52132 3.27449603952e-06 1.71475455522e-06 11.637579592 7.174766e-06 3.358978136e-06 3.18540764 8.903040944 5.203613032e-06 1.84908099114e-06 1.403559968e-05 97.5 2.63877800453e-06 9.578771744e-06 2.1259047299e-06 4.83513088 
6.552885 3.26020096588e-06 1.70909184002e-06 11.874352384 7.1703e-06 3.420137976e-06 3.263111416 9.000128224 5.227970688e-06 1.83899448082e-06 1.412970496e-05 98.0 2.59884048086e-06 9.573083176e-06 2.11251451851e-06 4.877929432 
6.575298 3.2188930229e-06 1.70170452214e-06 12.092170064 7.085711e-06 3.476419824e-06 3.372033392 9.127777672 5.231457888e-06 1.82862144914e-06 1.393408176e-05 98.5 2.55000491817e-06 9.593038928e-06 2.10012690561e-06 4.889125824 
6.571059 3.12450153683e-06 1.69608622761e-06 12.021857088 7.056841e-06 3.44703796e-06 3.439545008 9.221810744 5.216829392e-06 1.82529392129e-06 1.382290488e-05 99.0 2.51461325037e-06 9.53878136e-06 2.08471160989e-06 4.899409192 
6.535544 3.04341392856e-06 1.68648379375e-06 11.978767832 6.963666e-06 3.485614296e-06 3.506541816 9.286970904 5.192977592e-06 1.82223441267e-06 1.339881736e-05 99.5 2.4737707434e-06 9.511274464e-06 2.07195680547e-06 4.918428544 
6.490991 2.98994265949e-06 1.67996901207e-06 11.82848204 6.898672e-06 3.489364184e-06 3.568675184 9.199954944 5.16526888e-06 1.81914408719e-06 1.293377e-05 100.0 2.45106976662e-06 9.363358872e-06 2.05483567778e-06 4.940688568 
6.498985 2.90892736641e-06 1.67895650791e-06 11.70194836 6.831597e-06 3.494671936e-06 3.63472908 9.1080192 5.116329376e-06 1.81355232071e-06 1.283682488e-05 100.5 2.41881669869e-06 9.277897328e-06 2.04032638026e-06 4.924441408 
6.448965 2.84853312074e-06 1.67666719362e-06 11.682706632 6.765349e-06 3.489169784e-06 3.693605136 9.035522096 5.090148504e-06 1.81161489751e-06 1.233526528e-05 101.0 2.38082122562e-06 9.181605888e-06 2.02509695623e-06 4.925292736 
6.381921 2.77617193983e-06 1.67316630275e-06 11.417699664 6.652391e-06 3.463256008e-06 3.754179088 8.889305936 5.03233824e-06 1.80493541624e-06 1.229680048e-05 101.5 2.35061578519e-06 9.07974848e-06 2.01341305968e-06 4.909467344 
6.359062 2.68323802201e-06 1.67184928015e-06 11.189694848 6.554109e-06 3.426609192e-06 3.794226288 8.757184936 4.99438208e-06 1.80185171078e-06 1.20862492e-05 102.0 2.32024763438e-06 8.846507608e-06 2.00464433385e-06 4.895924704 
6.285949 2.63154244007e-06 1.66813648087e-06 11.133446 6.416776e-06 3.430997848e-06 3.860700808 8.564524336 4.914160224e-06 1.79415943917e-06 1.163344384e-05 102.5 2.29962582593e-06 8.636303992e-06 1.9884694542e-06 4.8885732 
6.193188 2.58114547328e-06 1.66593189537e-06 10.945103008 6.26019e-06 3.404109104e-06 3.88903532 8.355086512 4.86084152e-06 1.79108804908e-06 1.120442e-05 103.0 2.25748712989e-06 8.449010768e-06 1.9715246177e-06 4.874988856 
6.12339 2.55047687997e-06 1.66125607954e-06 10.680832136 6.168034e-06 3.363053808e-06 3.930101712 8.186814528 4.78211836e-06 1.78659145278e-06 1.07642996e-05 103.5 2.22640035275e-06 8.184168272e-06 1.9563068578e-06 4.85783116 
6.014668 2.49533466678e-06 1.64502289629e-06 10.344776224 5.996276e-06 3.345965664e-06 3.94159648 7.949823384 4.676555952e-06 1.77806131199e-06 1.03805032e-05 104.0 2.21559118458e-06 7.863808024e-06 1.9454175411e-06 4.78272632 
5.903296 2.42684628238e-06 1.63477281216e-06 10.210280688 5.879105e-06 3.314888856e-06 3.9053092 7.750971464 4.57709396e-06 1.7731423877e-06 9.873131296e-06 104.5 2.1954104286e-06 7.566998672e-06 1.93385381918e-06 4.749008936 
5.797837 2.38758604043e-06 1.61254019357e-06 10.04780756 5.762151e-06 3.263584336e-06 3.861508968 7.535133456 4.450082816e-06 1.76841430823e-06 9.376605328e-06 105.0 2.17432928089e-06 7.340806656e-06 1.92363562113e-06 4.667602552 
5.693434 2.37662337546e-06 1.57485821499e-06 9.83327816 5.634482e-06 3.213819992e-06 3.775454792 7.398285592 4.338048808e-06 1.75257021118e-06 8.9738418e-06 105.5 2.15815636198e-06 7.068493264e-06 1.91297986774e-06 4.561771 
5.574477 2.37125386821e-06 1.55373914316e-06 9.423745672 5.482594e-06 3.14908152e-06 3.693380432 7.204428784 4.202719968e-06 1.7466367705e-06 8.640108328e-06 106.0 2.14422165894e-06 6.836017e-06 1.90409355947e-06 4.452334032 
5.455719 2.36852144899e-06 1.51321413188e-06 8.923524232 5.356851e-06 3.088088e-06 3.574539216 6.99028376 4.073686432e-06 1.73672475289e-06 8.403285952e-06 106.5 2.12878728743e-06 6.66969372e-06 1.90184106794e-06 4.37342476 
5.361711 2.38208482059e-06 1.48629700453e-06 8.746540384 5.223061e-06 2.974055752e-06 3.44853492 6.775788424 3.937507336e-06 1.73376476838e-06 8.178098568e-06 107.0 2.12194207244e-06 6.516519264e-06 1.89167630883e-06 4.29584332 
5.225394 2.40040186924e-06 1.45950053229e-06 8.615076032 5.065108e-06 2.776762152e-06 3.281133704 6.609205632 3.858850808e-06 1.72812366789e-06 7.9909568e-06 107.5 2.11031345184e-06 6.392767528e-06 1.88491910035e-06 4.228205688 
5.126687 2.40519930858e-06 1.43402996972e-06 8.509066688 4.913053e-06 2.750903664e-06 3.270123664 6.422591032 3.75008816e-06 1.72792691932e-06 7.827076144e-06 108.0 2.10468477719e-06 6.210396784e-06 1.88033390416e-06 4.137290392 
5.001303 2.42892986733e-06 1.4258974748e-06 8.172898136 4.775784e-06 2.697938528e-06 3.11657916 6.211841456 3.659465256e-06 1.72425078577e-06 7.696782e-06 108.5 2.09615825164e-06 6.047843e-06 1.87614381519e-06 4.027413616 
4.854136 2.42493409902e-06 1.41039172919e-06 8.037939768 4.647269e-06 2.565737688e-06 2.995424136 6.014341648 3.560683448e-06 1.71945798499e-06 7.488215136e-06 109.0 2.09564178084e-06 5.884176528e-06 1.87014040284e-06 3.944379832 
4.739783 2.40076190854e-06 1.39681380289e-06 7.875774904 4.514226e-06 2.481929584e-06 2.850571256 5.900262688 3.464089512e-06 1.71737307882e-06 7.269839496e-06 109.5 2.09090722606e-06 5.747002376e-06 1.86832990132e-06 3.820981736 
4.634136 2.39584153166e-06 1.38417971793e-06 7.618000512 4.376314e-06 2.359133808e-06 2.690986736 5.711405 3.366893912e-06 1.71422950623e-06 7.14683964e-06 110.0 2.08934825757e-06 5.608086944e-06 1.86206734805e-06 3.69648652 
4.523857 2.38635652512e-06 1.39205457308e-06 7.442212568 4.240268e-06 2.270915944e-06 2.519300336 5.578920632 3.25329984e-06 1.71199864709e-06 7.0096626e-06 110.5 2.08916573058e-06 5.463006088e-06 1.85624833633e-06 3.57760464 
4.433071 2.37214114313e-06 1.37825660072e-06 7.37379856 4.157792e-06 2.225521816e-06 2.4190386 5.452446848 3.142426344e-06 1.71032902871e-06 6.795409888e-06 111.0 2.08717249686e-06 5.320215744e-06 1.85334015319e-06 3.457788352 
4.333818 2.39294934679e-06 1.37609104525e-06 7.269173152 4.050655e-06 2.060504096e-06 2.326477384 5.331193136 3.034422992e-06 1.70531797739e-06 6.723560568e-06 111.5 2.08712006244e-06 5.181818816e-06 1.85285412158e-06 3.367347216 
4.22048 2.40876876311e-06 1.3919226223e-06 7.117818792 3.931895e-06 1.995471e-06 2.254501648 5.229080808 2.946746336e-06 1.7035522694e-06 6.559097864e-06 112.0 2.08191066135e-06 5.056562096e-06 1.85053790237e-06 3.29931172 
4.143025 2.40804834186e-06 1.40062564315e-06 6.941779888 3.827451e-06 1.962869032e-06 2.121987 5.135904768 2.852957592e-06 1.70232022935e-06 6.391623576e-06 112.5 2.07993847424e-06 4.97468284e-06 1.85166965128e-06 3.2287936 
4.061823 2.40611483232e-06 1.41418228821e-06 6.783558712 3.729153e-06 1.931599448e-06 2.087031616 5.05390968 2.80499444e-06 1.69794625473e-06 6.288246856e-06 113.0 2.07948250828e-06 4.900764696e-06 1.84794367719e-06 3.124775416 
3.977565 2.42409646409e-06 1.42343684062e-06 6.648573816 3.666898e-06 1.847438824e-06 1.965421272 4.958376976 2.756782296e-06 1.69651553559e-06 6.141075264e-06 113.5 2.0790295678e-06 4.816719192e-06 1.84684241145e-06 3.059441176 
3.901257 2.44183176482e-06 1.44469387434e-06 6.42779456 3.582731e-06 1.759701432e-06 1.860007016 4.831979976 2.6936848e-06 1.69467230796e-06 6.058655808e-06 114.0 2.08114263311e-06 4.697417672e-06 1.84954685862e-06 2.97851868 
3.82676 2.45918841532e-06 1.45600903514e-06 6.244124712 3.519313e-06 1.691292568e-06 1.740126248 4.694331792 2.665046136e-06 1.69132802536e-06 5.940352664e-06 114.5 2.0821993447e-06 4.606707512e-06 1.85110452734e-06 2.926365928 
3.73728 2.49457880078e-06 1.47304670736e-06 6.082532768 3.460291e-06 1.606536064e-06 1.642471728 4.584516584 2.619370592e-06 1.69572124689e-06 5.820940088e-06 115.0 2.09229183518e-06 4.515529624e-06 1.85420067505e-06 2.878161128 
3.640822 2.55026235427e-06 1.48298310621e-06 5.90628296 3.39217e-06 1.522524952e-06 1.58986492 4.491468168 2.581122264e-06 1.69634004283e-06 5.673734744e-06 115.5 2.11472110544e-06 4.421933208e-06 1.86166176349e-06 2.806655152 
3.565865 2.59082922864e-06 1.47100971306e-06 5.732638168 3.328849e-06 1.501481224e-06 1.56341308 4.395172168 2.519492544e-06 1.69446645297e-06 5.570174064e-06 116.0 2.12671451366e-06 4.339788968e-06 1.86757647059e-06 2.776443064 
3.497491 2.59127178247e-06 1.4677914012e-06 5.615014952 3.255929e-06 1.453033056e-06 1.5823804 4.295804432 2.457184e-06 1.69075132383e-06 5.465004824e-06 116.5 2.13289853377e-06 4.249838816e-06 1.87566922632e-06 2.721318784 
3.400941 2.68815846467e-06 1.45070544086e-06 5.402812576 3.202586e-06 1.448094176e-06 1.598607136 4.199008704 2.433066192e-06 1.68344888663e-06 5.301971128e-06 117.0 2.14828378182e-06 4.1810542e-06 1.88475440882e-06 2.673383 
3.322817 2.7244781314e-06 1.4358484156e-06 5.244538488 3.143558e-06 1.437905192e-06 1.648628496 4.1126052 2.394303856e-06 1.67151214455e-06 5.182144752e-06 117.5 2.17682319601e-06 4.052719296e-06 1.89279554573e-06 2.585974288 
3.255512 2.82387080103e-06 1.42436597145e-06 5.109412184 3.087176e-06 1.405579936e-06 1.406430648 4.019734136 2.31301568e-06 1.66349258276e-06 5.108993408e-06 118.0 2.20056056603e-06 3.997511808e-06 1.89457071718e-06 2.490199656 
3.185721 3.00971112168e-06 1.40338734781e-06 4.926777216 3.019046e-06 1.437195512e-06 1.224911424 3.942490312 2.244992528e-06 1.65614381744e-06 4.995630296e-06 118.5 2.23198970009e-06 3.93205684e-06 1.89792883333e-06 2.410546 
3.123766 3.39717888123e-06 1.38647249151e-06 4.767513352 2.975624e-06 1.157898856e-06 0.99132304 3.841620448 2.155942448e-06 1.65301893302e-06 4.917024552e-06 119.0 2.26510851456e-06 3.87719532e-06 1.90574265074e-06 2.342639584 
3.068259 3.59625926351e-06 1.36635848103e-06 4.702664336 2.923199e-06 1.007886808e-06 0.809158272 3.780312688 2.105893288e-06 1.64716168857e-06 4.892201384e-06 119.5 2.29101363469e-06 3.802102768e-06 1.91374339981e-06 2.30828088 
2.984032 3.72441416358e-06 1.34404151953e-06 4.649973952 2.873537e-06 7.751572432e-07 0.6729928 3.72970292 2.057927232e-06 1.6433132233e-06 4.892694e-06 120.0 2.32987960956e-06 3.791733056e-06 1.91615687942e-06 2.223239384 
2.909493 3.86652112429e-06 1.32592889321e-06 4.62281808 2.824473e-06 6.569664776e-07 0.458442888 3.670405584 1.976022944e-06 1.63779196622e-06 4.901329176e-06 120.5 2.37268241952e-06 3.742848576e-06 1.92229345287e-06 2.14253524 
2.844894 3.98855070374e-06 1.30958248318e-06 4.600397952 2.79828e-06 4.193088088e-07 0.392541336 3.643450416 1.924669136e-06 1.63806829071e-06 4.88931508e-06 121.0 2.42291275196e-06 3.698728232e-06 1.93581642712e-06 2.080617 
2.804496 4.08109642264e-06 1.29613121028e-06 4.5916704 2.75664e-06 3.896638144e-07 0.327468048 3.622314664 1.869381192e-06 1.63899220232e-06 4.865075464e-06 121.5 2.46033392265e-06 3.675384248e-06 1.94759244204e-06 2.018513264 
2.729568 4.17585033863e-06 1.28185764954e-06 4.57424828 2.721835e-06 3.7405148e-07 0.293809816 3.609607592 1.80192232e-06 1.63872975206e-06 4.872827328e-06 122.0 2.50452804233e-06 3.656010088e-06 1.96373307252e-06 1.935890776 
2.693681 4.26820029437e-06 1.2762694392e-06 4.545340656 2.678096e-06 3.588364664e-07 0.27253636 3.58439976 1.753314264e-06 1.63258505942e-06 4.866174768e-06 122.5 2.5563073947e-06 3.650923616e-06 1.98117040707e-06 1.861510712 
2.651295 4.37022021843e-06 1.27259721839e-06 4.530798888 2.651593e-06 3.263340408e-07 0.140414264 3.553055072 1.701400496e-06 1.63301346996e-06 4.958039104e-06 123.0 2.6071159523e-06 3.659887688e-06 2.00274236089e-06 1.777058 
2.583975 4.4934351109e-06 1.27031208081e-06 4.518468984 2.615969e-06 2.677214992e-07 0.13157128 3.523086184 1.640964672e-06 1.63907595249e-06 5.006558512e-06 123.5 2.66740494009e-06 3.660247544e-06 2.03126736018e-06 1.707085064 
2.527176 4.55074688964e-06 1.26268500032e-06 4.49337704 2.593242e-06 2.480506296e-07 0.123113336 3.482739592 1.592236512e-06 1.6480543538e-06 5.022674928e-06 124.0 2.72599007373e-06 3.695174e-06 2.05827386902e-06 1.63350732 
2.468475 4.59807930896e-06 1.26840053988e-06 4.468359136 2.554339e-06 2.313992808e-07 0.115032432 3.460286144 1.509149656e-06 1.65334689246e-06 5.100819776e-06 124.5 2.78142219523e-06 3.688442624e-06 2.08489697222e-06 1.55344768 
2.407505 4.64290887681e-06 1.27160968098e-06 4.438130456 2.518191e-06 2.15269092e-07 0.107320184 3.439072704 1.463497944e-06 1.66698139689e-06 5.100590488e-06 125.0 2.83716815071e-06 3.685300648e-06 2.12789070277e-06 1.473462448 
2.349177 4.6859273038e-06 1.26970522908e-06 4.445036552 2.502552e-06 1.996964144e-07 0.099966168 3.397943504 1.402796488e-06 1.69287246871e-06 5.168648552e-06 125.5 2.88877085267e-06 3.706330816e-06 2.16385433717e-06 1.393753552 
2.298503 4.7337562923e-06 1.27940420616e-06 4.506195864 2.474689e-06 1.838944248e-07 0.089144392 3.336682328 1.365825008e-06 1.72102192573e-06 5.283012032e-06 126.0 2.97053857998e-06 3.72551636e-06 2.20705229699e-06 1.327617144 
2.245909 4.78305553223e-06 1.29119967275e-06 4.413733768 2.453138e-06 1.676246696e-07 0.081183808 3.292468184 1.320162392e-06 1.75220174874e-06 5.3025696e-06 126.5 3.0624762875e-06 3.725057792e-06 2.25592624113e-06 1.265547816 
2.174118 4.82728593581e-06 1.30746355003e-06 4.400072816 2.420278e-06 1.541002096e-07 0.075086 3.232133616 1.30379328e-06 1.78490265817e-06 5.321876984e-06 127.0 3.13482055767e-06 3.728991344e-06 2.30137187088e-06 1.185549344 
2.101794 4.86668085068e-06 1.33061925425e-06 4.316071896 2.401128e-06 1.410309752e-07 0.069308 3.17977168 1.283682792e-06 1.81575539147e-06 5.45328516e-06 127.5 3.23243000479e-06 3.727859936e-06 2.3638669291e-06 1.112286 
2.022728 4.89881054134e-06 1.36118115025e-06 4.267629728 2.394563e-06 1.26939396e-07 0.063840808 3.124841496 1.261278336e-06 1.83949001975e-06 5.572831352e-06 128.0 3.30851324234e-06 3.724619656e-06 2.4308342613e-06 1.049831464 
1.946877 4.92783310215e-06 1.39348241325e-06 4.301763752 2.370217e-06 1.134811632e-07 0.058676 3.06456968 1.195907016e-06 1.87718127478e-06 5.643833352e-06 128.5 3.39421992948e-06 3.72180912e-06 2.49031356457e-06 0.97646372 
1.870151 4.95436029343e-06 1.42896816599e-06 4.198698112 2.348601e-06 1.01135584e-07 0.052949024 3.001433952 1.160790464e-06 1.92842839486e-06 5.702800872e-06 129.0 3.45958666493e-06 3.7034782e-06 2.56366127479e-06 0.916490328 
1.793541 4.97863608851e-06 1.47495684897e-06 4.138067032 2.33906e-06 9.06306944e-08 0.046968424 2.933090856 1.1253052e-06 1.98214681738e-06 5.630450936e-06 129.5 3.52879346426e-06 3.68649008e-06 2.62743881121e-06 0.852052192 
1.723824 5.00734487058e-06 1.51834859632e-06 4.076223192 2.330646e-06 7.482843336e-08 0.041747064 2.85524 1.104913872e-06 2.02649863689e-06 5.618764928e-06 130.0 3.59507441553e-06 3.672994032e-06 2.71446316778e-06 0.799217192 
1.647552 5.03754990766e-06 1.57079570077e-06 3.97574924 2.299502e-06 6.146853432e-08 0.037840736 2.768165048 1.073328344e-06 2.07793366127e-06 5.517654752e-06 130.5 3.6596892753e-06 3.658722e-06 2.79619745379e-06 0.753972848 
1.580753 5.06135164612e-06 1.61266469017e-06 3.856920384 2.27675e-06 5.53159876e-08 0.027647712 2.674450496 1.037739208e-06 2.13292621026e-06 5.39869256e-06 131.0 3.72980955817e-06 3.624984632e-06 2.88629628354e-06 0.69891784 
1.521041 5.07988020871e-06 1.65313865496e-06 3.761488808 2.21741e-06 4.801562184e-08 0.023114944 2.589872728 9.987360624e-07 2.20433129367e-06 5.308927112e-06 131.5 3.82808398527e-06 3.650409232e-06 2.97413932792e-06 0.643367768 
1.461968 5.097021955e-06 1.71451697885e-06 3.583125144 2.170496e-06 4.178023632e-08 0.019659472 2.498033424 9.718368896e-07 2.29082608524e-06 5.231898232e-06 132.0 3.93699234695e-06 3.599070408e-06 3.06712417825e-06 0.587641176 
1.396336 5.11458388517e-06 1.79607289047e-06 3.46419688 2.133186e-06 3.658992016e-08 0.017093216 2.418330736 9.364395912e-07 2.38875252416e-06 5.101564944e-06 132.5 4.05342785346e-06 3.556383e-06 3.18419116022e-06 0.536461 
1.325286 5.1480719487e-06 1.86990965558e-06 3.380215512 2.104176e-06 2.619101952e-08 0.01276544 2.333329504 8.721339168e-07 2.48797171611e-06 5.011611336e-06 133.0 4.14857336838e-06 3.484495e-06 3.29508927053e-06 0.480811432 
1.246982 5.17008943764e-06 1.92786109345e-06 3.21112552 2.03434e-06 2.159642352e-08 0.00962424 2.220987872 8.136630728e-07 2.57723532077e-06 4.86345916e-06 133.5 4.23029546435e-06 3.38206016e-06 3.38529450672e-06 0.42106176 
1.172964 5.20207465359e-06 1.98344537014e-06 3.130770128 1.983758e-06 1.573830784e-08 0.006625 2.104887072 6.94786188e-07 2.69068688616e-06 4.815846136e-06 134.0 4.33025019179e-06 3.292954312e-06 3.48336800106e-06 0.364451496 
1.09204 5.22903305489e-06 1.98157576328e-06 3.030703624 1.892159e-06 1.090216488e-08 0.005152496 1.982620552 6.182232104e-07 2.7956985405e-06 4.54645704e-06 134.5 4.43506649622e-06 3.178452592e-06 3.58687652656e-06 0.317651144 
1.003326 5.23535008797e-06 1.80201928974e-06 2.874081344 1.812934e-06 7.428318504e-10 0.000282208 1.88101204 5.022163912e-07 2.88206089539e-06 4.350297768e-06 135.0 4.51370410386e-06 3.09890072e-06 3.67558543002e-06 0.24628596 
0.929035 5.23001804232e-06 0.0 2.7334298 1.726366e-06 0.0 0.0 1.737947488 3.746893336e-07 2.90461649303e-06 4.184074008e-06 135.5 4.55754835708e-06 2.960918296e-06 3.73342937233e-06 0.181201504 
0.845948 5.2346984442e-06 0.0 2.54694396 1.617989e-06 0.0 0.0 1.61975256 3.256913968e-07 2.96010352377e-06 4.057965992e-06 136.0 4.62746859162e-06 2.843084568e-06 3.80733009751e-06 0.157181 
0.767791 5.23504064459e-06 0.0 2.403107216 1.514088e-06 0.0 0.0 1.498417512 2.06674784e-07 2.97583112592e-06 3.909451048e-06 136.5 4.68247084166e-06 2.718390072e-06 3.87370682233e-06 0.09140204 
0.681753 5.25926150564e-06 0.0 2.285334144 1.380967e-06 0.0 0.0 1.39945736 1.275350264e-07 3.0287387282e-06 3.783243304e-06 137.0 4.74707660964e-06 2.553176856e-06 3.95270796326e-06 0.049263 
0.61176 5.25712255222e-06 0.0 2.127557288 1.279483e-06 0.0 0.0 1.304013856 4.090300984e-08 2.9335988879e-06 3.706738176e-06 137.5 4.78499204107e-06 2.415114872e-06 4.00562467053e-06 0.01632972 
0.555046 5.25949445601e-06 0.0 2.011104296 1.157908e-06 0.0 0.0 1.207597968 4.112263008e-09 2.6628903703e-06 3.5542998e-06 138.0 4.82568115005e-06 2.320636712e-06 4.08890999521e-06 0.00156924 
0.470059 5.2749315829e-06 0.0 1.86493276 1.042384e-06 0.0 0.0 1.111380792 0.0 0.0 3.39219956e-06 138.5 4.87091580419e-06 2.216164e-06 4.14462929185e-06 0.0 
0.402931 5.26891680706e-06 0.0 1.703819792 8.880774e-07 0.0 0.0 1.033756144 0.0 0.0 3.300780152e-06 139.0 4.90070409886e-06 2.080102744e-06 4.21192829379e-06 0.0 
0.34073 5.27395832952e-06 0.0 1.603768024 7.59853e-07 0.0 0.0 0.947498792 0.0 0.0 3.17151376e-06 139.5 4.91784591236e-06 1.94280524e-06 4.23923814118e-06 0.0 
0.285642 5.25734884155e-06 0.0 1.49147632 6.524503e-07 0.0 0.0 0.858513904 0.0 0.0 3.020748784e-06 140.0 4.91649059465e-06 1.805342328e-06 4.25463691723e-06 0.0 
0.225527 5.25603857284e-06 0.0 1.36180912 5.295818e-07 0.0 0.0 0.76784252 0.0 0.0 2.7822642e-06 140.5 4.94381436788e-06 1.674598448e-06 4.2911937027e-06 0.0 
0.17659 5.27839718374e-06 0.0 1.272301248 4.237512e-07 0.0 0.0 0.695112784 0.0 0.0 2.519633368e-06 141.0 4.99441574432e-06 1.520052944e-06 4.3578256344e-06 0.0 
0.115025 5.26917870437e-06 0.0 1.179728672 2.916184e-07 0.0 0.0 0.61651268 0.0 0.0 2.361691712e-06 141.5 5.00831308397e-06 1.377066968e-06 4.34282309376e-06 0.0 
0.070426 5.28119974026e-06 0.0 1.082587 1.751296e-07 0.0 0.0 0.554316152 0.0 0.0 2.255547688e-06 142.0 5.01749735016e-06 1.236223824e-06 4.33608387498e-06 0.0 
0.028938 5.27102048248e-06 0.0 0.985965 7.589361e-08 0.0 0.0 0.4742512 0.0 0.0 2.05401276e-06 142.5 5.02017156555e-06 1.087381552e-06 4.22124958584e-06 0.0 
0.002792 5.27530942497e-06 0.0 0.887227528 7.40811e-09 0.0 0.0 0.418371936 0.0 0.0 1.907264464e-06 143.0 5.03255974863e-06 9.730338328e-07 4.11792613107e-06 0.0 
0.0 5.28513157826e-06 0.0 0.795669112 0.0 0.0 0.0 0.358118888 0.0 0.0 1.757783424e-06 143.5 5.0604998486e-06 8.652308384e-07 0.0 0.0 
0.0 5.28410474186e-06 0.0 0.705106936 0.0 0.0 0.0 0.307130352 0.0 0.0 1.634161448e-06 144.0 5.06465216435e-06 7.470597536e-07 0.0 0.0 
0.0 5.29261295524e-06 0.0 0.622844392 0.0 0.0 0.0 0.248195048 0.0 0.0 1.466682416e-06 144.5 5.06798527738e-06 6.2667684e-07 0.0 0.0 
0.0 5.28614543732e-06 0.0 0.538374776 0.0 0.0 0.0 0.190154888 0.0 0.0 1.265940464e-06 145.0 5.07076401448e-06 4.79850156e-07 0.0 0.0 
0.0 5.29240618273e-06 0.0 0.437007768 0.0 0.0 0.0 0.132294216 0.0 0.0 1.054527624e-06 145.5 5.09449379133e-06 3.36634624e-07 0.0 0.0 
0.0 5.28686837211e-06 0.0 0.35004984 0.0 0.0 0.0 0.077379296 0.0 0.0 8.593785872e-07 146.0 5.06401648673e-06 2.015714104e-07 0.0 0.0 
0.0 5.29317689322e-06 0.0 0.278200672 0.0 0.0 0.0 0.03842484 0.0 0.0 6.837945944e-07 146.5 5.03865799391e-06 1.019022856e-07 0.0 0.0 
0.0 5.29233480375e-06 0.0 0.203242704 0.0 0.0 0.0 0.004135728 0.0 0.0 5.143404808e-07 147.0 4.8327123304e-06 1.0908896128e-08 0.0 0.0 
0.0 5.28957632311e-06 0.0 0.135162432 0.0 0.0 0.0 0.0 0.0 0.0 3.456458904e-07 147.5 0.0 0.0 0.0 0.0 
0.0 5.28304095456e-06 0.0 0.07630384 0.0 0.0 0.0 0.0 0.0 0.0 1.96640724e-07 148.0 0.0 0.0 0.0 0.0 
0.0 5.24413227593e-06 0.0 0.027652232 0.0 0.0 0.0 0.0 0.0 0.0 7.297768504e-08 148.5 0.0 0.0 0.0 0.0 
0.0 0.0 0.0 0.0 0.0 0.0 0.0 0.0 0.0 0.0 0.0 149.0 0.0 0.0 0.0 0.0 
0.0 0.0 0.0 0.0 0.0 0.0 0.0 0.0 0.0 0.0 0.0 149.5 0.0 0.0 0.0 0.0 
0.0 0.0 0.0 0.0 0.0 0.0 0.0 0.0 0.0 0.0 0.0 150.0 0.0 0.0 0.0 0.0 
0.0 0.0 0.0 0.0 0.0 0.0 0.0 0.0 0.0 0.0 0.0 150.5 0.0 0.0 0.0 0.0 
0.0 0.0 0.0 0.0 0.0 0.0 0.0 0.0 0.0 0.0 0.0 151.0 0.0 0.0 0.0 0.0 
0.0 0.0 0.0 0.0 0.0 0.0 0.0 0.0 0.0 0.0 0.0 151.5 0.0 0.0 0.0 0.0 
0.0 0.0 0.0 0.0 0.0 0.0 0.0 0.0 0.0 0.0 0.0 152.0 0.0 0.0 0.0 0.0 
0.0 0.0 0.0 0.0 0.0 0.0 0.0 0.0 0.0 0.0 0.0 152.5 0.0 0.0 0.0 0.0 
0.0 0.0 0.0 0.0 0.0 0.0 0.0 0.0 0.0 0.0 0.0 153.0 0.0 0.0 0.0 0.0 
0.0 0.0 0.0 0.0 0.0 0.0 0.0 0.0 0.0 0.0 0.0 153.5 0.0 0.0 0.0 0.0 
0.0 0.0 0.0 0.0 0.0 0.0 0.0 0.0 0.0 0.0 0.0 154.0 0.0 0.0 0.0 0.0 
0.0 0.0 0.0 0.0 0.0 0.0 0.0 0.0 0.0 0.0 0.0 154.5 0.0 0.0 0.0 0.0 
0.0 0.0 0.0 0.0 0.0 0.0 0.0 0.0 0.0 0.0 0.0 155.0 0.0 0.0 0.0 0.0 
0.0 0.0 0.0 0.0 0.0 0.0 0.0 0.0 0.0 0.0 0.0 155.5 0.0 0.0 0.0 0.0 
0.0 0.0 0.0 0.0 0.0 0.0 0.0 0.0 0.0 0.0 0.0 156.0 0.0 0.0 0.0 0.0 
0.0 0.0 0.0 0.0 0.0 0.0 0.0 0.0 0.0 0.0 0.0 156.5 0.0 0.0 0.0 0.0 
0.0 0.0 0.0 0.0 0.0 0.0 0.0 0.0 0.0 0.0 0.0 157.0 0.0 0.0 0.0 0.0 
0.0 0.0 0.0 0.0 0.0 0.0 0.0 0.0 0.0 0.0 0.0 157.5 0.0 0.0 0.0 0.0 
0.0 0.0 0.0 0.0 0.0 0.0 0.0 0.0 0.0 0.0 0.0 158.0 0.0 0.0 0.0 0.0 
0.0 0.0 0.0 0.0 0.0 0.0 0.0 0.0 0.0 0.0 0.0 158.5 0.0 0.0 0.0 0.0 
0.0 0.0 0.0 0.0 0.0 0.0 0.0 0.0 0.0 0.0 0.0 159.0 0.0 0.0 0.0 0.0 
0.0 0.0 0.0 0.0 0.0 0.0 0.0 0.0 0.0 0.0 0.0 159.5 0.0 0.0 0.0 0.0 
0.0 0.0 0.0 0.0 0.0 0.0 0.0 0.0 0.0 0.0 0.0 160.0 0.0 0.0 0.0 0.0 
0.0 0.0 0.0 0.0 0.0 0.0 0.0 0.0 0.0 0.0 0.0 160.5 0.0 0.0 0.0 0.0 
0.0 0.0 0.0 0.0 0.0 0.0 0.0 0.0 0.0 0.0 0.0 161.0 0.0 0.0 0.0 0.0 
0.0 0.0 0.0 0.0 0.0 0.0 0.0 0.0 0.0 0.0 0.0 161.5 0.0 0.0 0.0 0.0 
0.0 0.0 0.0 0.0 0.0 0.0 0.0 0.0 0.0 0.0 0.0 162.0 0.0 0.0 0.0 0.0 
0.0 0.0 0.0 0.0 0.0 0.0 0.0 0.0 0.0 0.0 0.0 162.5 0.0 0.0 0.0 0.0 
0.0 0.0 0.0 0.0 0.0 0.0 0.0 0.0 0.0 0.0 0.0 163.0 0.0 0.0 0.0 0.0 
0.0 0.0 0.0 0.0 0.0 0.0 0.0 0.0 0.0 0.0 0.0 163.5 0.0 0.0 0.0 0.0 
0.0 0.0 0.0 0.0 0.0 0.0 0.0 0.0 0.0 0.0 0.0 164.0 0.0 0.0 0.0 0.0 
0.0 0.0 0.0 0.0 0.0 0.0 0.0 0.0 0.0 0.0 0.0 164.5 0.0 0.0 0.0 0.0 
0.0 0.0 0.0 0.0 0.0 0.0 0.0 0.0 0.0 0.0 0.0 165.0 0.0 0.0 0.0 0.0 
0.0 0.0 0.0 0.0 0.0 0.0 0.0 0.0 0.0 0.0 0.0 165.5 0.0 0.0 0.0 0.0 
0.0 0.0 0.0 0.0 0.0 0.0 0.0 0.0 0.0 0.0 0.0 166.0 0.0 0.0 0.0 0.0 
0.0 0.0 0.0 0.0 0.0 0.0 0.0 0.0 0.0 0.0 0.0 166.5 0.0 0.0 0.0 0.0 
0.0 0.0 0.0 0.0 0.0 0.0 0.0 0.0 0.0 0.0 0.0 167.0 0.0 0.0 0.0 0.0 
0.0 0.0 0.0 0.0 0.0 0.0 0.0 0.0 0.0 0.0 0.0 167.5 0.0 0.0 0.0 0.0 
0.0 0.0 0.0 0.0 0.0 0.0 0.0 0.0 0.0 0.0 0.0 168.0 0.0 0.0 0.0 0.0 
0.0 0.0 0.0 0.0 0.0 0.0 0.0 0.0 0.0 0.0 0.0 168.5 0.0 0.0 0.0 0.0 
0.0 0.0 0.0 0.0 0.0 0.0 0.0 0.0 0.0 0.0 0.0 169.0 0.0 0.0 0.0 0.0 
0.0 0.0 0.0 0.0 0.0 0.0 0.0 0.0 0.0 0.0 0.0 169.5 0.0 0.0 0.0 0.0 
0.0 0.0 0.0 0.0 0.0 0.0 0.0 0.0 0.0 0.0 0.0 170.0 0.0 0.0 0.0 0.0 
0.0 0.0 0.0 0.0 0.0 0.0 0.0 0.0 0.0 0.0 0.0 170.5 0.0 0.0 0.0 0.0 
0.0 0.0 0.0 0.0 0.0 0.0 0.0 0.0 0.0 0.0 0.0 171.0 0.0 0.0 0.0 0.0 
0.0 0.0 0.0 0.0 0.0 0.0 0.0 0.0 0.0 0.0 0.0 171.5 0.0 0.0 0.0 0.0 
0.0 0.0 0.0 0.0 0.0 0.0 0.0 0.0 0.0 0.0 0.0 172.0 0.0 0.0 0.0 0.0 
0.0 0.0 0.0 0.0 0.0 0.0 0.0 0.0 0.0 0.0 0.0 172.5 0.0 0.0 0.0 0.0 
0.0 0.0 0.0 0.0 0.0 0.0 0.0 0.0 0.0 0.0 0.0 173.0 0.0 0.0 0.0 0.0 
0.0 0.0 0.0 0.0 0.0 0.0 0.0 0.0 0.0 0.0 0.0 173.5 0.0 0.0 0.0 0.0 
0.0 0.0 0.0 0.0 0.0 0.0 0.0 0.0 0.0 0.0 0.0 174.0 0.0 0.0 0.0 0.0 
0.0 0.0 0.0 0.0 0.0 0.0 0.0 0.0 0.0 0.0 0.0 174.5 0.0 0.0 0.0 0.0 
0.0 0.0 0.0 0.0 0.0 0.0 0.0 0.0 0.0 0.0 0.0 175.0 0.0 0.0 0.0 0.0 
0.0 0.0 0.0 0.0 0.0 0.0 0.0 0.0 0.0 0.0 0.0 175.5 0.0 0.0 0.0 0.0 
0.0 0.0 0.0 0.0 0.0 0.0 0.0 0.0 0.0 0.0 0.0 176.0 0.0 0.0 0.0 0.0 
0.0 0.0 0.0 0.0 0.0 0.0 0.0 0.0 0.0 0.0 0.0 176.5 0.0 0.0 0.0 0.0 
0.0 0.0 0.0 0.0 0.0 0.0 0.0 0.0 0.0 0.0 0.0 177.0 0.0 0.0 0.0 0.0 
0.0 0.0 0.0 0.0 0.0 0.0 0.0 0.0 0.0 0.0 0.0 177.5 0.0 0.0 0.0 0.0 
0.0 0.0 0.0 0.0 0.0 0.0 0.0 0.0 0.0 0.0 0.0 178.0 0.0 0.0 0.0 0.0 
0.0 0.0 0.0 0.0 0.0 0.0 0.0 0.0 0.0 0.0 0.0 178.5 0.0 0.0 0.0 0.0 
0.0 0.0 0.0 0.0 0.0 0.0 0.0 0.0 0.0 0.0 0.0 179.0 0.0 0.0 0.0 0.0 
0.0 0.0 0.0 0.0 0.0 0.0 0.0 0.0 0.0 0.0 0.0 179.5 0.0 0.0 0.0 0.0 
0.0 0.0 0.0 0.0 0.0 0.0 0.0 0.0 0.0 0.0 0.0 180.0 0.0 0.0 0.0 0.0 
0.0 0.0 0.0 0.0 0.0 0.0 0.0 0.0 0.0 0.0 0.0 180.5 0.0 0.0 0.0 0.0 
0.0 0.0 0.0 0.0 0.0 0.0 0.0 0.0 0.0 0.0 0.0 181.0 0.0 0.0 0.0 0.0 
0.0 0.0 0.0 0.0 0.0 0.0 0.0 0.0 0.0 0.0 0.0 181.5 0.0 0.0 0.0 0.0 
0.0 0.0 0.0 0.0 0.0 0.0 0.0 0.0 0.0 0.0 0.0 182.0 0.0 0.0 0.0 0.0 
0.0 0.0 0.0 0.0 0.0 0.0 0.0 0.0 0.0 0.0 0.0 182.5 0.0 0.0 0.0 0.0 
0.0 0.0 0.0 0.0 0.0 0.0 0.0 0.0 0.0 0.0 0.0 183.0 0.0 0.0 0.0 0.0 
0.0 0.0 0.0 0.0 0.0 0.0 0.0 0.0 0.0 0.0 0.0 183.5 0.0 0.0 0.0 0.0 
0.0 0.0 0.0 0.0 0.0 0.0 0.0 0.0 0.0 0.0 0.0 184.0 0.0 0.0 0.0 0.0 
0.0 0.0 0.0 0.0 0.0 0.0 0.0 0.0 0.0 0.0 0.0 184.5 0.0 0.0 0.0 0.0 
