0.008 1.0129565489201837 0.006492914505613284
0.00900001 0.9963347951527384 0.00576657384217596
0.01 0.9987540996188007 0.0051850074561940905
0.011 0.9997424050379355 0.00470871954889287
0.012 0.9981120565521717 0.004311399312999883
0.013 1.0052127261518924 0.003974827414892351
0.014 0.9426964978606435 0.0035801406622169058
0.015 0.24780094188781307 0.0017127081669187515
0.016 0.07285544938654895 0.0008618023284525094
0.017 0.04514602029125088 0.0006408030068755759
0.018 0.04006084075720356 0.0005733115608265971
0.019 0.03935779533831299 0.0005360196095160784
0.02 0.03975278573499557 0.0005035856200584196
0.021 0.03767062568651883 0.00047063823129228416
0.0219999 0.035330166510616635 0.00043662478997208654
0.023 0.03296271090143534 0.0004020861142902917
0.0240001 0.03036568309040386 0.0003677126549474345
0.025 0.027688912219138107 0.0003341273886071612
0.0273999 0.019698132692105692 0.0002590875578546531
0.0298 0.013297267237422992 0.00019446262523836118
0.0321999 0.008663397497277858 0.0001416416799288318
0.0346 0.004986244662197333 0.00010107363299914123
0.037 0.0031201176805763647 7.279188889827777e-05
0.0394 0.002050830026313279 5.621990008991975e-05
0.0418 0.0018328153094190865 4.8963337497787074e-05
0.0441999 0.0018448292798036786 4.670368705872145e-05
0.0466001 0.001964106654039899 4.566740851720304e-05
0.0489999 0.002176615286432564 4.399513973567165e-05
0.0513999 0.002114713219669168 4.1191259667704865e-05
0.0537999 0.001876918034551472 3.7396139388274874e-05
0.0562001 0.0016563174101273032 3.298637902357437e-05
0.0586 0.0013979807190408788 2.8396526748020057e-05
0.061 0.0010796280412927084 2.4034714212564108e-05
0.0634 0.0008540633727619788 2.0241546486456197e-05
0.0657999 0.0006740677513475098 1.7245807458199623e-05
0.0682 0.0005565762047081029 1.5112838572334668e-05
0.0706001 0.0004910641233737394 1.3717528738475706e-05
0.073 0.00048099066418278417 1.2797539797442632e-05
0.0753999 0.0004574544023181583 1.2074190477174748e-05
0.0778 0.00044585039007682264 1.1347745494727605e-05
0.0801999 0.00043570202633731357 1.0522872659772944e-05
0.0826001 0.000396116336978601 9.589162601479018e-06
0.0849999 0.00033425673929584346 8.591380474864006e-06
0.0874001 0.00029143122377752774 7.60088121149935e-06
0.0898 0.0002455335894836715 6.693502903169419e-06
0.0922 0.0001965511701343113 5.927760797826274e-06
0.0946 0.00017646010727518532 5.3280886803575736e-06
0.097 0.0001530078799104243 4.877110139441245e-06
0.0994 0.00013977244703139614 4.525428415816146e-06
0.1018 0.00013770800062321015 4.214486444175895e-06
0.1042 0.00012780035918772044 3.897973442330567e-06
0.1066 0.00011480525292315971 3.55191936496331e-06
0.109 9.038543983502095e-05 3.1746910038858562e-06
0.1114 7.987787204772946e-05 2.781785435947546e-06
0.1138 5.387754388145803e-05 2.399818807867776e-06
0.1162 4.8365391791279936e-05 2.0595603891617993e-06
0.1186 3.7966614008310655e-05 1.7880701219360045e-06
0.121 3.0367994234726272e-05 1.5984129903956801e-06
0.1234 2.7729941536765242e-05 1.4815419883638135e-06
0.1258 2.7587293914054924e-05 1.4095372435621268e-06
0.1282 2.4123263469332596e-05 1.349769899040177e-06
0.1306 2.3218168944390098e-05 1.2776989741764966e-06
0.133 2.2975616880871986e-05 1.1811144153440518e-06
0.1354 1.9820220363839576e-05 1.058734195067392e-06
0.1378 1.4876788164468742e-05 9.171813001380607e-07
0.1402 1.0637530805256488e-05 7.684272477045407e-07
0.1426 5.428363436439329e-06 6.27975748889014e-07
0.145 3.0024178483428245e-06 5.132700043430508e-07
0.1474 2.194529510295247e-06 4.3951450037716473e-07
0.1498 2.055060557248608e-06 4.099301627381213e-07
0.1522 2.3060605514818724e-06 4.0995113174016276e-07
0.1546 3.5220708282152194e-06 4.1809818426233843e-07
0.157 2.892597132251802e-06 4.1908032713587e-07
0.1594 3.0232839069009773e-06 4.0645896359353785e-07
0.1618 2.4537457323598757e-06 3.803770603943522e-07
0.1642 2.0640546415053224e-06 3.4529052558026213e-07
0.1666 1.3159371122865346e-06 3.083561191809265e-07
0.169 4.888298949369646e-07 2.777529510603977e-07
0.1714 -1.7580408847731035e-09 2.599073642991804e-07
0.1738 8.228161805688025e-07 2.559894158098752e-07
0.1762 5.924634005723059e-08 2.612205553137318e-07
0.1786 4.0618623971958284e-07 2.684595510836845e-07
0.181 1.0653646287136157e-06 2.719908597671889e-07
0.1834 1.662014402200304e-06 2.6891378642890547e-07
0.1858 1.0799376553995682e-06 2.59010083451622e-07
0.1882 7.185528863975988e-07 2.4420424233925375e-07
0.1906 2.469608100030562e-07 2.2793424320292981e-07
0.193 2.877296931909861e-07 2.1428793903807644e-07
0.1954 1.8228750329795614e-07 2.0664674943947852e-07
0.1978 4.152736173923953e-07 2.0614107128740568e-07
0.2002 3.5485947030102384e-07 2.111213567750612e-07
0.2026 1.2268117713809053e-06 2.1825879604644324e-07
0.205 1.5772104099226851e-06 2.241905014385838e-07
0.2074 1.7409664366611983e-06 2.2653611632772126e-07
0.2098 1.271354869291535e-06 2.2416156382131477e-07
0.2122 1.733680844712773e-06 2.1711188218997394e-07
0.2146 1.2993156186297647e-06 2.0641496434099343e-07
0.217 8.40266036941996e-07 1.938443655672206e-07
0.2194 5.0597891415632e-07 1.8159739875130022e-07
0.221799 6.808791198764648e-07 1.7182503883525477e-07
0.2242 3.2482948539084113e-07 1.6596603433951758e-07
0.226601 2.49281871274286e-07 1.6423389815845423e-07
0.228999 6.241111656479442e-07 1.6555233908748234e-07
0.231399 8.261085788393132e-07 1.6813527882710964e-07
0.233799 1.150536828970088e-06 1.70201221259841e-07
0.236199 1.269804749597193e-06 1.704515097625316e-07
0.238601 1.456385732960424e-06 1.6823682288428354e-07
0.241 1.3733176309665913e-06 1.6356781722508754e-07
0.243399 1.1894659558014404e-06 1.570803142977342e-07
0.2458 7.290757022338353e-07 1.500235321675987e-07
0.248199 7.985794049463332e-07 1.4373246469411004e-07
0.2506 5.295100383990637e-07 1.3870940813892036e-07
