#     thickness (A)        interface (A)       rho (1e-6/A^2)      irho (1e-6/A^2)
                   0     7.44567926066308                2.069                    0
    9.54726462288829     7.44567926066308     4.55686882911368                    0
    112.657876236165                    0 -0.00253461993902384                    0
                 0.5                    0 -0.00253461993911026                    0
                 0.5                    0 -0.00131734212184057                    0
                 0.5                    0  0.00114950386917566                    0
                 0.5                    0  0.00493050056000519                    0
                 0.5                    0   0.0101225094541127                    0
                 0.5                    0   0.0168546097753763                    0
                 0.5                    0   0.0252879410259555                    0
                 0.5                    0   0.0356153879260855                    0
                 0.5                    0   0.0480610353146368                    0
                 0.5                    0   0.0628793124767794                    0
                 0.5                    0   0.0803537416460557                    0
                 0.5                    0    0.100795204566362                    0
                 0.5                    0    0.124539644380769                    0
                 0.5                    0    0.151945128018526                    0
                 0.5                    0    0.183388206823299                    0
                 0.5                    0    0.219259530383753                    0
                 0.5                    0     0.25995869017877                    0
                 0.5                    0    0.305888295307061                    0
                 0.5                    0    0.357447311580526                    0
                 0.5                    0    0.415023726738062                    0
                 0.5                    0    0.478986637377363                    0
                 0.5                    0    0.549677886105652                    0
                 0.5                    0     0.62740340891867                    0
                 0.5                    0    0.712424481369134                    0
                 0.5                    0     0.80494907608367                    0
                 0.5                    0    0.905123562074726                    0
                 0.5                    0     1.01302498664351                    0
                 0.5                    0     1.12865418227229                    0
                 0.5                    0     1.25192993285858                    0
                 0.5                    0      1.3826844154433                    0
                 0.5                    0     1.52066010519063                    0
                 0.5                    0     1.66550829327649                    0
                 0.5                    0     1.81678932058871                    0
                 0.5                    0      1.9739745763625                    0
                 0.5                    0     2.13645025225607                    0
                 0.5                    0     2.30352278160001                    0
                 0.5                    0     2.47442583372306                    0
                 0.5                    0     2.64832867772831                    0
                 0.5                    0     2.82434568231217                    0
                 0.5                    0     3.00154668149363                    0
                 0.5                    0     3.17896791335953                    0
                 0.5                    0      3.3556232323598                    0
                 0.5                    0     3.53051530655909                    0
                 0.5                    0     3.70264653958307                    0
                 0.5                    0     3.87102950135628                    0
                 0.5                    0     4.03469670910663                    0
                 0.5                    0     4.19270966594475                    0
                 0.5                    0     4.34416713266282                    0
                 0.5                    0     4.48821267226486                    0
                 0.5                    0     4.62404155870323                    0
                 0.5                    0     4.75090717418585                    0
                 0.5                    0     4.86812702719624                    0
                 0.5                    0     4.97508850202699                    0
                 0.5                    0     5.07125439904694                    0
                 0.5                    0     5.15616824554256                    0
                 0.5                    0     5.22945925616234                    0
                 0.5                    0     5.29084671000322                    0
                 0.5                    0     5.34014340180559                    0
                 0.5                    0     5.37725773345039                    0
                 0.5                    0     5.40219395559547                    0
                 0.5                    0     5.41505006329057                    0
                 0.5                    0      5.4160129059192                    0
                 0.5                    0      5.4053501976243                    0
                 0.5                    0     5.38339930916127                    0
                 0.5                    0     5.35055297728457                    0
                 0.5                    0     5.30724236608195                    0
                 0.5                    0     5.25391823091353                    0
                 0.5                    0     5.19103123830727                    0
                 0.5                    0     5.11901274926443                    0
                 0.5                    0     5.03825754385927                    0
                 0.5                    0     4.94911002068966                    0
                 0.5                    0     4.85185532265901                    0
                 0.5                    0     4.74671660954538                    0
                 0.5                    0     4.63385932122023                    0
                 0.5                    0      4.5134027726061                    0
                 0.5                    0      4.3854388276266                    0
                 0.5                    0     4.25005676321524                    0
                 0.5                    0     4.10737281423258                    0
                 0.5                    0     3.95756234831778                    0
                 0.5                    0     3.80089221624182                    0
                 0.5                    0     3.63775060888013                    0
                 0.5                    0     3.46867176141543                    0
                 0.5                    0     3.29435309298752                    0
                 0.5                    0     3.11566284615486                    0
                 0.5                    0     2.93363696153426                    0
                 0.5                    0     2.74946473348365                    0
                 0.5                    0     2.56446367080491                    0
                 0.5                    0     2.38004485106884                    0
                 0.5                    0      2.1976708266519                    0
                 0.5                    0     2.01880874168061                    0
                 0.5                    0     1.84488169510541                    0
                 0.5                    0      1.6772215021835                    0
                 0.5                    0     1.51702585726404                    0
                 0.5                    0     1.36532250435457                    0
                 0.5                    0     1.22294242214879                    0
                 0.5                    0      1.0905032894716                    0
                 0.5                    0    0.968403689316157                    0
                 0.5                    0    0.856827711676404                    0
                 0.5                    0    0.755758898762074                    0
                 0.5                    0    0.665001899912467                    0
                 0.5                    0    0.584209808721627                    0
                 0.5                    0     0.51291496188346                    0
                 0.5                    0    0.450560987249038                    0
                 0.5                    0    0.396534077604351                    0
                 0.5                    0    0.350191801516966                    0
                 0.5                    0    0.310888197917312                    0
                 0.5                    0    0.277994386991473                    0
                 0.5                    0    0.250914417435626                    0
                 0.5                    0    0.229096515569702                    0
                 0.5                    0    0.212040270486525                    0
                 0.5                    0      0.1993005574459                    0
                 0.5                    0    0.190489156751444                    0
                 0.5                    0    0.185275065986258                    0
                 0.5                    0    0.183384437871285                    0
                 0.5                    0    0.184600919795779                    0
                 0.5                    0    0.188766945166365                    0
                 0.5                    0    0.195786255123865                    0
                 0.5                    0    0.205627637041053                    0
                 0.5                    0    0.218329578309749                    0
                 0.5                    0    0.234005273475834                    0
                 0.5                    0    0.252847210619385                    0
                 0.5                    0    0.275130416803987                    0
                 0.5                    0    0.301213376617578                    0
                 0.5                    0    0.331535662228369                    0
                 0.5                    0    0.366611432908464                    0
                 0.5                    0    0.407018175696669                    0
                 0.5                    0    0.453380359120482                    0
                 0.5                    0    0.506348043617138                    0
                 0.5                    0    0.566570912772934                    0
                 0.5                    0    0.634668628792849                    0
                 0.5                    0     0.71119883784073                    0
                 0.5                    0    0.796624516547743                    0
                 0.5                    0    0.891282620205721                    0
                 0.5                    0    0.995356129737942                    0
                 0.5                    0      1.1088515703212                    0
                 0.5                    0     1.23158387364331                    0
                 0.5                    0     1.36317007805382                    0
                 0.5                    0     1.50303282388863                    0
                 0.5                    0     1.65041394051633                    0
                 0.5                    0     1.80439768854969                    0
                 0.5                    0     1.96394247829081                    0
                 0.5                    0     2.12791920262354                    0
                 0.5                    0      2.2951537664861                    0
                 0.5                    0      2.4644710238719                    0
                 0.5                    0     2.63473718903826                    0
                 0.5                    0      2.8048978917605                    0
                 0.5                    0     2.97400939298766                    0
                 0.5                    0     3.14126103825404                    0
                 0.5                    0     3.30598775067002                    0
                 0.5                    0     3.46767218544726                    0
                 0.5                    0     3.62593700641435                    0
                 0.5                    0     3.78052852345546                    0
                 0.5                    0     3.93129357717174                    0
                 0.5                    0      4.0781520169574                    0
                 0.5                    0     4.22106735499276                    0
                 0.5                    0     4.36001817861499                    0
                 0.5                    0     4.49497267806503                    0
                 0.5                    0     4.62586822809368                    0
                 0.5                    0     4.75259739967799                    0
                 0.5                    0     4.87500113241663                    0
                 0.5                    0     4.99286913343187                    0
                 0.5                    0     5.10594694655055                    0
                 0.5                    0     5.21394860928356                    0
                 0.5                    0     5.31657342454802                    0
                 0.5                    0     5.41352514295613                    0
                 0.5                    0     5.50453178655867                    0
                 0.5                    0     5.58936443674026                    0
                 0.5                    0     5.66785353436165                    0
                 0.5                    0     5.73990156596372                    0
                 0.5                    0     5.80549139678219                    0
                 0.5                    0      5.8646899189443                    0
                 0.5                    0     5.91764707366927                    0
                 0.5                    0     5.96459064774118                    0
                 0.5                    0     6.00581751352002                    0
                 0.5                    0     6.04168216446901                    0
                 0.5                    0     6.07258349046907                    0
                 0.5                    0     6.09895074372242                    0
                 0.5                    0     6.12122957857986                    0
                 0.5                    0      6.1398689238539                    0
                 0.5                    0     6.15530928336526                    0
                 0.5                    0     6.16797287917884                    0
                 0.5                    0     6.17825587015447                    0
                 0.5                    0       6.186522710926                    0
                 0.5                    0     6.19310257413524                    0
                 0.5                    0     6.19828764832091                    0
                 0.5                    0     6.20233304784647                    0
                 0.5                    0     6.20545802867989                    0
                 0.5                    0     6.20784819104518                    0
                 0.5                    0     6.20965836150295                    0
                 0.5                    0     6.21101587656456                    0
                 0.5                    0     6.21202403109828                    0
                 0.5                    0      6.2127655016773                    0
                 0.5                    0     6.21330560273272                    0
                53.5                    0     6.21460665594803                    0
                   0                    0     6.21460665594803                    0
