Model 0x10ab8d1e0
  size 202 out of 214
  interface=0x10ab8d280
  repeats=0 at 0x10ab8d214
  # d(0x7fd8af008f60) rho(0x7fd8af0088b0) mu(0x7fd8af008200) rough(0x7fd8af009610)
  0 0 2.07e-06 0 3
  1 0.5 2.07e-06 0 0
  2 0.5 2.07e-06 0 0
  3 0.5 2.07e-06 0 0
  4 0.5 2.07e-06 0 0
  5 0.5 2.07e-06 0 0
  6 0.5 2.07e-06 0 0
  7 0.5 2.07e-06 0 0
  8 0.5 2.07e-06 0 0
  9 0.5 2.07e-06 0 0
  10 0.5 2.07e-06 0 0
  11 0.5 2.07e-06 0 0
  12 0.5 2.07e-06 0 0
  13 0.5 2.07e-06 0 0
  14 0.5 2.07001e-06 0 0
  15 0.5 2.07001e-06 0 0
  16 0.5 2.07002e-06 0 0
  17 0.5 2.07005e-06 0 0
  18 0.5 2.07009e-06 0 0
  19 0.5 2.07018e-06 0 0
  20 0.5 2.06875e-06 0 0
  21 0.5 2.06975e-06 0 0
  22 0.5 2.07066e-06 0 0
  23 0.5 2.07174e-06 0 0
  24 0.5 2.07328e-06 0 0
  25 0.5 2.0756e-06 0 0
  26 0.5 2.07916e-06 0 0
  27 0.5 2.08451e-06 0 0
  28 0.5 2.09239e-06 0 0
  29 0.5 2.10367e-06 0 0
  30 0.5 2.1194e-06 0 0
  31 0.5 2.14073e-06 0 0
  32 0.5 2.16887e-06 0 0
  33 0.5 2.20499e-06 0 0
  34 0.5 2.25008e-06 0 0
  35 0.5 2.30481e-06 0 0
  36 0.5 2.36945e-06 0 0
  37 0.5 2.44369e-06 0 0
  38 0.5 2.52664e-06 0 0
  39 0.5 2.61677e-06 0 0
  40 0.5 2.71205e-06 0 0
  41 0.5 2.81e-06 0 0
  42 0.5 2.90795e-06 0 0
  43 0.5 3.00323e-06 0 0
  44 0.5 3.09336e-06 0 0
  45 0.5 3.17631e-06 0 0
  46 0.5 3.25055e-06 0 0
  47 0.5 3.31519e-06 0 0
  48 0.5 3.36992e-06 0 0
  49 0.5 3.415e-06 0 0
  50 0.5 3.45111e-06 0 0
  51 0.5 3.47924e-06 0 0
  52 0.5 3.50055e-06 0 0
  53 0.5 3.51622e-06 0 0
  54 0.5 3.52738e-06 0 0
  55 0.5 3.53504e-06 0 0
  56 0.5 3.53998e-06 0 0
  57 0.5 3.54281e-06 0 0
  58 0.5 3.54385e-06 0 0
  59 0.5 3.54321e-06 0 0
  60 0.5 3.54068e-06 0 0
  61 0.5 3.53577e-06 0 0
  62 0.5 3.52761e-06 0 0
  63 0.5 3.51497e-06 0 0
  64 0.5 3.49619e-06 0 0
  65 0.5 3.46918e-06 0 0
  66 0.5 3.43148e-06 0 0
  67 0.5 3.38032e-06 0 0
  68 0.5 3.31284e-06 0 0
  69 0.5 3.22629e-06 0 0
  70 0.5 3.11836e-06 0 0
  71 0.5 2.98755e-06 0 0
  72 0.5 2.83348e-06 0 0
  73 0.5 2.65725e-06 0 0
  74 0.5 2.46157e-06 0 0
  75 0.5 2.25089e-06 0 0
  76 0.5 2.03116e-06 0 0
  77 0.5 1.80955e-06 0 0
  78 0.5 1.59387e-06 0 0
  79 0.5 1.39192e-06 0 0
  80 0.5 1.2108e-06 0 0
  81 0.5 1.05619e-06 0 0
  82 0.5 9.3188e-07 0 0
  83 0.5 8.39444e-07 0 0
  84 0.5 7.78227e-07 0 0
  85 0.5 7.45585e-07 0 0
  86 0.5 7.37332e-07 0 0
  87 0.5 7.48301e-07 0 0
  88 0.5 7.72899e-07 0 0
  89 0.5 8.05573e-07 0 0
  90 0.5 8.4111e-07 0 0
  91 0.5 8.74792e-07 0 0
  92 0.5 9.02411e-07 0 0
  93 0.5 9.20256e-07 0 0
  94 0.5 9.25115e-07 0 0
  95 0.5 9.1437e-07 0 0
  96 0.5 8.86182e-07 0 0
  97 0.5 8.39737e-07 0 0
  98 0.5 7.75472e-07 0 0
  99 0.5 6.95198e-07 0 0
  100 0.5 6.02056e-07 0 0
  101 0.5 5.00259e-07 0 0
  102 0.5 3.94658e-07 0 0
  103 0.5 2.9019e-07 0 0
  104 0.5 1.91317e-07 0 0
  105 0.5 1.01567e-07 0 0
  106 0.5 2.32401e-08 0 0
  107 0.5 -4.26708e-08 0 0
  108 0.5 -9.63596e-08 0 0
  109 0.5 -1.38946e-07 0 0
  110 0.5 -1.7214e-07 0 0
  111 0.5 -1.97908e-07 0 0
  112 0.5 -2.18194e-07 0 0
  113 0.5 -2.34716e-07 0 0
  114 0.5 -2.48865e-07 0 0
  115 0.5 -2.61669e-07 0 0
  116 0.5 -2.7381e-07 0 0
  117 0.5 -2.85675e-07 0 0
  118 0.5 -2.97418e-07 0 0
  119 0.5 -3.09017e-07 0 0
  120 0.5 -3.20329e-07 0 0
  121 0.5 -3.31131e-07 0 0
  122 0.5 -3.41155e-07 0 0
  123 0.5 -3.50117e-07 0 0
  124 0.5 -3.57742e-07 0 0
  125 0.5 -3.63782e-07 0 0
  126 0.5 -3.68031e-07 0 0
  127 0.5 -3.70343e-07 0 0
  128 0.5 -3.70636e-07 0 0
  129 0.5 -3.689e-07 0 0
  130 0.5 -3.65197e-07 0 0
  131 0.5 -3.59655e-07 0 0
  132 0.5 -3.52465e-07 0 0
  133 0.5 -3.43867e-07 0 0
  134 0.5 -3.34134e-07 0 0
  135 0.5 -3.23559e-07 0 0
  136 0.5 -3.12433e-07 0 0
  137 0.5 -3.01027e-07 0 0
  138 0.5 -2.89563e-07 0 0
  139 0.5 -2.78189e-07 0 0
  140 0.5 -2.66939e-07 0 0
  141 0.5 -2.5569e-07 0 0
  142 0.5 -2.44103e-07 0 0
  143 0.5 -2.31564e-07 0 0
  144 0.5 -2.17131e-07 0 0
  145 0.5 -1.99492e-07 0 0
  146 0.5 -1.76974e-07 0 0
  147 0.5 -1.47618e-07 0 0
  148 0.5 -1.09333e-07 0 0
  149 0.5 -6.01542e-08 0 0
  150 0.5 1.43481e-09 0 0
  151 0.5 7.61437e-08 0 0
  152 0.5 1.63556e-07 0 0
  153 0.5 2.61924e-07 0 0
  154 0.5 3.68148e-07 0 0
  155 0.5 4.77968e-07 0 0
  156 0.5 5.86367e-07 0 0
  157 0.5 6.88113e-07 0 0
  158 0.5 7.78339e-07 0 0
  159 0.5 8.53058e-07 0 0
  160 0.5 9.09496e-07 0 0
  161 0.5 9.4622e-07 0 0
  162 0.5 9.63041e-07 0 0
  163 0.5 9.60764e-07 0 0
  164 0.5 9.40868e-07 0 0
  165 0.5 9.0521e-07 0 0
  166 0.5 8.55827e-07 0 0
  167 0.5 7.94849e-07 0 0
  168 0.5 7.24528e-07 0 0
  169 0.5 6.47305e-07 0 0
  170 0.5 5.65856e-07 0 0
  171 0.5 4.83069e-07 0 0
  172 0.5 4.01908e-07 0 0
  173 0.5 3.25199e-07 0 0
  174 0.5 2.55372e-07 0 0
  175 0.5 1.94223e-07 0 0
  176 0.5 1.42775e-07 0 0
  177 0.5 1.01235e-07 0 0
  178 0.5 6.90888e-08 0 0
  179 0.5 4.52768e-08 0 0
  180 0.5 2.84169e-08 0 0
  181 0.5 1.70257e-08 0 0
  182 0.5 9.69682e-09 0 0
  183 0.5 5.21911e-09 0 0
  184 0.5 2.63109e-09 0 0
  185 0.5 1.22397e-09 0 0
  186 0.5 5.10641e-10 0 0
  187 0.5 1.78571e-10 0 0
  188 0.5 4.08069e-11 0 0
  189 0.5 -6.53828e-12 0 0
  190 0.5 0 0 0
  191 0.5 0 0 0
  192 0.5 0 0 0
  193 0.5 0 0 0
  194 0.5 0 0 0
  195 0.5 0 0 0
  196 0.5 0 0 0
  197 0.5 0 0 0
  198 0.5 0 0 0
  199 0.5 0 0 0
  200 0.5 0 0 0
  201 100 0 0 0
