Model 0x1063001e0
  size 202 out of 214
  interface=0x106300280
  repeats=0 at 0x106300214
  # d(0x7fd41180a960) rho(0x7fd41180a2b0) mu(0x7fd411809c00) rough(0x7fd41180b010)
  0 0 2.07e-06 0 3
  1 0.5 2.07e-06 0 0
  2 0.5 2.07e-06 0 0
  3 0.5 2.07e-06 0 0
  4 0.5 2.07e-06 0 0
  5 0.5 2.07e-06 0 0
  6 0.5 2.07e-06 0 0
  7 0.5 2.07e-06 0 0
  8 0.5 2.07e-06 0 0
  9 0.5 2.07e-06 0 0
  10 0.5 2.07e-06 0 0
  11 0.5 2.07e-06 0 0
  12 0.5 2.07e-06 0 0
  13 0.5 2.07e-06 0 0
  14 0.5 2.07001e-06 0 0
  15 0.5 2.07001e-06 0 0
  16 0.5 2.07002e-06 0 0
  17 0.5 2.07005e-06 0 0
  18 0.5 2.07009e-06 0 0
  19 0.5 2.07018e-06 0 0
  20 0.5 2.07106e-06 0 0
  21 0.5 2.07103e-06 0 0
  22 0.5 2.07136e-06 0 0
  23 0.5 2.07211e-06 0 0
  24 0.5 2.07347e-06 0 0
  25 0.5 2.0757e-06 0 0
  26 0.5 2.0792e-06 0 0
  27 0.5 2.08453e-06 0 0
  28 0.5 2.0924e-06 0 0
  29 0.5 2.10367e-06 0 0
  30 0.5 2.1194e-06 0 0
  31 0.5 2.14073e-06 0 0
  32 0.5 2.16887e-06 0 0
  33 0.5 2.20499e-06 0 0
  34 0.5 2.25008e-06 0 0
  35 0.5 2.30481e-06 0 0
  36 0.5 2.36945e-06 0 0
  37 0.5 2.44369e-06 0 0
  38 0.5 2.52664e-06 0 0
  39 0.5 2.61677e-06 0 0
  40 0.5 2.71205e-06 0 0
  41 0.5 2.81e-06 0 0
  42 0.5 2.90795e-06 0 0
  43 0.5 3.00323e-06 0 0
  44 0.5 3.09336e-06 0 0
  45 0.5 3.17631e-06 0 0
  46 0.5 3.25055e-06 0 0
  47 0.5 3.31519e-06 0 0
  48 0.5 3.36992e-06 0 0
  49 0.5 3.41501e-06 0 0
  50 0.5 3.45112e-06 0 0
  51 0.5 3.47927e-06 0 0
  52 0.5 3.50059e-06 0 0
  53 0.5 3.51631e-06 0 0
  54 0.5 3.52757e-06 0 0
  55 0.5 3.53541e-06 0 0
  56 0.5 3.54068e-06 0 0
  57 0.5 3.54409e-06 0 0
  58 0.5 3.54617e-06 0 0
  59 0.5 3.54726e-06 0 0
  60 0.5 3.54759e-06 0 0
  61 0.5 3.54725e-06 0 0
  62 0.5 3.54621e-06 0 0
  63 0.5 3.54436e-06 0 0
  64 0.5 3.54145e-06 0 0
  65 0.5 3.53715e-06 0 0
  66 0.5 3.53103e-06 0 0
  67 0.5 3.52255e-06 0 0
  68 0.5 3.51109e-06 0 0
  69 0.5 3.49591e-06 0 0
  70 0.5 3.47625e-06 0 0
  71 0.5 3.45126e-06 0 0
  72 0.5 3.42014e-06 0 0
  73 0.5 3.38214e-06 0 0
  74 0.5 3.33667e-06 0 0
  75 0.5 3.28345e-06 0 0
  76 0.5 3.22256e-06 0 0
  77 0.5 3.15466e-06 0 0
  78 0.5 3.08096e-06 0 0
  79 0.5 3.0033e-06 0 0
  80 0.5 2.92402e-06 0 0
  81 0.5 2.84579e-06 0 0
  82 0.5 2.77129e-06 0 0
  83 0.5 2.70293e-06 0 0
  84 0.5 2.64258e-06 0 0
  85 0.5 2.59128e-06 0 0
  86 0.5 2.54924e-06 0 0
  87 0.5 2.51579e-06 0 0
  88 0.5 2.48947e-06 0 0
  89 0.5 2.46817e-06 0 0
  90 0.5 2.44912e-06 0 0
  91 0.5 2.42896e-06 0 0
  92 0.5 2.40374e-06 0 0
  93 0.5 2.36892e-06 0 0
  94 0.5 2.31958e-06 0 0
  95 0.5 2.25088e-06 0 0
  96 0.5 2.15855e-06 0 0
  97 0.5 2.03976e-06 0 0
  98 0.5 1.8937e-06 0 0
  99 0.5 1.72219e-06 0 0
  100 0.5 1.52974e-06 0 0
  101 0.5 1.32324e-06 0 0
  102 0.5 1.11117e-06 0 0
  103 0.5 9.02569e-07 0 0
  104 0.5 7.05858e-07 0 0
  105 0.5 5.27867e-07 0 0
  106 0.5 3.7316e-07 0 0
  107 0.5 2.43805e-07 0 0
  108 0.5 1.39539e-07 0 0
  109 0.5 5.82519e-08 0 0
  110 0.5 -3.37039e-09 0 0
  111 0.5 -4.91884e-08 0 0
  112 0.5 -8.30517e-08 0 0
  113 0.5 -1.08405e-07 0 0
  114 0.5 -1.28071e-07 0 0
  115 0.5 -1.44185e-07 0 0
  116 0.5 -1.58234e-07 0 0
  117 0.5 -1.71155e-07 0 0
  118 0.5 -1.8346e-07 0 0
  119 0.5 -1.95347e-07 0 0
  120 0.5 -2.068e-07 0 0
  121 0.5 -2.17669e-07 0 0
  122 0.5 -2.27723e-07 0 0
  123 0.5 -2.36698e-07 0 0
  124 0.5 -2.44329e-07 0 0
  125 0.5 -2.5037e-07 0 0
  126 0.5 -2.5462e-07 0 0
  127 0.5 -2.56933e-07 0 0
  128 0.5 -2.57226e-07 0 0
  129 0.5 -2.5549e-07 0 0
  130 0.5 -2.51786e-07 0 0
  131 0.5 -2.46244e-07 0 0
  132 0.5 -2.39053e-07 0 0
  133 0.5 -2.30451e-07 0 0
  134 0.5 -2.2071e-07 0 0
  135 0.5 -2.10116e-07 0 0
  136 0.5 -1.98947e-07 0 0
  137 0.5 -1.87447e-07 0 0
  138 0.5 -1.75789e-07 0 0
  139 0.5 -1.64028e-07 0 0
  140 0.5 -1.52037e-07 0 0
  141 0.5 -1.39423e-07 0 0
  142 0.5 -1.2542e-07 0 0
  143 0.5 -1.08777e-07 0 0
  144 0.5 -8.76437e-08 0 0
  145 0.5 -5.95007e-08 0 0
  146 0.5 -2.11684e-08 0 0
  147 0.5 3.10524e-08 0 0
  148 0.5 1.01074e-07 0 0
  149 0.5 1.92543e-07 0 0
  150 0.5 3.08217e-07 0 0
  151 0.5 4.49306e-07 0 0
  152 0.5 6.14893e-07 0 0
  153 0.5 8.01601e-07 0 0
  154 0.5 1.00363e-06 0 0
  155 0.5 1.21321e-06 0 0
  156 0.5 1.42147e-06 0 0
  157 0.5 1.61955e-06 0 0
  158 0.5 1.79969e-06 0 0
  159 0.5 1.9562e-06 0 0
  160 0.5 2.08599e-06 0 0
  161 0.5 2.18865e-06 0 0
  162 0.5 2.26613e-06 0 0
  163 0.5 2.32206e-06 0 0
  164 0.5 2.36099e-06 0 0
  165 0.5 2.38773e-06 0 0
  166 0.5 2.40678e-06 0 0
  167 0.5 2.42213e-06 0 0
  168 0.5 2.43706e-06 0 0
  169 0.5 2.45422e-06 0 0
  170 0.5 2.4756e-06 0 0
  171 0.5 2.50257e-06 0 0
  172 0.5 2.53576e-06 0 0
  173 0.5 2.57507e-06 0 0
  174 0.5 2.61961e-06 0 0
  175 0.5 2.66782e-06 0 0
  176 0.5 2.71766e-06 0 0
  177 0.5 2.76686e-06 0 0
  178 0.5 2.81328e-06 0 0
  179 0.5 2.85516e-06 0 0
  180 0.5 2.8913e-06 0 0
  181 0.5 2.92115e-06 0 0
  182 0.5 2.94476e-06 0 0
  183 0.5 2.96265e-06 0 0
  184 0.5 2.97564e-06 0 0
  185 0.5 2.98468e-06 0 0
  186 0.5 2.99071e-06 0 0
  187 0.5 2.99457e-06 0 0
  188 0.5 2.99695e-06 0 0
  189 0.5 2.99835e-06 0 0
  190 0.5 3e-06 0 0
  191 0.5 3e-06 0 0
  192 0.5 3e-06 0 0
  193 0.5 3e-06 0 0
  194 0.5 3e-06 0 0
  195 0.5 3e-06 0 0
  196 0.5 3e-06 0 0
  197 0.5 3e-06 0 0
  198 0.5 3e-06 0 0
  199 0.5 3e-06 0 0
  200 0.5 3e-06 0 0
  201 100 3e-06 0 0
