Q I dI dQ
0.00306651534547539 1.1340319709749127 0.17290274809889655 0.001047930848815892
0.0031873225057103727 1.1265093814648548 0.16450237598117606 0.0010490414884238204
0.0033128889344699905 1.0809430523231063 0.1581610033284367 0.0010502400404989066
0.0034434021259130815 1.179170163818473 0.15205592018380112 0.001051533352884547
0.003579056960640208 1.1329082895190832 0.14617802584157347 0.0010529287889497194
0.003720055996686823 1.2836409956284445 0.14051856069237104 0.0010544342635513348
0.0038666097719803135 0.9700829388312946 0.13506909336732462 0.00105605828105654
0.004018937118712492 1.0823415071777354 0.12982150839891243 0.0010578099754717733
0.004177265490096963 0.9331325444622952 0.12476799438299757 0.0010596991527139384
0.00434183129999933 1.2649056596929733 0.1199010326278577 0.0010617363350451947
0.004512880275947294 1.191370803832871 0.11521338627690382 0.00106393280767634
0.004690667826047789 1.210506220258175 0.11069808989300554 0.001066300667524336
0.004875459420359074 1.063011605448075 0.10634843949341259 0.001068852874087023
0.005067530987287159 1.0693061683933895 0.10215798302540433 0.001071603302372289
0.0052671693255984964 1.0777938780605787 0.09812051127393005 0.001074566797789825
0.0054746725326642025 1.1964035268401965 0.09423004919373612 0.0010777592328810196
0.005690350449575162 1.0594547575523807 0.0904808476596155 0.0010811975657266147
0.005914525123792696 1.1749104469582818 0.08686737562969403 0.001084899899832587
0.006147531290025681 1.1528242250727436 0.08338431271787895 0.0010888855452526561
0.0063897168700520444 1.0493674670879571 0.08002654217290739 0.001093175080661332
0.006641443492231025 1.0168304495758484 0.07678914426266237 0.001097790416045137
0.00690308703148197 1.0380336903340113 0.07366739006376624 0.0011027548556325107
0.007175038170535863 0.9115976359982998 0.07065673565770299 0.001108093160636004
0.007457702983297674 1.0550817906979357 0.06775281673598765 0.001113831611335149
0.007751503541190678 1.0742435140711002 0.06495144361809005 0.001119998067986456
0.008056878543387996 1.0022021881225796 0.062248596686963795 0.0011266220300102925
0.008374283971872475 1.1129645067945215 0.059640422247968755 0.0011337346928750912
0.008704193772303094 1.006216630104204 0.0571232288178299 0.001141369002079751
0.009047100561704451 0.9598808443691521 0.05469348385079518 0.0011495597036277224
0.00940351636403606 0.9756531940060493 0.05234781090936272 0.0011583433903936235
0.00977397337473993 0.9991938892615416 0.05008298728669839 0.0011677585438077483
0.010159024755407845 1.0358888502680241 0.047895942087011846 0.001177845570327674
0.010559245459755057 0.9709687231358725 0.04578375476849585 0.0011886468322312397
0.010975233092133713 0.9655535304648062 0.043743654150811 0.0012002066723526131
0.011407608799867894 0.9518296432858866 0.041773017885157276 0.0012125714324935579
0.011857018200742742 0.8924359610803747 0.03986937237939813 0.0012257894653748722
0.012324132347032512 0.9276344431510514 0.038030393163108 0.0012399111401468143
0.012809648727507119 0.9580190003150411 0.15780262424598054 0.0021436619756556147
0.012809648727507119 0.8977594777223501 0.03625390566721084 0.0012549888416494642
0.01331429230891332 0.8655519068238461 0.026752931752196247 0.002153120136246753
0.01331429230891332 0.808671043170171 0.034537886379493454 0.0012710769638004484
0.013838816618485596 0.8586830915071345 0.02546909814529267 0.0021632917268402546
0.013838816618485596 0.796896895703443 0.03288046431988007 0.0012882318976831849
0.01438400486910324 0.8401334755148919 0.03127992275711937 0.0013065120151075664
0.01438400486910324 0.7657395575655918 0.024229323981795482 0.002174227062389645
0.014950671128773666 0.8442611198833538 0.023032400402137113 0.0021859795053521657
0.014950671128773666 0.7859529177619732 0.029734701060219238 0.001325977648609745
0.015539661536188134 0.8081010934868555 0.02187724088985956 0.002198605582782237
0.015539661536188134 0.8041186870917774 0.028243396542464657 0.0013466910690407617
0.016151855564165058 0.7839528268981927 0.02076288254981791 0.0022121650993346255
0.016151855564165058 0.7703288596826124 0.026804766111568495 0.0013687164620574648
0.016788167332867414 0.7769363224679879 0.0254177274849839 0.0013921199049659106
0.016788167332867414 0.7697415660755512 0.019688487049556176 0.0022267212450168446
0.01744954697475503 0.7030462964855703 0.024081359662969145 0.001416969345470562
0.01744954697475503 0.737555259171627 0.018653340985742048 0.0022423406965067427
0.018136982053310043 0.7231255411769653 0.022794902272286748 0.0014433345839465772
0.018136982053310043 0.7166997361270081 0.017656855375798544 0.0022590937108547112
0.01885149903765389 0.6849775585738263 0.02155775329956087 0.0014712872608734055
0.01885149903765389 0.699731791704899 0.016698563902169446 0.0022770542104252676
0.019594164835257583 0.6641613865567836 0.01577811945323367 0.0022962998580044977
0.019594164835257583 0.655949859154172 0.020369464625614928 0.0015009008510439336
0.020366088385034113 0.6444571953826821 0.01489528841263299 0.002316912121111799
0.020366088385034113 0.6312602384452789 0.01922973465302789 0.0015322506660947173
0.02116842231319164 0.6126067972322377 0.014049942052444224 0.0023389763247094663
0.02116842231319164 0.6157391672392307 0.018138397194765364 0.0015654138667918884
0.022002364654319893 0.6207322091961658 0.013242044294267227 0.0023625816917033954
0.022002364654319893 0.5800625738354074 0.017095405673812684 0.0016004694863586146
0.022869160640279926 0.5666365833078264 0.012471635031671225 0.002387821370872474
0.022869160640279926 0.5894269946297642 0.01610081159254647 0.001637498465949886
0.023770104559568066 0.5624891631469294 0.011738808182231178 0.002414792452150801
0.023770104559568066 0.5471985881787151 0.015154736198034995 0.0016765837031766137
0.024706541689930698 0.5191513652417236 0.011043683693812745 0.00244359596951144
0.024706541689930698 0.5444023914067069 0.014257334342306395 0.0017178101143623193
0.025679870307115552 0.49679251019043247 0.010386372916605323 0.0024743368920560416
0.025679870307115552 0.49043611249233693 0.01397424364702097 0.0017612647109910772
0.026691543772758786 0.4606286227693525 0.015578912606829405 0.0018070366905838407
0.026691543772758786 0.46931954943305365 0.009766937128949734 0.00250712410429226
0.02774307270452572 0.45021982570642416 0.016618845012217307 0.0018552175420301126
0.02774307270452572 0.46521066833018565 0.009185339632692725 0.0025420703769690016
0.028836027231745536 0.43489434715410774 0.017620500866038127 0.001905901165210269
0.028836027231745536 0.43786112928743004 0.008641392758220689 0.0025792923302248878
0.02997203933990791 0.37415704367637304 0.018789843927388996 0.001959184004576576
0.02997203933990791 0.41099287634500437 0.00813470234005294 0.0026189103911733558
0.03115280530752254 0.3878287395547955 0.0076646136547536695 0.0026610487483833185
0.03115280530752254 0.4096779561190082 0.020421761218282906 0.0020151651962222244
0.03238008823898024 0.38706828144085226 0.007230164243147684 0.002705835306002333
0.03238008823898024 0.3736742587075582 0.022805179281325687 0.002073946727860113
0.03365572069719736 0.36248813631225474 0.006830050118114352 0.002753401640495932
0.03365572069719736 0.3640375542965305 0.027112650883240934 0.0021356336110575284
0.03498160743997501 0.34131689325243697 0.03701989022224288 0.002200334065028837
0.03498160743997501 0.3637033645155773 0.006462612136618053 0.0028038829631304866
0.03635972826415863 0.35361918810503046 0.006125848353617801 0.0028574180913988117
0.03635972826415863 0.2179812554060187 0.1064900158391743 0.002268159711273912
0.03779214096184485 0.3408421216797982 0.005817455734687647 0.0029141494325725745
0.0392809843930499 0.33128464712539013 0.0055349008211876966 0.002974222982462358
0.04082848167942768 0.32123100483973327 0.005275514418862416 0.003037788342278101
0.04243694352380595 0.32254563410183534 0.005036601086747815 0.0031049987562171556
0.044108771660497835 0.31663066212179813 0.004815551194201258 0.0031760111720753707
0.045846462441540344 0.3187792286408753 0.004609942384457404 0.003250986326792881
0.04765261056421461 0.30945570876806777 0.004417618715560114 0.0033300888584269477
0.049529912945414235 0.3069512147086492 0.004236739266696112 0.003413487445607093
0.0514811727486466 0.30553027452701004 0.004065792901925661 0.0035013549750903274
0.0514811727486466 0.31082652107262676 0.006355764938329677 0.0063084278362739435
0.05350930356967999 0.29888972116774754 0.0039035812629231318 0.0035938687376135072
0.05350930356967999 0.30226621529397324 0.002602387508615426 0.0063602411595066
0.055617333787087025 0.3004168962859162 0.002499451304682921 0.006415747125644948
0.055617333787087025 0.30250557281071117 0.00374917695702438 0.0036912106518505895
0.05780841108418023 0.29861609396373784 0.0024012449341272346 0.006475177959088034
0.05780841108418023 0.29669564360737516 0.0036018674011908587 0.003793567515937119
0.060085807149091675 0.30210730394019586 0.0023073973995516883 0.006538776675526128
0.060085807149091675 0.3003868303229329 0.0034610960993275235 0.0039011312857321727
0.062452922560015244 0.2992887587221233 0.002217607873552152 0.006606797176121716
0.062452922560015244 0.29823315229596914 0.003326411810328232 0.004014099378755305
0.06491329186290586 0.2928290244451635 0.0031974322383180828 0.004132675002565712
0.06491329186290586 0.30000585287667014 0.002131621492212055 0.006679504306512398
0.06747058884921735 0.2985878267058553 0.0030738234986255972 0.0042570675062427454
0.06747058884921735 0.29813624505698216 0.0020492156657503954 0.006757173880890885
0.07012863204156022 0.2967415956322052 0.0029552914166152792 0.00438749275357854
0.07012863204156022 0.2982576415601352 0.001970194277743517 0.006840092672368582
0.07289139039547005 0.293604866831043 0.0028415777088979842 0.004524173516599786
0.07289139039547005 0.29762953758347344 0.0018943851392653253 0.006928558371854064
0.07576298922580003 0.30236754732161963 0.002732454638249686 0.0046673398880904
0.07576298922580003 0.30059328841988836 0.0018224294631380288 0.007022879518747695
0.0787477163665877 0.29627724920785314 0.0018105834464177462 0.007123375407833709
0.0787477163665877 0.30005799963872787 0.002627715594216516 0.0048172297118825366
0.08185002857359294 0.29790337275999096 0.0017853327171721148 0.007230375977802408
0.08185002857359294 0.2975585122556185 0.0025289014585421973 0.004974089029811988
0.08507455817906759 0.2959636206154981 0.0017467781562666533 0.007344221687815967
0.08507455817906759 0.2973237998043382 0.0028004360959725163 0.005138172544387766
0.08842612000869396 0.2981823963063021 0.0017041757534742303 0.007465263389399399
0.08842612000869396 0.29818598561975995 0.0031068962912687813 0.005309744096396815
0.09190971857101973 0.2998963724324845 0.00165960749223105 0.007593862201653318
0.09190971857101973 0.30478012942271693 0.0033704775977604173 0.005489077156846387
0.0955305555301251 0.2964679337388919 0.0016139531682502855 0.007730389398311655
0.0955305555301251 0.29927116766473816 0.003666466606406201 0.005676455332832548
0.09929403747268015 0.2950794780693886 0.0040346395505503835 0.005872172887108369
0.09929403747268015 0.2954878666391898 0.0015685327300830262 0.007875226315476705
0.10320578398098941 0.2967295189975857 0.0015228254063324477 0.008028764288936566
0.10320578398098941 0.2863992194561397 0.00453325881045144 0.006076535271305265
0.10727163602407956 0.2943690202139259 0.005343767620003207 0.006289859672932831
0.10727163602407956 0.2949402369096323 0.0014779472269855422 0.008191404629797802
0.11149766467935777 0.29522177748582634 0.0014334064765508128 0.008363558646751978
0.11149766467935777 0.30255707064150084 0.0068795883233930535 0.00651247557644354
0.1158901801978663 0.29579165749438713 0.0013895924262917845 0.008545647722654521
0.1158901801978663 0.2935102954504968 0.012929056145569206 0.006744725338798034
0.12045574142666694 0.29572943448987765 0.001346838730764777 0.008738103452253511
0.12520116560242586 0.29389308741414516 0.0013046392914166178 0.008941367846901553
0.1301335385308234 0.29350345125135086 0.0012634312658951808 0.009155893610958317
0.13526022516698674 0.29505327283949256 0.0012233343634778723 0.009382144493392617
0.14058888061274463 0.29409160591251543 0.0011840918533592966 0.009620595716870975
0.14612746154712677 0.2969515494854037 0.0011457081719924087 0.009871734485422229
0.15188423810717308 0.29660635505364674 0.001108407987321196 0.010136060570639056
0.15786780623679433 0.29585525731548923 0.0010721676163984357 0.010414086975355704
0.16408710052212475 0.29520258508965525 0.0010368723979935217 0.010706340672856588
0.17055140753252943 0.29652932941578075 0.0010024273061962012 0.011013363418943923
0.1772703796871884 0.29673420349623764 0.0009689934759195779 0.0113357126336369
0.18425404966796452 0.29703862661787755 0.0009365522679608365 0.01167396234889381
0.19151284540007313 0.2966029649425623 0.0009050815234294859 0.012028704218536834
0.19905760562292366 0.2954082755004863 0.0008745371638203991 0.012400548586507477
0.2068995960743857 0.29590834682737654 0.0008448132904988594 0.012790125609672034
0.21505052631264177 0.2967196274348525 0.000815990084674644 0.01319808643161127
0.22352256720074645 0.2971885310457132 0.0007880607698844212 0.013625104404146314
0.23232836908000246 0.2961798419283183 0.000761002871631341 0.014071876353750108
0.24148108065928495 0.29517989696149494 0.0007347946619191065 0.01453912389044919
0.25099436864852204 0.2952489650445257 0.0007094141801481454 0.015027594757314598
0.26088243816564977 0.2967279886274623 0.0006848258028440112 0.015538064219153972
0.27116005394750875 0.29561401949486565 0.0006609773245013955 0.01607133648953397
0.2818425623963566 0.29608140780908565 0.0006378950757598512 0.016628246195771038
0.29294591449491764 0.29570153203959965 0.0006155622008077127 0.017209659882017763
0.3044866896241824 0.2960078907521205 0.0005939581373847343 0.01781647755103442
0.3164821203195225 0.2951606865126606 0.0005741714863233885 0.018449634245666702
0.3289501180020906 0.2962740557302348 0.0006276364117399719 0.019110101671446608
0.3419092997239203 0.2953093265173457 0.0006476867212337416 0.019798889862093355
0.35537901596666555 0.29499863584185704 0.0006500018342576658 0.0205170488900162
0.3693793795354898 0.29613991502436965 0.0006486464052210611 0.021265670624211138
0.38393129559124484 0.2958087434537135 0.0006454925309876383 0.022045890538201714
0.3990564928657833 0.2956024126554379 0.0006408081831662851 0.02285888957090351
0.41477755610702144 0.2944081220926532 0.0006353479375147783 0.023705896043495826
0.4311179598021894 0.29502303883819614 0.0006293478110326098 0.024588187635564203
0.44810210322962973 0.296876513117237 0.0006229465959772228 0.025507093423940405
0.4657553468914843 0.29596282789821987 0.0006161745514863232 0.026463995987812648
0.4841040503816653 0.2956672906482625 0.0006096161981294615 0.027460333583812863
0.503175611745659 0.29617106491694356 0.000602523955705541 0.028497602394912693
0.5229985083909285 0.2968203007719559 0.0006012971342030107 0.029577358857077914
0.543602339609012 0.29612904730881173 0.0007704895297113119 0.030701222067745178
0.5650178707727985 0.2955670186394379 0.001090427584166308 0.031870876280296286
0.5872770792749802 0.29466295303391493 0.0024836032723199227 0.03308807348881749
