Model 0x10e989e00
  size 455 out of 471
  interface=0x10e989ed8
  repeats=0 at 0x10e989e54
  # d rho mu rough P Prough theta thetarough
  0 0 2.07e-06 0 3 0 3 270 3
  1 19.98 3.55e-06 0 3 0 3 270 3
  2 37.51 3.27102e-06 0 3 0 3 270 3
  3 101.94 4.57744e-06 0 6.37944 0 7 270 7
  4 0.5 3.23628e-06 0 0 0 0 270 0
  5 0.5 3.23556e-06 0 0 0 0 270 0
  6 0.5 3.23339e-06 0 0 0 0 270 0
  7 0.5 3.22977e-06 0 0 0 0 270 0
  8 0.5 3.22472e-06 0 0 0 0 270 0
  9 0.5 3.21823e-06 0 0 0 0 270 0
  10 0.5 3.21031e-06 0 0 0 0 270 0
  11 0.5 3.20099e-06 0 0 0 0 270 0
  12 0.5 3.19025e-06 0 0 0 0 270 0
  13 0.5 3.17813e-06 0 0 0 0 270 0
  14 0.5 3.16464e-06 0 0 0 0 270 0
  15 0.5 3.14979e-06 0 0 0 0 270 0
  16 0.5 3.1336e-06 0 0 0 0 270 0
  17 0.5 3.49315e-06 0 0 0 0 270 0
  18 0.5 3.45833e-06 0 0 0 0 270 0
  19 0.5 3.42192e-06 0 0 0 0 270 0
  20 0.5 3.38447e-06 0 0 0 0 270 0
  21 0.5 3.34624e-06 0 0 0 0 270 0
  22 0.5 3.30737e-06 0 0 0 0 270 0
  23 0.5 3.26791e-06 0 0 0 0 270 0
  24 0.5 3.2279e-06 0 0 0 0 270 0
  25 0.5 3.1874e-06 0 0 0 0 270 0
  26 0.5 3.14643e-06 0 0 0 0 270 0
  27 0.5 3.10504e-06 0 0 0 0 270 0
  28 0.5 3.0633e-06 0 0 0 0 270 0
  29 0.5 3.02126e-06 0 0 0 0 270 0
  30 0.5 2.97901e-06 0 0 0 0 270 0
  31 0.5 2.93662e-06 0 0 0 0 270 0
  32 0.5 2.89421e-06 0 0 0 0 270 0
  33 0.5 2.85189e-06 0 0 0 0 270 0
  34 0.5 2.80981e-06 0 0 0 0 270 0
  35 0.5 2.76809e-06 0 0 0 0 270 0
  36 0.5 2.72691e-06 0 0 0 0 270 0
  37 0.5 2.68642e-06 0 0 0 0 270 0
  38 0.5 2.64679e-06 0 0 0 0 270 0
  39 0.5 2.6082e-06 0 0 0 0 270 0
  40 0.5 2.57079e-06 0 0 0 0 270 0
  41 0.5 2.53471e-06 0 0 0 0 270 0
  42 0.5 2.50005e-06 0 0 0 0 270 0
  43 0.5 2.4669e-06 0 0 0 0 270 0
  44 0.5 2.43527e-06 0 0 0 0 270 0
  45 0.5 2.40514e-06 0 0 0 0 270 0
  46 0.5 2.37642e-06 0 0 0 0 270 0
  47 0.5 2.34893e-06 0 0 0 0 270 0
  48 0.5 2.32246e-06 0 0 0 0 270 0
  49 0.5 2.29669e-06 0 0 0 0 270 0
  50 0.5 2.27126e-06 0 0 0 0 270 0
  51 0.5 2.24574e-06 0 0 0 0 270 0
  52 0.5 2.21964e-06 0 0 0 0 270 0
  53 0.5 2.19243e-06 0 0 0 0 270 0
  54 0.5 2.16358e-06 0 0 0 0 270 0
  55 0.5 2.13253e-06 0 0 0 0 270 0
  56 0.5 2.09876e-06 0 0 0 0 270 0
  57 0.5 2.06179e-06 0 0 0 0 270 0
  58 0.5 2.02121e-06 0 0 0 0 270 0
  59 0.5 1.97672e-06 0 0 0 0 270 0
  60 0.5 1.92811e-06 0 0 0 0 270 0
  61 0.5 1.87533e-06 0 0 0 0 270 0
  62 0.5 1.81845e-06 0 0 0 0 270 0
  63 0.5 1.7577e-06 0 0 0 0 270 0
  64 0.5 1.69346e-06 0 0 0 0 270 0
  65 0.5 1.62619e-06 0 0 0 0 270 0
  66 0.5 1.55651e-06 0 0 0 0 270 0
  67 0.5 1.48508e-06 0 0 0 0 270 0
  68 0.5 1.41261e-06 0 0 0 0 270 0
  69 0.5 1.33979e-06 0 0 0 0 270 0
  70 0.5 1.2673e-06 0 0 0 0 270 0
  71 0.5 1.19575e-06 0 0 0 0 270 0
  72 0.5 1.12564e-06 0 0 0 0 270 0
  73 0.5 1.05736e-06 0 0 0 0 270 0
  74 0.5 9.91176e-07 0 0 0 0 270 0
  75 0.5 9.27237e-07 0 0 0 0 270 0
  76 0.5 8.65566e-07 0 0 0 0 270 0
  77 0.5 8.0609e-07 0 0 0 0 270 0
  78 0.5 7.48665e-07 0 0 0 0 270 0
  79 0.5 6.93102e-07 0 0 0 0 270 0
  80 0.5 6.39201e-07 0 0 0 0 270 0
  81 0.5 5.86779e-07 0 0 0 0 270 0
  82 0.5 5.357e-07 0 0 0 0 270 0
  83 0.5 4.85896e-07 0 0 0 0 270 0
  84 0.5 4.37381e-07 0 0 0 0 270 0
  85 0.5 3.90258e-07 0 0 0 0 270 0
  86 0.5 3.44717e-07 0 0 0 0 270 0
  87 0.5 3.0102e-07 0 0 0 0 270 0
  88 0.5 2.59486e-07 0 0 0 0 270 0
  89 0.5 2.20464e-07 0 0 0 0 270 0
  90 0.5 1.84302e-07 0 0 0 0 270 0
  91 0.5 1.51321e-07 0 0 0 0 270 0
  92 0.5 1.21783e-07 0 0 0 0 270 0
  93 0.5 9.58677e-08 0 0 0 0 270 0
  94 0.5 7.3654e-08 0 0 0 0 270 0
  95 0.5 5.51104e-08 0 0 0 0 270 0
  96 0.5 4.00918e-08 0 0 0 0 270 0
  97 0.5 2.83471e-08 0 0 0 0 270 0
  98 0.5 1.95334e-08 0 0 0 0 270 0
  99 0.5 1.32362e-08 0 0 0 0 270 0
  100 0.5 8.99497e-09 0 0 0 0 270 0
  101 0.5 6.32883e-09 0 0 0 0 270 0
  102 0.5 4.76358e-09 0 0 0 0 270 0
  103 0.5 3.85532e-09 0 0 0 0 270 0
  104 0.5 3.21045e-09 0 0 0 0 270 0
  105 0.5 2.50072e-09 0 0 0 0 270 0
  106 0.5 1.47292e-09 0 0 0 0 270 0
  107 0.5 -4.66251e-11 0 0 0 0 270 0
  108 0.5 -2.15185e-09 0 0 0 0 270 0
  109 0.5 -4.86019e-09 0 0 0 0 270 0
  110 0.5 -8.1179e-09 0 0 0 0 270 0
  111 0.5 -1.18061e-08 0 0 0 0 270 0
  112 0.5 -1.57466e-08 0 0 0 0 270 0
  113 0.5 -1.97061e-08 0 0 0 0 270 0
  114 0.5 -2.33995e-08 0 0 0 0 270 0
  115 0.5 -2.64901e-08 0 0 0 0 270 0
  116 0.5 -2.85897e-08 0 0 0 0 270 0
  117 0.5 -2.92567e-08 0 0 0 0 270 0
  118 0.5 -2.79959e-08 0 0 0 0 270 0
  119 0.5 -2.42589e-08 0 0 0 0 270 0
  120 0.5 -1.74492e-08 0 0 0 0 270 0
  121 0.5 -6.9309e-09 0 0 0 0 270 0
  122 0.5 7.95558e-09 0 0 0 0 270 0
  123 0.5 2.78709e-08 0 0 0 0 270 0
  124 0.5 5.34473e-08 0 0 0 0 270 0
  125 0.5 8.52515e-08 0 0 0 0 270 0
  126 0.5 1.23743e-07 0 0 0 0 270 0
  127 0.5 1.69228e-07 0 0 0 0 270 0
  128 0.5 2.21814e-07 0 0 0 0 270 0
  129 0.5 2.81368e-07 0 0 0 0 270 0
  130 0.5 3.47479e-07 0 0 0 0 270 0
  131 0.5 4.19434e-07 0 0 0 0 270 0
  132 0.5 4.9621e-07 0 0 0 0 270 0
  133 0.5 5.76479e-07 0 0 0 0 270 0
  134 0.5 6.58635e-07 0 0 0 0 270 0
  135 0.5 7.40837e-07 0 0 0 0 270 0
  136 0.5 8.21071e-07 0 0 0 0 270 0
  137 0.5 8.97231e-07 0 0 0 0 270 0
  138 0.5 9.67197e-07 0 0 0 0 270 0
  139 0.5 1.02894e-06 0 0 0 0 270 0
  140 0.5 1.08059e-06 0 0 0 0 270 0
  141 0.5 1.12055e-06 0 0 0 0 270 0
  142 0.5 1.14757e-06 0 0 0 0 270 0
  143 0.5 1.16077e-06 0 0 0 0 270 0
  144 0.5 1.15972e-06 0 0 0 0 270 0
  145 0.5 1.14443e-06 0 0 0 0 270 0
  146 0.5 1.11539e-06 0 0 0 0 270 0
  147 0.5 1.07347e-06 0 0 0 0 270 0
  148 0.5 1.01996e-06 0 0 0 0 270 0
  149 0.5 9.56424e-07 0 0 0 0 270 0
  150 0.5 8.84702e-07 0 0 0 0 270 0
  151 0.5 8.0677e-07 0 0 0 0 270 0
  152 0.5 7.24677e-07 0 0 0 0 270 0
  153 0.5 6.40452e-07 0 0 0 0 270 0
  154 0.5 5.56029e-07 0 0 0 0 270 0
  155 0.5 4.73173e-07 0 0 0 0 270 0
  156 0.5 3.93426e-07 0 0 0 0 270 0
  157 0.5 3.18068e-07 0 0 0 0 270 0
  158 0.5 2.4809e-07 0 0 0 0 270 0
  159 0.5 1.84193e-07 0 0 0 0 270 0
  160 0.5 1.26791e-07 0 0 0 0 270 0
  161 0.5 7.60395e-08 0 0 0 0 270 0
  162 0.5 3.18611e-08 0 0 0 0 270 0
  163 0.5 -6.00991e-09 0 0 0 0 270 0
  164 0.5 -3.79866e-08 0 0 0 0 270 0
  165 0.5 -6.45863e-08 0 0 0 0 270 0
  166 0.5 -8.63888e-08 0 0 0 0 270 0
  167 0.5 -1.04001e-07 0 0 0 0 270 0
  168 0.5 -1.18024e-07 0 0 0 0 270 0
  169 0.5 -1.29034e-07 0 0 0 0 270 0
  170 0.5 -1.37558e-07 0 0 0 0 270 0
  171 0.5 -1.44069e-07 0 0 0 0 270 0
  172 0.5 -1.48978e-07 0 0 0 0 270 0
  173 0.5 -1.52634e-07 0 0 0 0 270 0
  174 0.5 -1.55325e-07 0 0 0 0 270 0
  175 0.5 -1.57287e-07 0 0 0 0 270 0
  176 0.5 -1.58704e-07 0 0 0 0 270 0
  177 0.5 -1.59722e-07 0 0 0 0 270 0
  178 0.5 -1.6045e-07 0 0 0 0 270 0
  179 0.5 -1.60971e-07 0 0 0 0 270 0
  180 0.5 -1.62882e-07 0 0 0 0 270 0
  181 0.5 -1.62882e-07 0 0 0 0 270 0
  182 0.5 -1.62882e-07 0 0 0 0 270 0
  183 0.5 -1.62882e-07 0 0 0 0 270 0
  184 0.5 -1.62882e-07 0 0 0 0 270 0
  185 0.5 -1.62882e-07 0 0 0 0 270 0
  186 0.5 -1.62882e-07 0 0 0 0 270 0
  187 0.5 -1.62882e-07 0 0 0 0 270 0
  188 0.5 -1.62882e-07 0 0 0 0 270 0
  189 0.5 -1.62882e-07 0 0 0 0 270 0
  190 0.5 -1.62882e-07 0 0 0 0 270 0
  191 0.5 -1.62882e-07 0 0 0 0 270 0
  192 0.5 -1.62882e-07 0 0 0 0 270 0
  193 0.5 -1.62882e-07 0 0 0 0 270 0
  194 0.5 -1.62882e-07 0 0 0 0 270 0
  195 0.5 -1.62882e-07 0 0 0 0 270 0
  196 0.5 -1.62882e-07 0 0 0 0 270 0
  197 0.5 -1.62882e-07 0 0 0 0 270 0
  198 0.5 -1.62882e-07 0 0 0 0 270 0
  199 0.5 -1.62882e-07 0 0 0 0 270 0
  200 0.5 -1.62882e-07 0 0 0 0 270 0
  201 0.5 -1.62882e-07 0 0 0 0 270 0
  202 0.5 -1.62882e-07 0 0 0 0 270 0
  203 0.5 -1.62882e-07 0 0 0 0 270 0
  204 0.5 -1.62882e-07 0 0 0 0 270 0
  205 0.5 -1.62882e-07 0 0 0 0 270 0
  206 0.5 -1.62882e-07 0 0 0 0 270 0
  207 0.5 -1.62882e-07 0 0 0 0 270 0
  208 0.5 -1.62882e-07 0 0 0 0 270 0
  209 0.5 -1.62882e-07 0 0 0 0 270 0
  210 0.5 -1.62882e-07 0 0 0 0 270 0
  211 0.5 -1.62882e-07 0 0 0 0 270 0
  212 0.5 -1.62882e-07 0 0 0 0 270 0
  213 0.5 -1.62882e-07 0 0 0 0 270 0
  214 0.5 -1.62882e-07 0 0 0 0 270 0
  215 0.5 -1.62882e-07 0 0 0 0 270 0
  216 0.5 -1.62882e-07 0 0 0 0 270 0
  217 0.5 -1.62882e-07 0 0 0 0 270 0
  218 0.5 -1.62882e-07 0 0 0 0 270 0
  219 0.5 -1.62882e-07 0 0 0 0 270 0
  220 0.5 -1.62882e-07 0 0 0 0 270 0
  221 0.5 -1.62882e-07 0 0 0 0 270 0
  222 0.5 -1.62882e-07 0 0 0 0 270 0
  223 0.5 -1.62882e-07 0 0 0 0 270 0
  224 0.5 -1.62882e-07 0 0 0 0 270 0
  225 0.5 -1.62882e-07 0 0 0 0 270 0
  226 0.5 -1.62882e-07 0 0 0 0 270 0
  227 0.5 -1.62882e-07 0 0 0 0 270 0
  228 0.5 -1.62882e-07 0 0 0 0 270 0
  229 0.5 -1.62882e-07 0 0 0 0 270 0
  230 0.5 -1.62882e-07 0 0 0 0 270 0
  231 0.5 -1.62882e-07 0 0 0 0 270 0
  232 0.5 -1.62882e-07 0 0 0 0 270 0
  233 0.5 -1.62882e-07 0 0 0 0 270 0
  234 0.5 -1.62882e-07 0 0 0 0 270 0
  235 0.5 -1.62882e-07 0 0 0 0 270 0
  236 0.5 -1.62882e-07 0 0 0 0 270 0
  237 0.5 -1.62882e-07 0 0 0 0 270 0
  238 0.5 -1.62882e-07 0 0 0 0 270 0
  239 0.5 -1.62882e-07 0 0 0 0 270 0
  240 0.5 -1.62882e-07 0 0 0 0 270 0
  241 0.5 -1.62882e-07 0 0 0 0 270 0
  242 0.5 -1.62882e-07 0 0 0 0 270 0
  243 0.5 -1.62882e-07 0 0 0 0 270 0
  244 0.5 -1.62882e-07 0 0 0 0 270 0
  245 0.5 -1.62882e-07 0 0 0 0 270 0
  246 0.5 -1.62882e-07 0 0 0 0 270 0
  247 0.5 -1.62882e-07 0 0 0 0 270 0
  248 0.5 -1.62882e-07 0 0 0 0 270 0
  249 0.5 -1.62882e-07 0 0 0 0 270 0
  250 0.5 -1.62882e-07 0 0 0 0 270 0
  251 0.5 -1.62882e-07 0 0 0 0 270 0
  252 0.5 -1.62882e-07 0 0 0 0 270 0
  253 0.5 -1.62882e-07 0 0 0 0 270 0
  254 0.5 -1.62882e-07 0 0 0 0 270 0
  255 0.5 -1.62882e-07 0 0 0 0 270 0
  256 0.5 -1.62882e-07 0 0 0 0 270 0
  257 0.5 -1.62882e-07 0 0 0 0 270 0
  258 0.5 -1.62882e-07 0 0 0 0 270 0
  259 0.5 -1.62882e-07 0 0 0 0 270 0
  260 0.5 -1.62882e-07 0 0 0 0 270 0
  261 0.5 -1.62882e-07 0 0 0 0 270 0
  262 0.5 -1.62882e-07 0 0 0 0 270 0
  263 0.5 -1.62882e-07 0 0 0 0 270 0
  264 0.5 -1.62882e-07 0 0 0 0 270 0
  265 0.5 -1.62882e-07 0 0 0 0 270 0
  266 0.5 -1.62882e-07 0 0 0 0 270 0
  267 0.5 -1.62882e-07 0 0 0 0 270 0
  268 0.5 -1.62882e-07 0 0 0 0 270 0
  269 0.5 -1.62882e-07 0 0 0 0 270 0
  270 0.5 -1.62882e-07 0 0 0 0 270 0
  271 0.5 -1.62882e-07 0 0 0 0 270 0
  272 0.5 -1.62882e-07 0 0 0 0 270 0
  273 0.5 -1.62882e-07 0 0 0 0 270 0
  274 0.5 -1.62882e-07 0 0 0 0 270 0
  275 0.5 -1.62882e-07 0 0 0 0 270 0
  276 0.5 -1.62882e-07 0 0 0 0 270 0
  277 0.5 -1.62882e-07 0 0 0 0 270 0
  278 0.5 -1.62882e-07 0 0 0 0 270 0
  279 0.5 -1.62882e-07 0 0 0 0 270 0
  280 0.5 -1.62882e-07 0 0 0 0 270 0
  281 0.5 -1.62882e-07 0 0 0 0 270 0
  282 0.5 -1.62882e-07 0 0 0 0 270 0
  283 0.5 -1.62882e-07 0 0 0 0 270 0
  284 0.5 -1.62882e-07 0 0 0 0 270 0
  285 0.5 -1.62882e-07 0 0 0 0 270 0
  286 0.5 -1.62882e-07 0 0 0 0 270 0
  287 0.5 -1.62882e-07 0 0 0 0 270 0
  288 0.5 -1.62882e-07 0 0 0 0 270 0
  289 0.5 -1.62882e-07 0 0 0 0 270 0
  290 0.5 -1.62882e-07 0 0 0 0 270 0
  291 0.5 -1.62882e-07 0 0 0 0 270 0
  292 0.5 -1.62882e-07 0 0 0 0 270 0
  293 0.5 -1.62882e-07 0 0 0 0 270 0
  294 0.5 -1.62882e-07 0 0 0 0 270 0
  295 0.5 -1.62882e-07 0 0 0 0 270 0
  296 0.5 -1.62882e-07 0 0 0 0 270 0
  297 0.5 -1.62882e-07 0 0 0 0 270 0
  298 0.5 -1.62882e-07 0 0 0 0 270 0
  299 0.5 -1.62882e-07 0 0 0 0 270 0
  300 0.5 -1.62882e-07 0 0 0 0 270 0
  301 0.5 -1.62882e-07 0 0 0 0 270 0
  302 0.5 -1.62882e-07 0 0 0 0 270 0
  303 0.5 -1.62882e-07 0 0 0 0 270 0
  304 0.5 -1.62882e-07 0 0 0 0 270 0
  305 0.5 -1.62882e-07 0 0 0 0 270 0
  306 0.5 -1.62882e-07 0 0 0 0 270 0
  307 0.5 -1.62882e-07 0 0 0 0 270 0
  308 0.5 -1.62882e-07 0 0 0 0 270 0
  309 0.5 -1.62882e-07 0 0 0 0 270 0
  310 0.5 -1.62882e-07 0 0 0 0 270 0
  311 0.5 -1.62882e-07 0 0 0 0 270 0
  312 0.5 -1.62882e-07 0 0 0 0 270 0
  313 0.5 -1.62882e-07 0 0 0 0 270 0
  314 0.5 -1.62882e-07 0 0 0 0 270 0
  315 0.5 -1.62882e-07 0 0 0 0 270 0
  316 0.5 -1.62882e-07 0 0 0 0 270 0
  317 0.5 -1.62882e-07 0 0 0 0 270 0
  318 0.5 -1.62882e-07 0 0 0 0 270 0
  319 0.5 -1.62882e-07 0 0 0 0 270 0
  320 0.5 -1.62882e-07 0 0 0 0 270 0
  321 0.5 -1.62882e-07 0 0 0 0 270 0
  322 0.5 -1.62882e-07 0 0 0 0 270 0
  323 0.5 -1.62882e-07 0 0 0 0 270 0
  324 0.5 -1.62882e-07 0 0 0 0 270 0
  325 0.5 -1.62882e-07 0 0 0 0 270 0
  326 0.5 -1.62882e-07 0 0 0 0 270 0
  327 0.5 -1.62882e-07 0 0 0 0 270 0
  328 0.5 -1.62882e-07 0 0 0 0 270 0
  329 0.5 -1.62882e-07 0 0 0 0 270 0
  330 0.5 -1.62882e-07 0 0 0 0 270 0
  331 0.5 -1.62882e-07 0 0 0 0 270 0
  332 0.5 -1.62882e-07 0 0 0 0 270 0
  333 0.5 -1.62882e-07 0 0 0 0 270 0
  334 0.5 -1.62882e-07 0 0 0 0 270 0
  335 0.5 -1.62882e-07 0 0 0 0 270 0
  336 0.5 -1.62882e-07 0 0 0 0 270 0
  337 0.5 -1.62882e-07 0 0 0 0 270 0
  338 0.5 -1.62882e-07 0 0 0 0 270 0
  339 0.5 -1.62882e-07 0 0 0 0 270 0
  340 0.5 -1.62882e-07 0 0 0 0 270 0
  341 0.5 -1.62882e-07 0 0 0 0 270 0
  342 0.5 -1.62882e-07 0 0 0 0 270 0
  343 0.5 -1.62882e-07 0 0 0 0 270 0
  344 0.5 -1.62882e-07 0 0 0 0 270 0
  345 0.5 -1.62882e-07 0 0 0 0 270 0
  346 0.5 -1.62882e-07 0 0 0 0 270 0
  347 0.5 -1.62882e-07 0 0 0 0 270 0
  348 0.5 -1.62882e-07 0 0 0 0 270 0
  349 0.5 -1.62882e-07 0 0 0 0 270 0
  350 0.5 -1.62882e-07 0 0 0 0 270 0
  351 0.5 -1.62882e-07 0 0 0 0 270 0
  352 0.5 -1.62882e-07 0 0 0 0 270 0
  353 0.5 -1.62882e-07 0 0 0 0 270 0
  354 0.5 -1.62882e-07 0 0 0 0 270 0
  355 0.5 -1.62882e-07 0 0 0 0 270 0
  356 0.5 -1.62882e-07 0 0 0 0 270 0
  357 0.5 -1.62882e-07 0 0 0 0 270 0
  358 0.5 -1.62882e-07 0 0 0 0 270 0
  359 0.5 -1.62882e-07 0 0 0 0 270 0
  360 0.5 -1.62882e-07 0 0 0 0 270 0
  361 0.5 -1.62882e-07 0 0 0 0 270 0
  362 0.5 -1.62882e-07 0 0 0 0 270 0
  363 0.5 -1.62882e-07 0 0 0 0 270 0
  364 0.5 -1.62882e-07 0 0 0 0 270 0
  365 0.5 -1.62882e-07 0 0 0 0 270 0
  366 0.5 -1.62882e-07 0 0 0 0 270 0
  367 0.5 -1.62882e-07 0 0 0 0 270 0
  368 0.5 -1.62882e-07 0 0 0 0 270 0
  369 0.5 -1.62882e-07 0 0 0 0 270 0
  370 0.5 -1.62882e-07 0 0 0 0 270 0
  371 0.5 -1.62882e-07 0 0 0 0 270 0
  372 0.5 -1.62882e-07 0 0 0 0 270 0
  373 0.5 -1.62882e-07 0 0 0 0 270 0
  374 0.5 -1.62882e-07 0 0 0 0 270 0
  375 0.5 -1.62882e-07 0 0 0 0 270 0
  376 0.5 -1.62882e-07 0 0 0 0 270 0
  377 0.5 -1.62882e-07 0 0 0 0 270 0
  378 0.5 -1.62882e-07 0 0 0 0 270 0
  379 0.5 -1.62882e-07 0 0 0 0 270 0
  380 0.5 -1.62882e-07 0 0 0 0 270 0
  381 0.5 -1.62882e-07 0 0 0 0 270 0
  382 0.5 -1.62882e-07 0 0 0 0 270 0
  383 0.5 -1.62882e-07 0 0 0 0 270 0
  384 0.5 -1.62882e-07 0 0 0 0 270 0
  385 0.5 -1.62882e-07 0 0 0 0 270 0
  386 0.5 -1.62882e-07 0 0 0 0 270 0
  387 0.5 -1.62882e-07 0 0 0 0 270 0
  388 0.5 -1.62882e-07 0 0 0 0 270 0
  389 0.5 -1.62882e-07 0 0 0 0 270 0
  390 0.5 -1.62882e-07 0 0 0 0 270 0
  391 0.5 -1.62882e-07 0 0 0 0 270 0
  392 0.5 -1.62882e-07 0 0 0 0 270 0
  393 0.5 -1.62882e-07 0 0 0 0 270 0
  394 0.5 -1.62882e-07 0 0 0 0 270 0
  395 0.5 -1.62882e-07 0 0 0 0 270 0
  396 0.5 -1.62882e-07 0 0 0 0 270 0
  397 0.5 -1.62882e-07 0 0 0 0 270 0
  398 0.5 -1.62882e-07 0 0 0 0 270 0
  399 0.5 -1.62882e-07 0 0 0 0 270 0
  400 0.5 -1.62882e-07 0 0 0 0 270 0
  401 0.5 -1.62882e-07 0 0 0 0 270 0
  402 0.5 -1.62882e-07 0 0 0 0 270 0
  403 0.5 -1.62882e-07 0 0 0 0 270 0
  404 0.5 -1.62882e-07 0 0 0 0 270 0
  405 0.5 -1.62882e-07 0 0 0 0 270 0
  406 0.5 -1.62882e-07 0 0 0 0 270 0
  407 0.5 -1.62882e-07 0 0 0 0 270 0
  408 0.5 -1.62882e-07 0 0 0 0 270 0
  409 0.5 -1.62882e-07 0 0 0 0 270 0
  410 0.5 -1.62882e-07 0 0 0 0 270 0
  411 0.5 -1.62882e-07 0 0 0 0 270 0
  412 0.5 -1.62882e-07 0 0 0 0 270 0
  413 0.5 -1.62882e-07 0 0 0 0 270 0
  414 0.5 -1.62882e-07 0 0 0 0 270 0
  415 0.5 -1.62882e-07 0 0 0 0 270 0
  416 0.5 -1.62882e-07 0 0 0 0 270 0
  417 0.5 -1.62882e-07 0 0 0 0 270 0
  418 0.5 -1.62882e-07 0 0 0 0 270 0
  419 0.5 -1.62882e-07 0 0 0 0 270 0
  420 0.5 -1.62882e-07 0 0 0 0 270 0
  421 0.5 -1.62882e-07 0 0 0 0 270 0
  422 0.5 -1.62882e-07 0 0 0 0 270 0
  423 0.5 -1.62882e-07 0 0 0 0 270 0
  424 0.5 -1.62882e-07 0 0 0 0 270 0
  425 0.5 -1.62882e-07 0 0 0 0 270 0
  426 0.5 -1.62882e-07 0 0 0 0 270 0
  427 0.5 -1.62882e-07 0 0 0 0 270 0
  428 0.5 -1.62882e-07 0 0 0 0 270 0
  429 0.5 -1.62882e-07 0 0 0 0 270 0
  430 0.5 -1.62882e-07 0 0 0 0 270 0
  431 0.5 -1.62882e-07 0 0 0 0 270 0
  432 0.5 -1.62882e-07 0 0 0 0 270 0
  433 0.5 -1.62882e-07 0 0 0 0 270 0
  434 0.5 -1.62882e-07 0 0 0 0 270 0
  435 0.5 -1.62882e-07 0 0 0 0 270 0
  436 0.5 -1.62882e-07 0 0 0 0 270 0
  437 0.5 -1.62882e-07 0 0 0 0 270 0
  438 0.5 -1.62882e-07 0 0 0 0 270 0
  439 0.5 -1.62882e-07 0 0 0 0 270 0
  440 0.5 -1.62882e-07 0 0 0 0 270 0
  441 0.5 -1.62882e-07 0 0 0 0 270 0
  442 0.5 -1.62882e-07 0 0 0 0 270 0
  443 0.5 -1.62882e-07 0 0 0 0 270 0
  444 0.5 -1.62882e-07 0 0 0 0 270 0
  445 0.5 -1.62882e-07 0 0 0 0 270 0
  446 0.5 -1.62882e-07 0 0 0 0 270 0
  447 0.5 -1.62882e-07 0 0 0 0 270 0
  448 0.5 -1.62882e-07 0 0 0 0 270 0
  449 0.5 -1.62882e-07 0 0 0 0 270 0
  450 0.5 -1.62882e-07 0 0 0 0 270 0
  451 0.5 -1.62882e-07 0 0 0 0 270 0
  452 0.5 -1.62882e-07 0 0 0 0 270 0
  453 0.5 -1.62882e-07 0 0 0 0 270 0
  454 100 -1.62882e-07 0 0 0 0 270 0
