#      z (A)        rho (1e-6/A2)       irho (1e-6/A2)
-10.00000000   2.06900000   0.00000000
  0.00000000   2.06900000   0.00000000
  0.00000000   3.10485034   0.00000000
 65.25786481   3.10485034   0.00000000
 65.25786481   3.10485034   0.00000000
 78.25786481   3.10485034   0.00000000
 78.25786481   3.10298808   0.00000000
 78.75786481   3.10298808   0.00000000
 78.75786481   3.10093290   0.00000000
 79.25786481   3.10093290   0.00000000
 79.25786481   3.09699785   0.00000000
 79.75786481   3.09699785   0.00000000
 79.75786481   3.08984497   0.00000000
 80.25786481   3.08984497   0.00000000
 80.25786481   3.07750131   0.00000000
 80.75786481   3.07750131   0.00000000
 80.75786481   3.05727869   0.00000000
 81.25786481   3.05727869   0.00000000
 81.25786481   3.02582565   0.00000000
 81.75786481   3.02582565   0.00000000
 81.75786481   2.97938270   0.00000000
 82.25786481   2.97938270   0.00000000
 82.25786481   2.91427852   0.00000000
 82.75786481   2.91427852   0.00000000
 82.75786481   2.82763620   0.00000000
 83.25786481   2.82763620   0.00000000
 83.25786481   2.71816911   0.00000000
 83.75786481   2.71816911   0.00000000
 83.75786481   2.58686766   0.00000000
 84.25786481   2.58686766   0.00000000
 84.25786481   2.43735154   0.00000000
 84.75786481   2.43735154   0.00000000
 84.75786481   2.27571518   0.00000000
 85.25786481   2.27571518   0.00000000
 85.25786481   2.10982422   0.00000000
 85.75786481   2.10982422   0.00000000
 85.75786481   1.94818786   0.00000000
 86.25786481   1.94818786   0.00000000
 86.25786481   1.79867174   0.00000000
 86.75786481   1.79867174   0.00000000
 86.75786481   1.66737029   0.00000000
 87.25786481   1.66737029   0.00000000
 87.25786481   1.55790320   0.00000000
 87.75786481   1.55790320   0.00000000
 87.75786481   1.47126088   0.00000000
 88.25786481   1.47126088   0.00000000
 88.25786481   1.40615671   0.00000000
 88.75786481   1.40615671   0.00000000
 88.75786481   1.35971376   0.00000000
 89.25786481   1.35971376   0.00000000
 89.25786481   1.32826071   0.00000000
 89.75786481   1.32826071   0.00000000
 89.75786481   1.30803809   0.00000000
 90.25786481   1.30803809   0.00000000
 90.25786481   1.29569444   0.00000000
 90.75786481   1.29569444   0.00000000
 90.75786481   1.28854155   0.00000000
 91.25786481   1.28854155   0.00000000
 91.25786481   1.28460650   0.00000000
 91.75786481   1.28460650   0.00000000
 91.75786481   1.28255132   0.00000000
 92.25786481   1.28255132   0.00000000
 92.25786481   1.28153231   0.00000000
 92.75786481   1.28153231   0.00000000
 92.75786481   1.28105265   0.00000000
 93.25786481   1.28105265   0.00000000
 93.25786481   1.28083829   0.00000000
 93.75786481   1.28083829   0.00000000
 93.75786481   1.28074736   0.00000000
 94.25786481   1.28074736   0.00000000
 94.25786481   1.28071073   0.00000000
 94.75786481   1.28071073   0.00000000
 94.75786481   1.28069672   0.00000000
 95.25786481   1.28069672   0.00000000
 95.25786481   1.28069164   0.00000000
 95.75786481   1.28069164   0.00000000
 95.75786481   1.28068989   0.00000000
 96.25786481   1.28068989   0.00000000
 96.25786481   1.28068932   0.00000000
 96.75786481   1.28068932   0.00000000
 96.75786481   1.28068914   0.00000000
 97.25786481   1.28068914   0.00000000
 97.25786481   1.28068909   0.00000000
 97.75786481   1.28068909   0.00000000
 97.75786481   1.28068907   0.00000000
 98.25786481   1.28068907   0.00000000
 98.25786481   1.28068907   0.00000000
 98.75786481   1.28068907   0.00000000
 98.75786481   1.28068907   0.00000000
 99.25786481   1.28068907   0.00000000
 99.25786481   1.28068907   0.00000000
 99.75786481   1.28068907   0.00000000
 99.75786481   1.28068907   0.00000000
100.25786481   1.28068907   0.00000000
100.25786481   1.28068907   0.00000000
100.75786481   1.28068907   0.00000000
100.75786481   1.28068907   0.00000000
101.25786481   1.28068907   0.00000000
101.25786481   1.28068907   0.00000000
101.75786481   1.28068907   0.00000000
101.75786481   1.28068907   0.00000000
102.25786481   1.28068907   0.00000000
102.25786481   1.28068907   0.00000000
102.75786481   1.28068907   0.00000000
102.75786481   1.28068907   0.00000000
103.25786481   1.28068907   0.00000000
103.25786481   1.28068907   0.00000000
103.75786481   1.28068907   0.00000000
103.75786481   1.28068907   0.00000000
104.25786481   1.28068907   0.00000000
104.25786481   1.28068907   0.00000000
104.75786481   1.28068907   0.00000000
104.75786481   1.28068907   0.00000000
105.25786481   1.28068907   0.00000000
105.25786481   1.28068907   0.00000000
105.75786481   1.28068907   0.00000000
105.75786481   1.28068907   0.00000000
106.25786481   1.28068907   0.00000000
106.25786481   1.28068907   0.00000000
106.75786481   1.28068907   0.00000000
106.75786481   1.28068907   0.00000000
107.25786481   1.28068907   0.00000000
107.25786481   1.28068907   0.00000000
107.75786481   1.28068907   0.00000000
107.75786481   1.28068907   0.00000000
108.25786481   1.28068907   0.00000000
108.25786481   1.28068907   0.00000000
108.75786481   1.28068907   0.00000000
108.75786481   1.28068907   0.00000000
109.25786481   1.28068907   0.00000000
109.25786481   1.28068907   0.00000000
109.75786481   1.28068907   0.00000000
109.75786481   1.28068907   0.00000000
110.25786481   1.28068907   0.00000000
110.25786481   1.28068907   0.00000000
110.75786481   1.28068907   0.00000000
110.75786481   1.28068907   0.00000000
111.25786481   1.28068907   0.00000000
111.25786481   1.28068907   0.00000000
111.75786481   1.28068907   0.00000000
111.75786481   1.28068907   0.00000000
112.25786481   1.28068907   0.00000000
112.25786481   1.28068907   0.00000000
112.75786481   1.28068907   0.00000000
112.75786481   1.28068907   0.00000000
113.25786481   1.28068907   0.00000000
113.25786481   1.28068907   0.00000000
113.75786481   1.28068907   0.00000000
113.75786481   1.28068907   0.00000000
114.25786481   1.28068907   0.00000000
114.25786481   1.28068907   0.00000000
114.75786481   1.28068907   0.00000000
114.75786481   1.28068907   0.00000000
115.25786481   1.28068907   0.00000000
115.25786481   1.28068907   0.00000000
115.75786481   1.28068907   0.00000000
115.75786481   1.28068907   0.00000000
116.25786481   1.28068907   0.00000000
116.25786481   1.28068907   0.00000000
116.75786481   1.28068907   0.00000000
116.75786481   1.28068907   0.00000000
117.25786481   1.28068907   0.00000000
117.25786481   1.28068907   0.00000000
117.75786481   1.28068907   0.00000000
117.75786481   1.28068907   0.00000000
118.25786481   1.28068907   0.00000000
118.25786481   1.28068907   0.00000000
118.75786481   1.28068907   0.00000000
118.75786481   1.28068907   0.00000000
119.25786481   1.28068907   0.00000000
119.25786481   1.28068907   0.00000000
119.75786481   1.28068907   0.00000000
119.75786481   1.28068907   0.00000000
120.25786481   1.28068907   0.00000000
120.25786481   1.28068907   0.00000000
120.75786481   1.28068907   0.00000000
120.75786481   1.28068907   0.00000000
121.25786481   1.28068907   0.00000000
121.25786481   1.28068907   0.00000000
121.75786481   1.28068907   0.00000000
121.75786481   1.28068907   0.00000000
122.25786481   1.28068907   0.00000000
122.25786481   1.28068907   0.00000000
122.75786481   1.28068907   0.00000000
122.75786481   1.28068907   0.00000000
123.25786481   1.28068907   0.00000000
123.25786481   1.28068907   0.00000000
123.75786481   1.28068907   0.00000000
123.75786481   1.28068907   0.00000000
124.25786481   1.28068907   0.00000000
124.25786481   1.28068907   0.00000000
124.75786481   1.28068907   0.00000000
124.75786481   1.28068907   0.00000000
125.25786481   1.28068907   0.00000000
125.25786481   1.28068907   0.00000000
125.75786481   1.28068907   0.00000000
125.75786481   1.28068907   0.00000000
126.25786481   1.28068907   0.00000000
126.25786481   1.28068907   0.00000000
126.75786481   1.28068907   0.00000000
126.75786481   1.28068907   0.00000000
127.25786481   1.28068907   0.00000000
127.25786481   1.28068907   0.00000000
127.75786481   1.28068907   0.00000000
127.75786481   1.28068907   0.00000000
128.25786481   1.28068907   0.00000000
128.25786481   1.28068907   0.00000000
128.75786481   1.28068907   0.00000000
128.75786481   1.28068907   0.00000000
129.25786481   1.28068907   0.00000000
129.25786481   1.28068907   0.00000000
129.75786481   1.28068907   0.00000000
129.75786481   1.28068907   0.00000000
130.25786481   1.28068907   0.00000000
130.25786481   1.28068907   0.00000000
130.75786481   1.28068907   0.00000000
130.75786481   1.28068907   0.00000000
131.25786481   1.28068907   0.00000000
131.25786481   1.28068907   0.00000000
131.75786481   1.28068907   0.00000000
131.75786481   1.28068907   0.00000000
132.25786481   1.28068907   0.00000000
132.25786481   1.28068907   0.00000000
132.75786481   1.28068907   0.00000000
132.75786481   1.28068907   0.00000000
133.25786481   1.28068907   0.00000000
133.25786481   1.28068907   0.00000000
133.75786481   1.28068907   0.00000000
133.75786481   1.28068907   0.00000000
134.25786481   1.28068907   0.00000000
134.25786481   1.28068907   0.00000000
134.75786481   1.28068907   0.00000000
134.75786481   1.28068907   0.00000000
135.25786481   1.28068907   0.00000000
135.25786481   1.28068907   0.00000000
135.75786481   1.28068907   0.00000000
135.75786481   1.28068907   0.00000000
136.25786481   1.28068907   0.00000000
136.25786481   1.28068907   0.00000000
136.75786481   1.28068907   0.00000000
136.75786481   1.28068907   0.00000000
137.25786481   1.28068907   0.00000000
137.25786481   1.28068907   0.00000000
137.75786481   1.28068907   0.00000000
137.75786481   1.28068907   0.00000000
138.25786481   1.28068907   0.00000000
138.25786481   1.28068907   0.00000000
138.75786481   1.28068907   0.00000000
138.75786481   1.28068907   0.00000000
139.25786481   1.28068907   0.00000000
139.25786481   1.28068907   0.00000000
139.75786481   1.28068907   0.00000000
139.75786481   1.28068907   0.00000000
140.25786481   1.28068907   0.00000000
140.25786481   1.28068907   0.00000000
140.75786481   1.28068907   0.00000000
140.75786481   1.28068907   0.00000000
141.25786481   1.28068907   0.00000000
141.25786481   1.28068907   0.00000000
141.75786481   1.28068907   0.00000000
141.75786481   1.28068906   0.00000000
142.25786481   1.28068906   0.00000000
142.25786481   1.28068906   0.00000000
142.75786481   1.28068906   0.00000000
142.75786481   1.28068905   0.00000000
143.25786481   1.28068905   0.00000000
143.25786481   1.28068902   0.00000000
143.75786481   1.28068902   0.00000000
143.75786481   1.28068892   0.00000000
144.25786481   1.28068892   0.00000000
144.25786481   1.28068861   0.00000000
144.75786481   1.28068861   0.00000000
144.75786481   1.28068768   0.00000000
145.25786481   1.28068768   0.00000000
145.25786481   1.28068506   0.00000000
145.75786481   1.28068506   0.00000000
145.75786481   1.28067799   0.00000000
146.25786481   1.28067799   0.00000000
146.25786481   1.28065994   0.00000000
146.75786481   1.28065994   0.00000000
146.75786481   1.28061609   0.00000000
147.25786481   1.28061609   0.00000000
147.25786481   1.28051491   0.00000000
147.75786481   1.28051491   0.00000000
147.75786481   1.28029306   0.00000000
148.25786481   1.28029306   0.00000000
148.25786481   1.27983089   0.00000000
148.75786481   1.27983089   0.00000000
148.75786481   1.27891601   0.00000000
149.25786481   1.27891601   0.00000000
149.25786481   1.27719522   0.00000000
149.75786481   1.27719522   0.00000000
149.75786481   1.27411982   0.00000000
150.25786481   1.27411982   0.00000000
150.25786481   1.26889731   0.00000000
150.75786481   1.26889731   0.00000000
150.75786481   1.26047046   0.00000000
151.25786481   1.26047046   0.00000000
151.25786481   1.24755058   0.00000000
151.75786481   1.24755058   0.00000000
151.75786481   1.22872889   0.00000000
152.25786481   1.22872889   0.00000000
152.25786481   1.20267536   0.00000000
152.75786481   1.20267536   0.00000000
152.75786481   1.16840788   0.00000000
153.25786481   1.16840788   0.00000000
153.25786481   1.12558206   0.00000000
153.75786481   1.12558206   0.00000000
153.75786481   1.07472665   0.00000000
154.25786481   1.07472665   0.00000000
154.25786481   1.01734452   0.00000000
154.75786481   1.01734452   0.00000000
154.75786481   0.95582338   0.00000000
155.25786481   0.95582338   0.00000000
155.25786481   0.89315042   0.00000000
155.75786481   0.89315042   0.00000000
155.75786481   0.83248459   0.00000000
156.25786481   0.83248459   0.00000000
156.25786481   0.77668690   0.00000000
156.75786481   0.77668690   0.00000000
156.75786481   0.72792322   0.00000000
157.25786481   0.72792322   0.00000000
157.25786481   0.68742977   0.00000000
157.75786481   0.68742977   0.00000000
157.75786481   0.65547903   0.00000000
158.25786481   0.65547903   0.00000000
158.25786481   0.63152465   0.00000000
158.75786481   0.63152465   0.00000000
158.75786481   0.61446003   0.00000000
159.25786481   0.61446003   0.00000000
159.25786481   0.60290912   0.00000000
159.75786481   0.60290912   0.00000000
159.75786481   0.59547991   0.00000000
160.25786481   0.59547991   0.00000000
160.25786481   0.59093970   0.00000000
160.75786481   0.59093970   0.00000000
160.75786481   0.58830326   0.00000000
161.25786481   0.58830326   0.00000000
161.25786481   0.58684860   0.00000000
161.75786481   0.58684860   0.00000000
161.75786481   0.58538834   0.00000000
215.25786481   0.58538834   0.00000000
215.25786481   0.58538834   0.00000000
225.25786481   0.58538834   0.00000000
