#     thickness (A)        interface (A)       rho (1e-6/A^2)      irho (1e-6/A^2)
                   0     2.45457850063017                2.069                    0
    65.2578648132434     2.45457850063017     3.10485033734382                    0
                12.5                    0     3.10485033734382                    0
                 0.5                    0     3.10623046486022                    0
                 0.5                    0      3.1078982626694                    0
                 0.5                    0      3.1112619342288                    0
                 0.5                    0      3.1177023542228                    0
                 0.5                    0     3.12940935214197                    0
                 0.5                    0     3.14961198337277                    0
                 0.5                    0     3.18270997559271                    0
                 0.5                    0     3.23418859950526                    0
                 0.5                    0     3.31020092141732                    0
                 0.5                    0     3.41675573086444                    0
                 0.5                    0     3.55856162243932                    0
                 0.5                    0     3.73772440501153                    0
                 0.5                    0     3.95262308543045                    0
                 0.5                    0     4.19733336751129                    0
                 0.5                    0     4.46188063027108                    0
                 0.5                    0     4.73339133233361                    0
                 0.5                    0      4.9979385950934                    0
                 0.5                    0     5.24264887717424                    0
                 0.5                    0     5.45754755759316                    0
                 0.5                    0     5.63671034016537                    0
                 0.5                    0     5.77851623174025                    0
                 0.5                    0     5.88507104118737                    0
                 0.5                    0     5.96108336309943                    0
                 0.5                    0     6.01256198701198                    0
                 0.5                    0     6.04565997923192                    0
                 0.5                    0     6.06586261046272                    0
                 0.5                    0     6.07756960838189                    0
                 0.5                    0     6.08401002837589                    0
                 0.5                    0     6.08737369993529                    0
                 0.5                    0     6.08904149774447                    0
                 0.5                    0     6.08982655854044                    0
                 0.5                    0     6.09017738544107                    0
                 0.5                    0     6.09032622274515                    0
                 0.5                    0     6.09038616866092                    0
                 0.5                    0     6.09040908978232                    0
                 0.5                    0     6.09041741010409                    0
                 0.5                    0     6.09042027739594                    0
                 0.5                    0     6.09042121545612                    0
                 0.5                    0     6.09042150680677                    0
                 0.5                    0     6.09042159271351                    0
                 0.5                    0     6.09042161676067                    0
                 0.5                    0     6.09042162315103                    0
                 0.5                    0      6.0904216247632                    0
                 0.5                    0     6.09042162514932                    0
                 0.5                    0     6.09042162523711                    0
                 0.5                    0     6.09042162525606                    0
                 0.5                    0     6.09042162525995                    0
                 0.5                    0      6.0904216252607                    0
                 0.5                    0     6.09042162526084                    0
                 0.5                    0     6.09042162526087                    0
                 0.5                    0     6.09042162526087                    0
                 0.5                    0     6.09042162526087                    0
                 0.5                    0     6.09042162526087                    0
                 0.5                    0     6.09042162526087                    0
                 0.5                    0     6.09042162526087                    0
                 0.5                    0     6.09042162526087                    0
                 0.5                    0     6.09042162526087                    0
                 0.5                    0     6.09042162526087                    0
                 0.5                    0     6.09042162526087                    0
                 0.5                    0     6.09042162526087                    0
                 0.5                    0     6.09042162526087                    0
                 0.5                    0     6.09042162526087                    0
                 0.5                    0     6.09042162526087                    0
                 0.5                    0     6.09042162526087                    0
                 0.5                    0     6.09042162526087                    0
                 0.5                    0     6.09042162526087                    0
                 0.5                    0     6.09042162526087                    0
                 0.5                    0     6.09042162526087                    0
                 0.5                    0     6.09042162526087                    0
                 0.5                    0     6.09042162526087                    0
                 0.5                    0     6.09042162526087                    0
                 0.5                    0     6.09042162526087                    0
                 0.5                    0     6.09042162526087                    0
                 0.5                    0     6.09042162526087                    0
                 0.5                    0     6.09042162526087                    0
                 0.5                    0     6.09042162526087                    0
                 0.5                    0     6.09042162526087                    0
                 0.5                    0     6.09042162526087                    0
                 0.5                    0     6.09042162526087                    0
                 0.5                    0     6.09042162526087                    0
                 0.5                    0     6.09042162526087                    0
                 0.5                    0     6.09042162526087                    0
                 0.5                    0     6.09042162526087                    0
                 0.5                    0     6.09042162526087                    0
                 0.5                    0     6.09042162526087                    0
                 0.5                    0     6.09042162526087                    0
                 0.5                    0     6.09042162526087                    0
                 0.5                    0     6.09042162526087                    0
                 0.5                    0     6.09042162526087                    0
                 0.5                    0     6.09042162526087                    0
                 0.5                    0     6.09042162526087                    0
                 0.5                    0     6.09042162526087                    0
                 0.5                    0     6.09042162526087                    0
                 0.5                    0     6.09042162526087                    0
                 0.5                    0     6.09042162526087                    0
                 0.5                    0     6.09042162526087                    0
                 0.5                    0     6.09042162526087                    0
                 0.5                    0     6.09042162526087                    0
                 0.5                    0     6.09042162526087                    0
                 0.5                    0     6.09042162526087                    0
                 0.5                    0     6.09042162526087                    0
                 0.5                    0     6.09042162526087                    0
                 0.5                    0     6.09042162526087                    0
                 0.5                    0     6.09042162526087                    0
                 0.5                    0     6.09042162526087                    0
                 0.5                    0     6.09042162526087                    0
                 0.5                    0     6.09042162526087                    0
                 0.5                    0     6.09042162526087                    0
                 0.5                    0     6.09042162526087                    0
                 0.5                    0     6.09042162526087                    0
                 0.5                    0     6.09042162526087                    0
                 0.5                    0     6.09042162526087                    0
                 0.5                    0     6.09042162526087                    0
                 0.5                    0     6.09042162526087                    0
                 0.5                    0     6.09042162526087                    0
                 0.5                    0     6.09042162526087                    0
                 0.5                    0     6.09042162526087                    0
                 0.5                    0     6.09042162526087                    0
                 0.5                    0     6.09042162526087                    0
                 0.5                    0     6.09042162526087                    0
                 0.5                    0     6.09042162526087                    0
                 0.5                    0     6.09042162526087                    0
                 0.5                    0     6.09042162526089                    0
                 0.5                    0     6.09042162526099                    0
                 0.5                    0     6.09042162526149                    0
                 0.5                    0     6.09042162526382                    0
                 0.5                    0     6.09042162527429                    0
                 0.5                    0     6.09042162531891                    0
                 0.5                    0     6.09042162549957                    0
                 0.5                    0     6.09042162619453                    0
                 0.5                    0     6.09042162873479                    0
                 0.5                    0     6.09042163755739                    0
                 0.5                    0     6.09042166667231                    0
                 0.5                    0     6.09042175796523                    0
                 0.5                    0     6.09042202996025                    0
                 0.5                    0     6.09042279995498                    0
                 0.5                    0     6.09042487113569                    0
                 0.5                    0     6.09043016474775                    0
                 0.5                    0     6.09044302029401                    0
                 0.5                    0     6.09047268456456                    0
                 0.5                    0     6.09053772477104                    0
                 0.5                    0     6.09067322362284                    0
                 0.5                    0     6.09094144607464                    0
                 0.5                    0     6.09144594561158                    0
                 0.5                    0     6.09234758493803                    0
                 0.5                    0     6.09387871338783                    0
                 0.5                    0     6.09634928453881                    0
                 0.5                    0     6.10013711292633                    0
                 0.5                    0     6.10565522628592                    0
                 0.5                    0     6.11329355806016                    0
                 0.5                    0     6.12334004334919                    0
                 0.5                    0     6.13589564864224                    0
                 0.5                    0     6.15080535643929                    0
                 0.5                    0     6.16762855882395                    0
                 0.5                    0     6.18566522741688                    0
                 0.5                    0     6.20403958374638                    0
                 0.5                    0     6.22182549433354                    0
                 0.5                    0     6.23818417297402                    0
                 0.5                    0     6.25248063062568                    0
                 0.5                    0     6.26435243420583                    0
                 0.5                    0     6.27371970147036                    0
                 0.5                    0     6.28074260906209                    0
                 0.5                    0     6.28574558817585                    0
                 0.5                    0     6.28913206380796                    0
                 0.5                    0     6.29131014748759                    0
                 0.5                    0     6.29264124016793                    0
                54.5                    0      6.2942687791808                    0
                   0                    0      6.2942687791808                    0
