# intensity: 1.04328723465491
# background: 6.90785431885348e-07
#           Q (1/A)             dQ (1/A)                    R                   dR               theory              fresnel
  0.0104548359880815 0.000418193439523262     1.00355511581219   0.0320366486811652     1.04328792544034   0.0424608781314575
   0.010768481067724  0.00043073924270896    0.989261826418929   0.0292514231153017      1.0430783639605   0.0409590228902008
  0.0110915354997557 0.000443661419990229     1.01739942323143   0.0286395504247886     1.04032827851039   0.0388853072144739
  0.0114242815647484 0.000456971262589936    0.986205070031514   0.0255553708660791     1.02126209486694   0.0363587208952785
  0.0117670100116908 0.000470680400467634    0.995279993502016   0.0247608566821933    0.946404274831248   0.0336595022862819
  0.0121200203120416 0.000484800812481663    0.845962361239904   0.0200105369216518    0.776972093201165   0.0310174842438212
  0.0124836209214028 0.000499344836856112    0.529581860853423    0.012367829171998    0.544980970827275    0.028524534012284
  0.0128581295490449 0.000514325181961796    0.283120348561367  0.00703236229244409    0.339018791288639   0.0261963442374188
  0.0132438734355162  0.00052975493742065    0.183179848972254  0.00482850033305248    0.207823895014646    0.024029410656214
  0.0136411896385817 0.000545647585543269    0.126284329599364  0.00347827931299911    0.137736898928277     0.02201582367731
  0.0140504253277392 0.000562017013109567   0.0996894474297434  0.00285072777156873   0.0998224003058288   0.0201477114269711
  0.0144719380875714 0.000578877523502854   0.0732636428117025  0.00221313225638855   0.0767001010638954   0.0184172803337621
  0.0149060962301985  0.00059624384920794   0.0627589263277408  0.00191871622590567   0.0610779933236057   0.0168168523360455
  0.0153532791171045 0.000614131164684178   0.0541438809988518  0.00168837167912417   0.0498931324368189   0.0153388985166401
  0.0158138774906176 0.000632555099624703   0.0481456073107299  0.00151504811921569   0.0416204154632911   0.0139760690372521
  0.0162882938153361 0.000651531752613444   0.0404252055007555  0.00131204731084501   0.0353712348011635   0.0127212193110717
  0.0167769426297962 0.000671077705191848   0.0341036015272298  0.00113630959360978   0.0305747529710059   0.0115674324138222
  0.0172802509086901 0.000691210036347603   0.0302781306046563  0.00102360371811157    0.026845654827264   0.0105080377903493
  0.0177986584359508 0.000711946337438031   0.0262376776175406  0.00090560232761426    0.023914413188836  0.00953662636461536
  0.0183326181890293 0.000733304727561172   0.0244611971010429 0.000852702306325866   0.0215872498034784  0.00864706220504716
  0.0188825967347002 0.000755303869388007   0.0218965769608766 0.000793124006212206   0.0197217628538125  0.00783349093415566
  0.0194490746367412 0.000777962985469647   0.0214939675294527 0.000770585547737451   0.0182114194141209  0.00709034510104757
  0.0200325468758434 0.000801301875033737   0.0189632248886552 0.000733509956698554   0.0169753346007252  0.00641234675794427
  0.0206335232821187 0.000825340931284749   0.0187867171375315 0.000738078146197232   0.0159513375241762  0.00579450749737824
  0.0212525289805823 0.000850101159223292   0.0174979828870153 0.000740763254882773   0.0150911517181502  0.00523212621578512
  0.0218901048499998  0.00087560419399999   0.0178100663866834 0.000771880173672359    0.014356975499177  0.00472078487231051
  0.0225468079954998  0.00090187231981999   0.0158413176250798 0.000676474654227813   0.0137190122369539  0.00425634250946679
  0.0232232122353647  0.00092892848941459   0.0158299694058686 0.000657882924687873    0.013153659059595  0.00383492779552198
  0.0239199086024257 0.000956796344097027   0.0133361289493493 0.000569543361778297   0.0126421605530216  0.00345293033792917
  0.0246375058604985 0.000985500234419938   0.0128053789393515  0.00054113151065167   0.0121695962919567  0.00310699100345687
  0.0253766310363134  0.00101506524145254   0.0128046346845752 0.000520948808701509   0.0117241115493479  0.00279399146468112
  0.0261379299674028  0.00104551719869611   0.0120444946010383 0.000447740303642699   0.0112963274358041  0.00251104317482735
  0.0269220678664249    0.001076882714657   0.0111000417754084 0.000386299960095312   0.0108788849233638  0.00225547595422567
  0.0277297299024176  0.00110918919609671    0.011919507127234   0.0003918377827971   0.0104660897276953  0.00202482635241858
  0.0285616217994902  0.00114246487197961   0.0102739483808024  0.00031823558071932    0.010053633761348  0.00181682593071504
  0.0294184704534749    0.001176738818139  0.00988805438971933 0.000297219248677607  0.00963837505055055  0.00162938959112038
  0.0303010245670791  0.00121204098268317  0.00968857941854193 0.000274905320094507  0.00921816243021914  0.00146060405941577
  0.0312100553040915  0.00124840221216366  0.00911037284013374 0.000244560903690661  0.00879169453029349    0.001308716612969
  0.0321463569632142  0.00128585427852857  0.00852029758384384 0.000222283038749946  0.00835840490326611  0.00117212412781876
  0.0331107476721107  0.00132442990688443   0.0083869351841174 0.000210329685514679   0.0079183668673388  0.00104936250481682
   0.034104070102274  0.00136416280409096  0.00774853617986077 0.000186402869857793  0.00747221292693777 0.000939096521211835
  0.0351271922053422  0.00140508768821369  0.00737357478224988 0.000172701375929692  0.00702106460718177 0.000840110142047326
  0.0361810079715025   0.0014472403188601  0.00681679713741922 0.000154417326783164  0.00656646929217774  0.00075129731511653
  0.0372664382106475   0.0014906575284259  0.00633003362508576 0.000140029288832503  0.00611034125624755 0.000671653263933195
   0.038384431356967  0.00153537725427868  0.00596669082068635 0.000128934542171674  0.00565490457369115 0.000600266285179049
   0.039535964297676  0.00158143857190704   0.0053075430189521 0.000114429611725392  0.00520263602626594 0.000536310050298345
  0.0407220432266062  0.00162888172906425  0.00514275927782109 0.000107462320601791  0.00475620652953997 0.000479036405238333
  0.0419437045234044  0.00167774818093618  0.00449557563242311 9.32273515032827e-05  0.00431841999434504 0.000427768657685024
  0.0432020156591066  0.00172808062636426  0.00415669163531443 8.54314535145633e-05  0.00389214894672599 0.000381895337416102
  0.0444980761288798  0.00177992304515519  0.00355885137508782 7.38643413579437e-05  0.00348026666265867 0.000340864412487016
  0.0458330184127462  0.00183332073650985   0.0032205059275689 6.77242329377068e-05  0.00308557604034378 0.000304177941784143
  0.0472080089651285  0.00188832035860514  0.00278525889721329 6.09283453435973e-05  0.00271073593473329 0.000271387142926493
  0.0486242492340824   0.0019449699693633  0.00235504638377723  5.3848627106306e-05  0.00235818621057529 0.000242087853486355
  0.0500829767111049   0.0020033190684442  0.00217299792350438 5.22281078377335e-05  0.00203007331793847 0.000215916362947768
   0.051585466012438  0.00206341864049752  0.00178475840551475 4.69098582793682e-05  0.00172817873505967 0.000192545592654706
  0.0531330299928112  0.00212532119971245  0.00156430615033675 4.52983450985997e-05  0.00145385312489996 0.000171681601150879
  0.0547270208925955  0.00218908083570382  0.00122834461213386 4.05753297165255e-05  0.00120795947174471 0.000153060392719678
  0.0563688315193734  0.00225475326077493 0.000970732542264787  3.3163583187442e-05 0.000990828751485003 0.000136445007542734
  0.0580598964649546  0.00232239585859818 0.000838448163231891 2.97557071158314e-05 0.000802231786149352 0.000121622872662324
  0.0598016933589032  0.00239206773435613 0.000576625025830361 2.30683957728961e-05 0.000641370779119412 0.000108403393816235
  0.0615957441596703  0.00246382976638681  0.00048908943832762 2.05074997486943e-05 0.000506893564097952 9.66157691793509e-05
  0.0634436164844604  0.00253774465937842 0.000372232525013208 1.70732976724866e-05  0.00039693278014542 8.61070070651781e-05
  0.0653469249789942  0.00261387699915977 0.000320356639878407 1.26713455634401e-05 0.000309170978194087 7.67401306885304e-05
   0.067307332728364  0.00269229330913456 0.000237979844283582 9.37525891308323e-06 0.000240931072948707 6.83925541478008e-05
   0.069326552710215   0.0027730621084086 0.000185950398871844  7.4973826302199e-06 0.000189289621612731 6.09546148354468e-05
  0.0714063492915214  0.00285625397166086   0.0001461612484168 5.80972990908086e-06 0.000151208234322838 5.43282485157181e-05
  0.0735485397702671  0.00294194159081068 0.000121471829812639 4.93489847085672e-06 0.000123676159363417 4.84257943092319e-05
  0.0757549959633751    0.003030199838535 0.000104496548884693 4.21295653653497e-06 0.000103854963419085  4.3168917787201e-05
  0.0780276458422763  0.00312110583369105 8.71959457823154e-05 3.51482387937346e-06  8.9214527878517e-05 3.84876412984613e-05
  0.0803684752175446  0.00321473900870178 7.70951891138764e-05 3.11745847186023e-06 7.76486340253014e-05 3.43194715261589e-05
   0.082779529474071  0.00331118117896284  6.5765858638196e-05 2.70878897448502e-06 6.75585501550927e-05 3.06086150957414e-05
  0.0852629153582931  0.00341051661433172  6.5273867945708e-05 2.53526609110454e-06 5.78945584905308e-05 2.73052738306047e-05
  0.0878208028190419  0.00351283211276168 5.18274541505485e-05  2.1249719041955e-06 4.81484566372331e-05 2.43650119762002e-05
  0.0904554269036131  0.00361821707614453 4.27459845464193e-05 1.81022375245236e-06 3.82947368308231e-05 2.17481883881768e-05
  0.0931690897107215  0.00372676358842886 3.29174618179907e-05 1.49231433393989e-06 2.86841201425443e-05 1.94194473063885e-05
  0.0959641624020432  0.00383856649608173 2.32211321399636e-05 1.18656510979975e-06 1.98998125836941e-05 1.73472619159534e-05
  0.0988430872741045  0.00395372349096418 1.43675713893098e-05 8.84491507508093e-07 1.25933314689565e-05 1.55035254309486e-05
   0.101808379892328  0.00407233519569311 7.65858517234023e-06   6.103063432458e-07 7.32182723966992e-06 1.38631849279415e-05
   0.104862631289097   0.0041945052515639 4.22441390812624e-06 4.27944230192659e-07 4.41118862583999e-06  1.2403913607722e-05
    0.10800851022777  0.00432034040911082 3.16228638052141e-06 3.55684551216129e-07 3.86770473895718e-06 1.11058175767092e-05
   0.111248765534603  0.00444995062138414 4.55110645526389e-06 4.12198037123737e-07 5.35498882317571e-06 9.95117361700245e-06
   0.114586228500642  0.00458344914002566 7.40917455709523e-06 5.20802327537822e-07 8.24240801301902e-06 8.92419475834368e-06
   0.118023815355661  0.00472095261422643 1.01107823794949e-05 6.02750761477669e-07 1.17176875939741e-05 8.01082077874032e-06
   0.121564529816331  0.00486258119265323 1.48656400571827e-05 7.28017490055653e-07 1.49421185235952e-05 7.19853104544865e-06
   0.125211465710821  0.00500845862843283 1.80193495416456e-05 8.20208065764474e-07 1.72152513236093e-05 6.47617736666607e-06
   0.128967809682145  0.00515871238728581 2.02554533060899e-05 8.82118935283527e-07 1.81107027414836e-05 5.83383475871912e-06
    0.13283684397261  0.00531347375890438 2.09059920253182e-05 9.39222910839414e-07 1.75485389025165e-05 5.26266824576262e-06
   0.136821949291788  0.00547287797167151 1.89089844798578e-05  9.1219736743006e-07 1.57834667784354e-05 4.75481400089808e-06
   0.140926607770542  0.00563706431082166  1.3783132279888e-05 7.21254972566407e-07 1.33096801068026e-05 4.30327331093413e-06
   0.145154406003658  0.00580617624014631 1.21520101525181e-05  6.5576930846439e-07 1.07074194027717e-05 3.90181800338622e-06
   0.149509038183768   0.0059803615273507 8.96448498840523e-06 5.32443645683289e-07 8.47561196528908e-06 3.54490611526599e-06
    0.15399430932928  0.00615977237317122 7.09861860925858e-06 4.55839810157177e-07 6.90177021685911e-06 3.22760671015295e-06
   0.158614138609159  0.00634456554436636 5.95079618178276e-06 4.01150085689492e-07 6.01001917269382e-06 2.94553286426612e-06
   0.163372562767434  0.00653490251069735 6.71463477853396e-06 4.24920952701954e-07 5.60187145231065e-06 2.69478194495826e-06
   0.168273739650457  0.00673094958601827  6.6935752229128e-06 4.07947424413209e-07  5.3703012777437e-06 2.47188239733302e-06
    0.17332195183997  0.00693287807359882 6.97684888122802e-06 4.10119361598643e-07 5.03904249793043e-06 2.27374633753884e-06
    0.17852161039517  0.00714086441580678 5.74512405960731e-06 3.62940438987881e-07 4.46918433805866e-06 2.09762732563661e-06
   0.183877258707025  0.00735509034828098 4.52313527767252e-06 3.12567626400513e-07 3.69075917692992e-06 1.94108275760747e-06
   0.189393576468235  0.00757574305872941 3.05164944248417e-06 2.58488399132066e-07 2.85303739583398e-06 1.80194037581921e-06
   0.195075383762282   0.0078030153504913 2.08588825806187e-06 2.13753879857076e-07 2.12696352009836e-06 1.67826845079562e-06
   0.200927645275151  0.00803710581100603 1.10625984002718e-06 1.52296832744135e-07 1.61544677053491e-06 1.56834923505761e-06
   0.206955474633405  0.00827821898533621 1.07702919998885e-06 1.48262890932709e-07 1.31841188407431e-06 1.47065533269422e-06
   0.213164138872408   0.0085265655548963 1.08682860612613e-06 1.54028258643136e-07 1.16351161032695e-06 1.38382866668895e-06
    0.21955906303858  0.00878236252154319 1.02967761227563e-06 1.55549532599516e-07 1.07192579294705e-06 1.30686661614686e-06
   0.226145834929737  0.00904583339718949 1.04074765124199e-06 1.71459889349882e-07 1.00796826084987e-06 1.24000498373525e-06
   0.232930209977629  0.00931720839910517 1.35407949123087e-06 2.12034387495696e-07 9.74922999818438e-07 1.18611100255972e-06
   0.239918116276958  0.00959672465107833 1.05198766318211e-06  1.9575535127244e-07 9.73725270216036e-07 1.14795064048381e-06
   0.247115659765267  0.00988462639061068 9.33677269817551e-07   1.994355098521e-07 9.89525426256107e-07 1.12378791706746e-06
