Q I dI dQ
0.00306651534547539 0.31054695735654675 0.09280226630176366 0.001047930848815892
0.0031873225057103727 0.44160919734769993 0.08833999007788886 0.0010490414884238204
0.0033128889344699905 0.25634860213835775 0.08498286781476812 0.0010502400404989066
0.0034434021259130815 0.39122885753630465 0.0817526585521004 0.001051533352884547
0.003579056960640208 0.5506571951299684 0.07864454112148404 0.0010529287889497194
0.003720055996686823 0.23515489258796732 0.07565387691567058 0.0010544342635513348
0.0038666097719803135 0.22993230222333358 0.07277620299203946 0.00105605828105654
0.004018937118712492 0.3891022671238563 0.07000722544170264 0.0010578099754717733
0.004177265490096963 0.40198953357138706 0.06734281301465281 0.0010596991527139384
0.00434183129999933 0.3109915096361506 0.0647789909918541 0.0010617363350451947
0.004512880275947294 0.2978194208891269 0.062311935295477155 0.00106393280767634
0.004690667826047789 0.3615553984450308 0.059937966828928005 0.001066300667524336
0.004875459420359074 0.3971595371418394 0.05765354603866972 0.001068852874087023
0.005067530987287159 0.30838579679985717 0.055455267690195965 0.001071603302372289
0.0052671693255984964 0.2181600150038201 0.05333985585084863 0.001074566797789825
0.0054746725326642025 0.391164630015235 0.05130415907252819 0.0010777592328810196
0.005690350449575162 0.3337016621323814 0.04934514576762516 0.0010811975657266147
0.005914525123792696 0.36853543144168677 0.0474598997718253 0.001084899899832587
0.006147531290025681 0.2965084328310814 0.045645616087694706 0.0010888855452526561
0.0063897168700520444 0.4275558862672395 0.0438995968032291 0.001093175080661332
0.006641443492231025 0.3483366570603409 0.04221924717975064 0.001097790416045137
0.00690308703148197 0.30143728051562346 0.04060207190376286 0.0011027548556325107
0.007175038170535863 0.3368092826853485 0.039045671497518426 0.001108093160636004
0.007457702983297674 0.3731641992466959 0.037547738883184634 0.001113831611335149
0.007751503541190678 0.2909820768936084 0.03610605609555914 0.001119998067986456
0.008056878543387996 0.2970815164852744 0.03471849113832273 0.0011266220300102925
0.008374283971872475 0.3307286462268245 0.03338299497873858 0.0011337346928750912
0.008704193772303094 0.36105975908686694 0.03209759867560944 0.001141369002079751
0.009047100561704451 0.31862468532824817 0.030860410635072458 0.0011495597036277224
0.00940351636403606 0.38266638963616323 0.029669613988493035 0.0011583433903936235
0.00977397337473993 0.3355618444672088 0.028523464086286726 0.0011677585438077483
0.010159024755407845 0.3271194714436921 0.027420286100931477 0.001177845570327674
0.010559245459755057 0.2846761896147808 0.026358472731704642 0.0011886468322312397
0.010975233092133713 0.29283109456288214 0.025336482002816546 0.0012002066723526131
0.011407608799867894 0.36904112971412945 0.024352835145561864 0.0012125714324935579
0.011857018200742742 0.30120150545091773 0.023406114553876922 0.0012257894653748722
0.012324132347032512 0.30126324525128056 0.022494961801302706 0.0012399111401468143
0.012809648727507119 0.32987837728416447 0.09409714663117338 0.0021436619756556147
0.012809648727507119 0.29491054626009494 0.02161807570577939 0.0012549888416494642
0.01331429230891332 0.3211533862466173 0.016091634202876105 0.002153120136246753
0.01331429230891332 0.3085902690370922 0.020774210427000412 0.0012710769638004484
0.013838816618485596 0.339640736590677 0.015462633165300988 0.0021632917268402546
0.013838816618485596 0.3065950689108171 0.019962173579241634 0.0012882318976831849
0.01438400486910324 0.3096057138606991 0.01918082434078151 0.0013065120151075664
0.01438400486910324 0.31082757611575557 0.014857402647675292 0.002174227062389645
0.014950671128773666 0.30608277877801804 0.014275097431521838 0.0021859795053521657
0.014950671128773666 0.34053976303368677 0.018429071539257377 0.001325977648609745
0.015539661536188134 0.2973531054850607 0.013714909237713355 0.002198605582782237
0.015539661536188134 0.3214686321047473 0.01770587169080335 0.0013466910690407617
0.016151855564165058 0.3337595808384153 0.013176065153757483 0.0022121650993346255
0.016151855564165058 0.3131203585223058 0.017010226969682234 0.0013687164620574648
0.016788167332867414 0.32080876678942394 0.016341183084668306 0.0013921199049659106
0.016788167332867414 0.302957073498225 0.012657825988849299 0.0022267212450168446
0.01744954697475503 0.323431511573073 0.015697827038903035 0.001416969345470562
0.01744954697475503 0.31551250474135767 0.012159484538663149 0.0022423406965067427
0.018136982053310043 0.26749932660154263 0.015079284751713403 0.0014433345839465772
0.018136982053310043 0.3128806176598951 0.01168036374322116 0.0022590937108547112
0.01885149903765389 0.2854223039098192 0.014484718524337789 0.0014712872608734055
0.01885149903765389 0.32614253771220414 0.011219814723852466 0.0022770542104252676
0.019594164835257583 0.31728200288823505 0.010777214689570176 0.0022962998580044977
0.019594164835257583 0.29650448842182486 0.013913324337068966 0.0015009008510439336
0.020366088385034113 0.3061708735800037 0.010351964709462508 0.002316912121111799
0.020366088385034113 0.3049007794714236 0.013364328973425021 0.0015322506660947173
0.02116842231319164 0.3034904723084678 0.009943487356235707 0.0023389763247094663
0.02116842231319164 0.30665784265405555 0.012836986977975057 0.0015654138667918884
0.022002364654319893 0.312951986136235 0.009551224237006568 0.0023625816917033954
0.022002364654319893 0.3129638251659827 0.012330577468606396 0.0016004694863586146
0.022869160640279926 0.29824403534926597 0.009174633440898571 0.002387821370872474
0.022869160640279926 0.30391536103768413 0.011844400841385872 0.001637498465949886
0.023770104559568066 0.3128548541450471 0.008813186948684697 0.002414792452150801
0.023770104559568066 0.3125032124708282 0.011377775426422867 0.0016765837031766137
0.024706541689930698 0.31206886534004724 0.00846636806708568 0.00244359596951144
0.024706541689930698 0.3093204568253218 0.01093003417556171 0.0017178101143623193
0.025679870307115552 0.29988552197970814 0.008133668968343073 0.0024743368920560416
0.025679870307115552 0.3001663450940029 0.010943365197885555 0.0017612647109910772
0.026691543772758786 0.31095233211370377 0.012464786928140011 0.0018070366905838407
0.026691543772758786 0.3151126006512057 0.007814588432797873 0.00250712410429226
0.02774307270452572 0.2915490932204478 0.013585208784507917 0.0018552175420301126
0.02774307270452572 0.3060164186095865 0.007508629906290759 0.0025420703769690016
0.028836027231745536 0.30306839710734856 0.014712582025427356 0.001905901165210269
0.028836027231745536 0.3034259489618606 0.0072152999926523576 0.0025792923302248878
0.02997203933990791 0.2656401879218352 0.016016664443185738 0.001959184004576576
0.02997203933990791 0.3010651826940392 0.006934107501335202 0.0026189103911733558
0.03115280530752254 0.2918569074199084 0.006664563158327785 0.0026610487483833185
0.03115280530752254 0.2945033822682553 0.017757205199654593 0.0020151651962222244
0.03238008823898024 0.28883653372428325 0.006406180062183037 0.002705835306002333
0.03238008823898024 0.3078914733339344 0.020206191714800596 0.002073946727860113
0.03365572069719736 0.3025650459933393 0.006158474924668812 0.002753401640495932
0.03365572069719736 0.29313975682423576 0.02444675774236294 0.0021356336110575284
0.03498160743997501 0.2633881000840953 0.033917192868472286 0.002200334065028837
0.03498160743997501 0.29753486245479277 0.005920970077326292 0.0028038829631304866
0.03635972826415863 0.2981983941802388 0.005693196153773633 0.0028574180913988117
0.03635972826415863 0.278472483852856 0.09896891231935744 0.002268159711273912
0.03779214096184485 0.29711737913812614 0.00547469527873886 0.0029141494325725745
0.0392809843930499 0.30243929088554217 0.005265024517815125 0.002974222982462358
0.04082848167942768 0.29755259682520757 0.0050637592791481145 0.003037788342278101
0.04243694352380595 0.30124288990425435 0.0048704963238917105 0.0031049987562171556
0.044108771660497835 0.2912654160031908 0.004684856050087383 0.0031760111720753707
0.045846462441540344 0.29854821879542126 0.004506483774608346 0.003250986326792881
0.04765261056421461 0.30242782981252575 0.004335049852090786 0.0033300888584269477
0.049529912945414235 0.29789049950139707 0.004170248628679107 0.003413487445607093
0.0514811727486466 0.29661029684564455 0.004011796408114562 0.0035013549750903274
0.0514811727486466 0.28863050218689396 0.006271356059069059 0.0063084278362739435
0.05350930356967999 0.29828000935252297 0.0038594287712883945 0.0035938687376135072
0.05350930356967999 0.2953626182209842 0.002572952514192269 0.0063602411595066
0.055617333787087025 0.2941340717945192 0.002475265129428342 0.006415747125644948
0.055617333787087025 0.2951549915322529 0.0037128976941425145 0.0036912106518505895
0.05780841108418023 0.2985934453233852 0.00238131260950291 0.006475177959088034
0.05780841108418023 0.3000877971642212 0.0035719689142543714 0.003793567515937119
0.060085807149091675 0.2971708746465972 0.002290946590980004 0.006538776675526128
0.060085807149091675 0.30011088882932674 0.0034364198864699964 0.0039011312857321727
0.062452922560015244 0.29695869301354116 0.0022040256410590874 0.006606797176121716
0.062452922560015244 0.2973230045264569 0.0033060384615886374 0.004014099378755305
0.06491329186290586 0.29089137096879775 0.0031806221799435905 0.004132675002565712
0.06491329186290586 0.29807560363839664 0.002120414786629061 0.006679504306512398
0.06747058884921735 0.29929123502586347 0.003059977883327537 0.0042570675062427454
0.06747058884921735 0.29676764793371463 0.0020399852555516894 0.006757173880890885
0.07012863204156022 0.3006111356798862 0.0029439212990283827 0.00438749275357854
0.07012863204156022 0.291520752001182 0.0019626141993522527 0.006840092672368582
0.07289139039547005 0.2949977334758005 0.0028322763729533287 0.004524173516599786
0.07289139039547005 0.29274913837070327 0.0018881842486355542 0.006928558371854064
0.07576298922580003 0.2925210110720888 0.0027248743722918527 0.0046673398880904
0.07576298922580003 0.2980154928855146 0.0018173737524862957 0.007022879518747695
0.0787477163665877 0.2946101195573429 0.0018063372187762656 0.007123375407833709
0.0787477163665877 0.2964228587350181 0.0026215530068957335 0.0048172297118825366
0.08185002857359294 0.29595854206734645 0.00178179463966466 0.007230375977802408
0.08185002857359294 0.29470684610895603 0.0025238898160158613 0.004974089029811988
0.08507455817906759 0.2964328975240285 0.0017438502412594756 0.007344221687815967
0.08507455817906759 0.29903855097785875 0.0027957420603603677 0.005138172544387766
0.08842612000869396 0.29253623239074905 0.0017017592928657928 0.007465263389399399
0.08842612000869396 0.29294732854718575 0.0031024908228263117 0.005309744096396815
0.09190971857101973 0.2967088085674196 0.001657622242525085 0.007593862201653318
0.09190971857101973 0.2941263827035654 0.0033664457771695622 0.005489077156846387
0.0955305555301251 0.29463685504969966 0.0016123338660723558 0.007730389398311655
0.0955305555301251 0.29779114852667804 0.0036627879882914645 0.005676455332832548
0.09929403747268015 0.3016863133561876 0.004031265646440986 0.005872172887108369
0.09929403747268015 0.29355112377634385 0.0015672210691632725 0.007875226315476705
0.10320578398098941 0.29513805368320045 0.0015217681436245558 0.008028764288936566
0.10320578398098941 0.2937845970940873 0.004530111472965749 0.006076535271305265
0.10727163602407956 0.29575150744316075 0.005340693200087894 0.006289859672932831
0.10727163602407956 0.29510599656556175 0.0014770969223481516 0.008191404629797802
0.11149766467935777 0.2978715746917776 0.0014327262304175588 0.008363558646751978
0.11149766467935777 0.29410694499832984 0.006876323503935399 0.00651247557644354
0.1158901801978663 0.29740332564770183 0.0013890546681238763 0.008545647722654521
0.1158901801978663 0.2754750854207652 0.012924052732040118 0.006744725338798034
0.12045574142666694 0.29347396690838656 0.0013464205122123976 0.008738103452253511
0.12520116560242586 0.29584163801957325 0.001304319023390583 0.008941367846901553
0.1301335385308234 0.2949146253283424 0.001263189675625043 0.009155893610958317
0.13526022516698674 0.2987690217651461 0.0012231571680690826 0.009382144493392617
0.14058888061274463 0.29498222208468516 0.0011839686156899817 0.009620595716870975
0.14612746154712677 0.2960152905900007 0.001145629060225469 0.009871734485422229
0.15188423810717308 0.29427247224449543 0.0011083637381504527 0.010136060570639056
0.15786780623679433 0.2950211115745656 0.0010721515647402302 0.010414086975355704
0.16408710052212475 0.29644313100499026 0.001036879699265958 0.010706340672856588
0.17055140753252943 0.29621655093905314 0.0010024530023519265 0.011013363418943923
0.1772703796871884 0.29525981558166586 0.0009690333768692737 0.0113357126336369
0.18425404966796452 0.2946020511919611 0.0009366036862210446 0.01167396234889381
0.19151284540007313 0.2959436837453792 0.0009051418304281549 0.012028704218536834
0.19905760562292366 0.29469336940122 0.0008746039685590673 0.012400548586507477
0.2068995960743857 0.29596058079439935 0.0008448851254276397 0.012790125609672034
0.21505052631264177 0.2957554788508368 0.0008160654268303926 0.01319808643161127
0.22352256720074645 0.29596672950505964 0.000788138394154903 0.013625104404146314
0.23232836908000246 0.2939058374581092 0.0007610819813904101 0.014071876353750108
0.24148108065928495 0.29484872454197736 0.0007348743540737414 0.01453912389044919
0.25099436864852204 0.2949086982378259 0.0007094939445631794 0.015027594757314598
0.26088243816564977 0.296140804464322 0.0006849050836529578 0.015538064219153972
0.27116005394750875 0.29520136777937933 0.0006610557596211568 0.01607133648953397
0.2818425623963566 0.2946224165571901 0.0006379723385980224 0.016628246195771038
0.29294591449491764 0.2961355346759673 0.0006156380657773333 0.017209659882017763
0.3044866896241824 0.29626200967509886 0.0005940324069158506 0.01781647755103442
0.3164821203195225 0.2944114740494423 0.0005742441819364194 0.018449634245666702
0.3289501180020906 0.2965116115236929 0.0006277166975325949 0.019110101671446608
0.3419092997239203 0.29625038669844456 0.0006477703203683712 0.019798889862093355
0.35537901596666555 0.29524274102909925 0.0006500863591091635 0.0205170488900162
0.3693793795354898 0.2962605939830441 0.000648731294363982 0.021265670624211138
0.38393129559124484 0.29619858561922396 0.0006455774749385212 0.022045890538201714
0.3990564928657833 0.2958618311102218 0.0006408928993209139 0.02285888957090351
0.41477755610702144 0.29566329030359656 0.0006354322632265567 0.023705896043495826
0.4311179598021894 0.29463439515045553 0.0006294316263966174 0.024588187635564203
0.44810210322962973 0.2953697287950105 0.0006230298002266035 0.025507093423940405
0.4657553468914843 0.29604434048149375 0.0006162570532754026 0.026463995987812648
0.4841040503816653 0.2947701375745716 0.0006096979926231661 0.027460333583812863
0.503175611745659 0.29570366957205935 0.00060260494393121 0.028497602394912693
0.5229985083909285 0.2957235690486148 0.0006013780822952705 0.029577358857077914
0.543602339609012 0.2961203403999814 0.0007705933926575154 0.030701222067745178
0.5650178707727985 0.2949267185506623 0.0010905747309660288 0.031870876280296286
0.5872770792749802 0.2963526924096939 0.0024839387977037097 0.03308807348881749
