Q I dI dQ
0.020000000000000004 2.553724190959112 0.04938635693156138 0.0014940935948318552
0.020000000000000004 2.6200055421641553 0.038803014146292586 0.0021334597122085797
0.02080070450952866 2.334947606562005 0.06749553324563222 0.0015274240593882518
0.02080070450952866 2.3737153216066127 0.046968347348725 0.002156932759892534
0.021633465404636294 2.150316264719041 0.043175009158835674 0.00218203866084573
0.021633465404636294 2.2504182753845803 0.07041248952907753 0.0015626765640803233
0.022499566069947515 1.9895023284841793 0.039741013373583364 0.0022088738041712614
0.022499566069947515 1.9109199733875635 0.07491827214643731 0.0015999340015308379
0.02340034127067976 1.8812940822807125 0.03657455032124665 0.0022375383509609208
0.02340034127067976 1.7431181433787706 0.08189090698793772 0.0016392813054876753
0.024337179209676905 1.6834257938330646 0.03359129519750765 0.002268136212414202
0.024337179209676905 1.8603952106185393 0.09519498813096831 0.0016808055225293321
0.025311523666796686 1.5417370314731211 0.030884021077775454 0.0023007750190597123
0.025311523666796686 1.4983589443437544 0.12860545629195813 0.0017245958989947992
0.026324876223948957 1.759177592782664 0.4027619882135483 0.0017707439832872478
0.026324876223948957 1.3927788205325573 0.028397493985067416 0.002335566082954522
0.02737879857921394 1.2690954142779522 0.026036248390382953 0.002372624355104762
0.028474914953606607 1.1609766421773853 0.023897783742956383 0.0024120683806799553
0.029614914594196497 1.0281076168257575 0.02192540195477517 0.0024540202548687237
0.030800554377440455 0.9454192267458504 0.02007858599419743 0.0024986055824305848
0.03203366151674041 0.8540891296369331 0.018409408638376125 0.0025459534441262628
0.03331613637839884 0.8098223748316784 0.016828871346641582 0.002596196373249247
0.03464995541031163 0.7332212226625782 0.015400593164724731 0.0026494703454303767
0.036037174187911816 0.6486777470420081 0.014068900465092057 0.0027059147847456936
0.037479930582058354 0.5861397137925315 0.012847974743499954 0.0027656725889308657
0.03898044805375211 0.529671696076987 0.011715338341637982 0.00282889017620277
0.04054103908075645 0.4684344064692175 0.010680900128829612 0.0028957175558236284
0.042164108721403415 0.4244783884123689 0.00972075595063684 0.0029663084241316586
0.043852158321077625 0.3728644865610108 0.00884693223928488 0.0030408202873226185
0.043852158321077625 0.3918268501423399 0.010230879428991136 0.00570132826705776
0.0456077893670902 0.3522957189821344 0.008033150422110892 0.00574363156107529
0.0456077893670902 0.3200095564114546 0.008033150422110936 0.0031194146118175997
0.04743370749788331 0.3196216595150658 0.00729839007941033 0.005789041880979843
0.04743370749788331 0.3022200767680147 0.007298390079410379 0.0032022570026123136
0.049332726672744236 0.27528421196374847 0.0066179718720453615 0.005837763336839365
0.049332726672744236 0.27941041073842926 0.006617971872045376 0.0032895174095886543
0.05130777350845478 0.25739784265579463 0.005996070943137962 0.005890010314921256
0.05130777350845478 0.23917364123839582 0.006251834032608086 0.0033813703613948852
0.05336189178955952 0.21517269811332362 0.006729177290839697 0.0034779952261778015
0.05336189178955952 0.21518943937490587 0.00543408694422336 0.005946007633889702
0.05549824715920354 0.19194274534555728 0.006923019442631689 0.0035795764981865416
0.05549824715920354 0.1915483692257047 0.004919421686563847 0.00600599066726951
0.057720131997769056 0.1699896564578943 0.007076765715090206 0.0036863041090679873
0.057720131997769056 0.17428261473438883 0.004451786896520003 0.006070205430913402
0.060030970496829206 0.15465693089435145 0.007280884200187493 0.003798373762538918
0.060030970496829206 0.14583889031390493 0.004031542216117857 0.006138908635002079
0.06243432393623888 0.12606164162925843 0.007646425494487522 0.003915987291048551
0.06243432393623888 0.14202754802942258 0.003655495113500888 0.00621236770101487
0.06493389617249486 0.12469183664526494 0.003389369632275342 0.006290860745114887
0.06493389617249486 0.12784935697793412 0.008283350349664492 0.004039353033032445
0.06753353934682396 0.10789976310302096 0.0031831663158011763 0.0063746765304710015
0.06753353934682396 0.11335561507299369 0.009614243136155859 0.004168686229398753
0.0702372598217956 0.0891686022932617 0.013288427252273282 0.0043042094379729095
0.0702372598217956 0.09400376906188651 0.002961917986652395 0.00646411439215722
0.07304922435560798 0.09259317679386878 0.0027586963686050798 0.006559484139389647
0.07304922435560798 0.05564452569793868 0.05131192009875763 0.004446152964748888
0.07597376652356329 0.08162428808188221 0.0025786877517219226 0.006661105940939669
0.07901539339662805 0.07979163912533298 0.0024235131549971787 0.006769310200553726
0.08217879248737109 0.0669739152806731 0.0022929102222047568 0.0068844374300706
0.08546883897398398 0.06953479208156552 0.002184535530349381 0.007006838128613949
0.08889060321351636 0.0652087227513421 0.0020968757864545484 0.007136872676715154
0.09244935855590561 0.06386345587233287 0.0020266862571948004 0.007274911254461432
0.09615058947084287 0.06867348168383959 0.0019706752343689603 0.00742133379274979
0.1 0.06540728572771695 0.0019248759403547604 0.007576529966454046
0.10400352254764328 0.07196615052643247 0.0018797029613932161 0.007740899237788132
0.10816732702318145 0.07167497313338789 0.0018984176414737688 0.007914850957395463
0.11249783034973757 0.07197614430976812 0.0018643404103170199 0.008098804529743802
0.1170017063533988 0.07549627479420269 0.0018041098160331496 0.008293189648300055
0.12168589604838453 0.07573033897317102 0.0017726301391937417 0.008498446604748678
0.12655761833398338 0.08007101164500897 0.0017418638812850336 0.008715026675253422
0.13162438111974473 0.08126269914730352 0.0017070750679761572 0.008943392585497768
0.13689399289606963 0.08287707724651687 0.0016682023861924935 0.009184019055024622
0.14237457476803297 0.08756587007907216 0.0016251277548216016 0.009437393420274939
0.14807457297098248 0.08718239266848117 0.0015777670011536714 0.009704016334734661
0.15400277188720227 0.08556770302790027 0.0015261427062345852 0.009984402543766967
0.16016830758370204 0.0834239152092453 0.0014706417156023156 0.010279081731050091
0.1665806818919942 0.08395541617249402 0.0014119276332904163 0.01058859943306771
0.17324977705155814 0.08237144291767748 0.0013508331945460798 0.010913518017808106
0.18018587093955898 0.08211014604365227 0.0012881051363143583 0.011254417723711052
0.1873996529102917 0.07852799038209803 0.0012246330274244101 0.011611897754942431
0.19490224026876046 0.07624936979152523 0.0011624649294281499 0.01198657742925651
0.20270519540378223 0.07385267196297743 0.0011018075644504887 0.012379097375001837
0.21082054360701705 0.06977387922376403 0.0010472007241597641 0.012790120774215126
0.2192607916053881 0.06826415628354313 0.0009711316885970632 0.013220334649204937
0.22803894683545098 0.06659788539011416 0.0009424336190116399 0.013670451190530508
0.23716853748941652 0.06500948451768367 0.000899116192712064 0.014141209124811012
0.24666363336372113 0.06485299915573876 0.0008610002088227959 0.014633375121338872
0.2565388675422739 0.06460870575788988 0.000827647409581709 0.015147745237002852
0.26680945894779756 0.06321476117075561 0.0008007581140344062 0.015685146399541113
0.27749123579601764 0.0643738663014039 0.0008785440918375502 0.01624643792963195
0.2886006599888452 0.06340480212441879 0.0009079046970101561 0.016832513102785225
0.300154852484146 0.06695264223506654 0.0009140836307215574 0.017444300752416233
0.31217161968119433 0.06442662747966521 0.0009143368800314551 0.01808276691586474
0.3246694808624742 0.0646416698871712 0.0008985508072669808 0.018748916525465103
0.3376676967341198 0.06416044394396728 0.0009026294981311892 0.019443795147080157
0.351186299108978 0.0652771876881031 0.0008922144139194743 0.02016849076878399
0.3652461217780399 0.0656114474711633 0.000879836003373173 0.02092413564262049
0.3798688326178164 0.06430200870439229 0.000866727217032054 0.02171190818257843
0.39507696698314 0.06508241051069813 0.0008531963518934602 0.022533034922113577
0.4108939624368552 0.06464865388385203 0.000840840239218687 0.0233887925347184
0.4273441948699196 0.0643931877799603 0.0008286879159704144 0.02428050992119251
0.44445301606758153 0.06310285221571184 0.0008174832092546208 0.025209570367407206
0.462246792779528 0.06606820663810842 0.0009551274079176809 0.02617741377648702
0.4807529473542143 0.0656078587331702 0.0013106839988984934 0.027185538979454162
0.5 0.06510567487423376 0.0026226867986014796 0.028235506128500266
