# intensity: 1
# background: 0
#           Q (1/A)             dQ (1/A)                    R                   dR               theory              fresnel
          0.00877296 8.57369676736154e-05    0.334128266941233  0.00196793752611712    0.334862662842778     0.33848462442985
           0.0100889 9.85973994514066e-05   0.0925941318778746 0.000899795171291399   0.0925735847271176    0.094951910304187
           0.0114048 0.000111457409223373   0.0398513852693478 0.000516200703643253   0.0390457783393082   0.0405377764778405
           0.0127208 0.000124318361121249   0.0206626340607494 0.000336450524326376   0.0207168089650254   0.0216786076921986
           0.0140367 0.000137178296537108   0.0124484918754196 0.000234841674415395   0.0123423113354758   0.0129622228788357
           0.0153526 0.000150038188692536  0.00790744109467624 0.000171907290502519   0.0079477979371205  0.00833286024010761
           0.0166685 0.000162898033531676  0.00543632844648285 0.000130534496381555  0.00542730275182061  0.00564355535695935
           0.0179845 0.000175758804258743   0.0038004807350272 0.000102136621213416  0.00388667819377113  0.00397745155734873
           0.0193004 0.000188618542293017  0.00285269357814824 8.19912687429484e-05  0.00289844652052512  0.00289357650801322
           0.0206163 0.000201478220842578  0.00227453565481687 6.73128657966352e-05  0.00223962154181433  0.00216042316737308
           0.0219322 0.000214337835851184  0.00177481507416856  5.6408042769887e-05  0.00178826352983455  0.00165064902749027
           0.0241253 0.000235769723821315   0.0013394442707204 4.36721558376926e-05  0.00130696351916442  0.00109685871185778
           0.0263185   0.0002572023824813 0.000962833234656901 3.51986271646474e-05  0.00101812570436139 0.000757188548400806
           0.0285116 0.000278633838586312 0.000829920388365461 2.93424552013561e-05 0.000836953082340625 0.000540311395555833
           0.0307047 0.000300065050592837 0.000732154859486038 2.51261711479863e-05 0.000717810522080972 0.000396282344810527
           0.0328977 0.000321495022526369 0.000625194609959884 2.19705327948428e-05 0.000635889229052969 0.000297462434949601
           0.0350908 0.000342925690002228 0.000582640652128475 1.95215312697923e-05 0.000577029325732501 0.000227756594108883
           0.0372838 0.000364355079865535 0.000531801569628172 1.75579865563577e-05 0.000532843401021355  0.00017741288385111
           0.0394768 0.000385784150525367  0.00051758838331506 1.59380531624162e-05 0.000498188863341698 0.000140295083277575
           0.0416698  0.00040721288319657   0.0004679197677234 1.45688304423468e-05 0.000469833850276882 0.000112429852349693
           0.0438627 0.000428640281974596 0.000440684908141575 1.33887498378867e-05 0.000445750651740787 9.12602995688536e-05
           0.0473713 0.000462922940267723 0.000419307069057144 1.17900402445873e-05 0.000412750517444379 6.67853324623481e-05
           0.0508798 0.000497203583214105 0.000378502658694991 1.04531677410859e-05 0.000383804972251151 4.99416637095812e-05
           0.0543882 0.000531482133943782 0.000356403636582195 9.31042262901807e-06 0.000357232074694529 3.80993203646757e-05
           0.0578966 0.000565759492576199 0.000324283286598639 8.31777039318079e-06 0.000332105751414975 2.95741482432156e-05
           0.0614048  0.00060003362821969 0.000313992790117631 7.44567176043413e-06 0.000307963815651244 2.33095968188368e-05
           0.0649128 0.000634304464109654 0.000282954841366976 6.67318958117545e-06 0.000284598871234909  1.8621935511435e-05
           0.0684208 0.000668573877234887 0.000260613030860145 5.98486986612678e-06 0.000261945156520613  1.5057119021105e-05
           0.0719286 0.000702839836928123  0.00024485721084002 5.36895842821082e-06 0.000240017704936252 1.23070732815861e-05
           0.0754363  0.00073710324321804 0.000215112504208625 4.81612608475776e-06 0.000218869761498162 1.01578910966938e-05
           0.0789438 0.000771363042478343 0.000200653206752252 4.31888355046932e-06 0.000198573120180799 8.45857466199554e-06
           0.0824512 0.000805620134643632 0.000179639777513997  3.8709805148191e-06 0.000179201806958032 7.10056226202814e-06
           0.0859585 0.000839874442811113 0.000160507052500854  3.4669253306241e-06  0.00016080060760977 6.00065349471992e-06
            0.087712 0.000856999430181491 0.000147439311977806 3.28016077516862e-06 0.000152005968778339 5.53163298945927e-06
            0.091219 0.000891247953378265 0.000137481779026787 2.93456643275164e-06 0.000135253762239263 4.72875258790924e-06
           0.0947258 0.000925492523961103 0.000119584433112698 2.62272297858918e-06 0.000119596371244968 4.06339942556762e-06
           0.0982324 0.000959733065178519 0.000105898817852394 2.34171491984471e-06 0.000105082104479122 3.51117509426438e-06
            0.101739  0.00099397145301271  9.0860554885447e-05 2.08870004122306e-06 9.17194618534322e-05 3.04970602939534e-06
            0.105245  0.00102820175250849 8.08631550093376e-05 1.86120982976429e-06 7.95058993126552e-05 2.66172426492642e-06
            0.108751  0.00106242974511247 6.61532678501581e-05 1.65696081101176e-06 6.84211385722814e-05 2.33355935343719e-06
            0.112257   0.0010966553536645 5.86382011517061e-05  1.4739329390626e-06 5.84352399398444e-05 2.05447128660953e-06
            0.115762   0.0011308687400236 4.97723358427142e-05 1.31034779772345e-06 4.95101936414939e-05 1.81597008380955e-06
            0.119268  0.00116508934960268 4.21366037376732e-05 1.16445917020771e-06 4.15915158647691e-05 1.61105747448359e-06
            0.122773  0.00119929758402514 3.52374590919785e-05 1.03484589724762e-06 3.46270523007394e-05 1.43430845655304e-06
            0.126278  0.00123350312701843 2.81827672127405e-05 9.20086989436393e-07 2.85521472089583e-05 1.28115748491076e-06
            0.129782  0.00126769614344654 2.31301179567066e-05 8.18945371946926e-07  2.3301888514088e-05 1.14795693534174e-06
            0.133287   0.0013018960725967 1.81040912256301e-05 7.30193602689339e-07  1.8804474567976e-05 1.03160187809537e-06
            0.136791  0.00133608332224885  1.5187960668549e-05   6.527915072512e-07 1.49926112675713e-05 9.29654709040423e-07
            0.140295  0.00137026757298047 1.25403961368146e-05  5.8568188427691e-07 1.17953287883594e-05 8.40000272355761e-07
            0.143798  0.00140443899299659 8.64254069648613e-06 5.27896969537806e-07 9.14508842287077e-06 7.60922723576517e-07
            0.147302  0.00143861701473919 6.48078681432938e-06 4.78455197817209e-07 6.97450952113338e-06 6.90920101392181e-07
            0.150805  0.00147278205283279 5.18976691034946e-06 4.36389525737721e-07 5.21694356272079e-06 6.28702950798917e-07
            0.153432  0.00149840122771363 4.38050023945238e-06 4.09300606902536e-07 4.14641243196787e-06 5.86752459802939e-07
             0.15781  0.00154109238113463 3.27765668127161e-06 3.71344523754233e-07 2.75044548677851e-06 5.24403157683515e-07
            0.162187   0.0015837683784041 1.30532915485428e-06 3.40741901318725e-07 1.74012236711721e-06 4.69945896209481e-07
            0.166564  0.00162643882017072 1.27955473221974e-06 3.16138231675281e-07  1.0418887495009e-06 4.22378963710829e-07
            0.170941  0.00166910355507407 2.87398513681706e-07 2.96180377878463e-07 5.81696014626151e-07 3.80682317340529e-07
            0.175317  0.00171175268617424 6.71239624322423e-07  2.7972334939359e-07 2.97350624928345e-07 3.44015400844288e-07
            0.179693  0.00175439581012229 -4.11141403362392e-08 2.65833978821186e-07 1.37731350123803e-07 3.11659779343761e-07
            0.184068  0.00179702303265721 -7.90407341171782e-08 2.53798202299118e-07 6.21810780115038e-08 2.83027165971765e-07
            0.188442  0.00183963420642077 -7.77829264763772e-08   2.430861206716e-07 3.92676785562373e-08 2.57614713948822e-07
            0.192816  0.00188223892383246 3.02744522774054e-07 2.33321101639058e-07 4.56560555010515e-08 2.34992094335409e-07
            0.197189  0.00192482729493714 8.71769598065784e-08 2.24252374189374e-07 6.48531684725696e-08 2.14803996588847e-07
            0.201562   0.0019674089091114 3.82277112360793e-07 2.15714861326062e-07 8.59756527309637e-08 1.96738464795996e-07
            0.205934  0.00200997387939359 -5.65558665091187e-09 2.07611342615293e-07 1.02566162990175e-07  1.8053666992336e-07
            0.210305  0.00205252205858789 5.44595453939048e-08 1.99885547266558e-07 1.11535963333916e-07 1.65972374796133e-07
            0.214676  0.00209506303127677 2.10936689395119e-07 1.92506833052201e-07 1.12208688506533e-07 1.52847844483461e-07
            0.219046  0.00213758691527694 -1.72868662722548e-07 1.85463801500383e-07 1.05507294599081e-07 1.40998152278359e-07
            0.223416  0.00218010329175235 1.56226021779911e-07 1.78749508544899e-07 9.32898866836862e-08 1.30275048309226e-07
            0.227785  0.00222260228182847 -8.67207647609253e-08 1.72362588838867e-07 7.78327170568639e-08 1.20554490177417e-07
            0.232153  0.00226508373839712 4.63737845850106e-08  1.6629918688828e-07 6.14350973823705e-08 1.11725953457274e-07
             0.23652  0.00230754751440005 1.72248622889903e-07 1.60552855474477e-07 4.61528020124565e-08 1.03692882190772e-07
            0.240887  0.00235000318381663  1.5168560722579e-07 1.55112673340414e-07 3.36331878889566e-08 9.63693484989366e-08
            0.245253  0.00239244087487268 2.27220188111567e-08 1.49967020224079e-07 2.50405720922504e-08  8.9682465163671e-08
            0.249618  0.00243486044053831 -2.67586757384785e-08    1.45100227927e-07 2.10391411167233e-08 8.35690053787884e-08
            0.253982  0.00247726173382167 1.38988548259411e-07 1.40492756485004e-07 2.15670224056863e-08 7.82224135136409e-08
            0.258346  0.00251965432091536 -1.27816413563266e-07 1.36106916769059e-07  2.3750239001927e-08 7.50944223691513e-08
