#     thickness (A)        interface (A)       rho (1e-6/A^2)      irho (1e-6/A^2)
                   0     6.76691638038123                2.069                    0
    15.7537468923703     6.76691638038123     3.46238322065211                    0
    109.609159240935                    0     3.98520262350796                    0
                   1                    0     3.98520262350132                    0
                 0.5                    0     3.98294895710461                    0
                 0.5                    0     3.98062565307862                    0
                 0.5                    0     3.97741934783368                    0
                 0.5                    0      3.9732365658017                    0
                 0.5                    0     3.96796004123028                    0
                 0.5                    0     3.96144859252761                    0
                 0.5                    0     3.95353712075345                    0
                 0.5                    0     3.94403680602922                    0
                 0.5                    0     3.93273558143849                    0
                 0.5                    0     3.91939896671433                    0
                 0.5                    0     3.90377134323817                    0
                 0.5                    0     3.88557774724103                    0
                 0.5                    0     3.86452624933051                    0
                 0.5                    0     3.84031097542034                    0
                 0.5                    0     3.81261580683147                    0
                 0.5                    0      3.7811187759723                    0
                 0.5                    0     3.74549714901727                    0
                 0.5                    0     3.70543315904329                    0
                 0.5                    0     3.66062032304045                    0
                 0.5                    0     3.61077024519637                    0
                 0.5                    0     3.55561977815757                    0
                 0.5                    0     3.49493838504105                    0
                 0.5                    0      3.4285355193275                    0
                 0.5                    0     3.35626781894991                    0
                 0.5                    0     3.27804589635568                    0
                 0.5                    0     3.19384049936299                    0
                 0.5                    0     3.10368781929453                    0
                 0.5                    0     3.00769373386242                    0
                 0.5                    0     2.90603679289854                    0
                 0.5                    0     2.79896978511761                    0
                 0.5                    0     2.68681976301963                    0
                 0.5                    0     2.56998644964075                    0
                 0.5                    0     2.44893900353056                    0
                 0.5                    0     2.32421117502503                    0
                 0.5                    0     2.19639494520539                    0
                 0.5                    0     2.06613279623369                    0
                 0.5                    0     1.93410881525138                    0
                 0.5                    0      1.8010388809246                    0
                 0.5                    0     1.66766021935801                    0
                 0.5                    0     1.53472064209351                    0
                 0.5                    0     1.40296779129055                    0
                 0.5                    0     1.27313871453503                    0
                 0.5                    0     1.14595007330007                    0
                 0.5                    0     1.02208925492303                    0
                 0.5                    0    0.902206608972944                    0
                 0.5                    0    0.786908966882942                    0
                 0.5                    0    0.676754531466517                    0
                 0.5                    0    0.572249144077332                    0
                 0.5                    0    0.473843856161361                    0
                 0.5                    0     0.38193365387922                    0
                 0.5                    0     0.29685711483243                    0
                 0.5                    0    0.218896720276432                    0
                 0.5                    0    0.148279509799904                    0
                 0.5                    0   0.0851777527934988                    0
                 0.5                    0   0.0297093253930037                    0
                 0.5                    0  -0.0180624754539331                    0
                 0.5                    0  -0.0581298780844163                    0
                 0.5                    0  -0.0905424433777551                    0
                 0.5                    0   -0.115409718017737                    0
                 0.5                    0   -0.132904590335491                    0
                 0.5                    0   -0.143267074716655                    0
                 0.5                    0   -0.146808128871167                    0
                 0.5                    0   -0.143913007318562                    0
                 0.5                    0    -0.13504358565083                    0
                 0.5                    0   -0.120739063371874                    0
                 0.5                    0   -0.101614475590444                    0
                 0.5                    0  -0.0783565191241639                    0
                 0.5                    0  -0.0517163258257343                    0
                 0.5                    0  -0.0224989895685397                    0
                 0.5                    0  0.00845013697869449                    0
                 0.5                    0   0.0402621283644449                    0
                 0.5                    0   0.0720636724411907                    0
                 0.5                    0    0.102998053858452                    0
                 0.5                    0    0.132247047024589                    0
                 0.5                    0    0.159052697568522                    0
                 0.5                    0    0.182737904537671                    0
                 0.5                    0    0.202724723955553                    0
                 0.5                    0    0.218549400754169                    0
                 0.5                    0    0.229873296682951                    0
                 0.5                    0    0.236489106262388                    0
                 0.5                    0    0.238322025145557                    0
                 0.5                    0    0.235425834937014                    0
                 0.5                    0    0.227974172570796                    0
                 0.5                    0    0.216247537225574                    0
                 0.5                    0    0.200616831525747                    0
                 0.5                    0    0.181524418098057                    0
                 0.5                    0    0.159463784279654                    0
                 0.5                    0    0.134958940060111                    0
                 0.5                    0    0.108544627121279                    0
                 0.5                    0     0.08074829666031                    0
                 0.5                    0   0.0520746329125697                    0
                 0.5                    0   0.0229931748255662                    0
                 0.5                    0 -0.00607066008147917                    0
                 0.5                    0  -0.0347410972650393                    0
                 0.5                    0  -0.0626942546663264                    0
                 0.5                    0  -0.0896575037014822                    0
                 0.5                    0   -0.115406478784248                    0
                 0.5                    0   -0.139760369909332                    0
                 0.5                    0   -0.162576170867032                    0
                 0.5                    0   -0.183742536064009                    0
                 0.5                    0   -0.203173828148246                    0
                 0.5                    0    -0.22080482691128                    0
                 0.5                    0   -0.236586430135484                    0
                 0.5                    0   -0.250482523394058                    0
                 0.5                    0   -0.262468042592148                    0
                 0.5                    0   -0.272528113439553                    0
                 0.5                    0   -0.280658037141683                    0
                 0.5                    0   -0.286863809620414                    0
                 0.5                    0   -0.291162817491533                    0
                 0.5                    0   -0.293584349386269                    0
                 0.5                    0   -0.294169594311971                    0
                 0.5                    0   -0.292970865035748                    0
                 0.5                    0   -0.290049877081443                    0
                 0.5                    0   -0.285475024371949                    0
                 0.5                    0   -0.279317711443258                    0
                 0.5                    0   -0.271647919919831                    0
                 0.5                    0   -0.262529294411037                    0
                 0.5                    0   -0.252014121943013                    0
                 0.5                    0   -0.240138642589669                    0
                 0.5                    0   -0.226919161827853                    0
                 0.5                    0   -0.212349433810172                    0
                 0.5                    0   -0.196399747592835                    0
                 0.5                    0     -0.1790180756638                    0
                 0.5                    0   -0.160133538119098                    0
                 0.5                    0   -0.139662300711291                    0
                 0.5                    0   -0.117515866855894                    0
                 0.5                    0  -0.0936115505136283                    0
                 0.5                    0  -0.0678847383829057                    0
                 0.5                    0  -0.0403023772112749                    0
                 0.5                    0  -0.0108769674615202                    0
                 0.5                    0   0.0203197793691705                    0
                 0.5                    0   0.0531445436366179                    0
                 0.5                    0   0.0873722121696397                    0
                 0.5                    0    0.122688822126728                    0
                 0.5                    0    0.158688451277903                    0
                 0.5                    0    0.194874705214062                    0
                 0.5                    0    0.230667224043622                    0
                 0.5                    0    0.265413352501581                    0
                 0.5                    0    0.298404803841647                    0
                 0.5                    0    0.328898819595531                    0
                 0.5                    0    0.356143007538425                    0
                 0.5                    0    0.379402753569538                    0
                 0.5                    0    0.397989873480455                    0
                 0.5                    0    0.411291018521366                    0
                 0.5                    0    0.418794289982395                    0
                 0.5                    0    0.420112561568074                    0
                 0.5                    0    0.415002155064916                    0
                 0.5                    0    0.403375757172924                    0
                 0.5                    0    0.385308787820408                    0
                 0.5                    0    0.361038810333522                    0
                 0.5                    0    0.330957983966852                    0
                 0.5                    0    0.295598969329276                    0
                 0.5                    0    0.255615076960348                    0
                 0.5                    0    0.211755771184246                    0
                 0.5                    0      0.1648388829063                    0
                 0.5                    0    0.115721030684447                    0
                 0.5                    0   0.0652677918071736                    0
                 0.5                    0   0.0143251053725889                    0
                 0.5                    0  -0.0363067632782832                    0
                 0.5                    0  -0.0858955968113353                    0
                 0.5                    0   -0.133795123698143                    0
                 0.5                    0    -0.17945794038583                    0
                 0.5                    0   -0.222443280736467                    0
                 0.5                    0   -0.262419760332579                    0
                 0.5                    0   -0.299163490475167                    0
                 0.5                    0   -0.332552171202389                    0
                 0.5                    0   -0.362555924845884                    0
                 0.5                    0   -0.389225717843201                    0
                 0.5                    0   -0.412680240637427                    0
                 0.5                    0   -0.433092080174455                    0
                 0.5                    0   -0.450673937007977                    0
                 0.5                    0     -0.4656655218482                    0
                 0.5                    0   -0.478321627925933                    0
                 0.5                    0   -0.488901728787616                    0
                 0.5                    0   -0.497661307660601                    0
                 0.5                    0    -0.50484499372729                    0
                 0.5                    0   -0.510681469312808                    0
                 0.5                    0   -0.515380024193717                    0
                 0.5                    0   -0.519128570476438                    0
                 0.5                    0   -0.522092893066937                    0
                 0.5                    0   -0.524416894236506                    0
                 0.5                    0   -0.526223592598209                    0
                 0.5                    0   -0.527616652743882                    0
                 0.5                    0   -0.528682247520033                    0
                 0.5                    0   -0.529491086369729                    0
                 0.5                    0   -0.530100476802369                    0
                 0.5                    0   -0.530556319043128                    0
                55.5                    0   -0.531798694769782                    0
                   0                    0   -0.531798694769782                    0
