# z rho mu
-10 0 0
0 0 0
0 2.03463e-10 2.43303e-08
0 2.03463e-10 2.43303e-08
0 2.36176e-10 2.82421e-08
0 2.36176e-10 2.82421e-08
0 2.6565e-10 3.17666e-08
0 2.6565e-10 3.17666e-08
0 2.90602e-10 3.47504e-08
0 2.90602e-10 3.47504e-08
0 3.10163e-10 3.70895e-08
0 3.10163e-10 3.70895e-08
0 3.24009e-10 3.87453e-08
0 3.24009e-10 3.87453e-08
0 3.32479e-10 3.97581e-08
0 3.32479e-10 3.97581e-08
0 3.36599e-10 4.02507e-08
0 3.36599e-10 4.02507e-08
0 3.37937e-10 4.04108e-08
0 3.37937e-10 4.04108e-08
0 3.38125e-10 4.04332e-08
0 3.38125e-10 4.04332e-08
0 3.38128e-10 4.04336e-08
0.5 3.38128e-10 4.04336e-08
0.5 3.67921e-10 4.04336e-08
1 3.67921e-10 4.04336e-08
1 4.61361e-10 4.04336e-08
1.5 4.61361e-10 4.04336e-08
1.5 6.31006e-10 4.04336e-08
2 6.31006e-10 4.04336e-08
2 8.99037e-10 4.04336e-08
2.5 8.99037e-10 4.04336e-08
2.5 1.29919e-09 4.04336e-08
3 1.29919e-09 4.04336e-08
3 1.87953e-09 4.04336e-08
3.5 1.87953e-09 4.04336e-08
3.5 2.70617e-09 4.04336e-08
4 2.70617e-09 4.04336e-08
4 3.868e-09 4.04336e-08
4.5 3.868e-09 4.04336e-08
4.5 5.4825e-09 4.04336e-08
5 5.4825e-09 4.04336e-08
5 7.70264e-09 4.04336e-08
5.5 7.70264e-09 4.04336e-08
5.5 1.0725e-08 4.04336e-08
6 1.0725e-08 4.04336e-08
6 1.47991e-08 4.04336e-08
6.5 1.47991e-08 4.04336e-08
6.5 2.62228e-08 4.04741e-08
7 2.62228e-08 4.04741e-08
7 2.98386e-08 4.04499e-08
7.5 2.98386e-08 4.04499e-08
7.5 3.77525e-08 4.04398e-08
8 3.77525e-08 4.04398e-08
8 4.93627e-08 4.04358e-08
8.5 4.93627e-08 4.04358e-08
8.5 6.48065e-08 4.04343e-08
9 6.48065e-08 4.04343e-08
9 8.46442e-08 4.04338e-08
9.5 8.46442e-08 4.04338e-08
9.5 1.09695e-07 4.04336e-08
10 1.09695e-07 4.04336e-08
10 1.40959e-07 4.04336e-08
10.5 1.40959e-07 4.04336e-08
10.5 1.7958e-07 4.04336e-08
11 1.7958e-07 4.04336e-08
11 2.26826e-07 4.04336e-08
11.5 2.26826e-07 4.04336e-08
11.5 2.84066e-07 4.04336e-08
12 2.84066e-07 4.04336e-08
12 3.52748e-07 4.04336e-08
12.5 3.52748e-07 4.04336e-08
12.5 4.3437e-07 4.04336e-08
13 4.3437e-07 4.04336e-08
13 5.30442e-07 4.04336e-08
13.5 5.30442e-07 4.04336e-08
13.5 6.42441e-07 4.04336e-08
14 6.42441e-07 4.04336e-08
14 7.71761e-07 4.04336e-08
14.5 7.71761e-07 4.04336e-08
14.5 9.19657e-07 4.04336e-08
15 9.19657e-07 4.04336e-08
15 1.08718e-06 4.04336e-08
15.5 1.08718e-06 4.04336e-08
15.5 1.27514e-06 4.04336e-08
16 1.27514e-06 4.04336e-08
16 1.48401e-06 4.04336e-08
16.5 1.48401e-06 4.04336e-08
16.5 1.71392e-06 4.04336e-08
17 1.71392e-06 4.04336e-08
17 1.96458e-06 4.04336e-08
17.5 1.96458e-06 4.04336e-08
17.5 2.23527e-06 4.04337e-08
18 2.23527e-06 4.04337e-08
18 2.52482e-06 4.04337e-08
18.5 2.52482e-06 4.04337e-08
18.5 2.8316e-06 4.04338e-08
19 2.8316e-06 4.04338e-08
19 3.15358e-06 4.04339e-08
19.5 3.15358e-06 4.04339e-08
19.5 3.48832e-06 4.04341e-08
20 3.48832e-06 4.04341e-08
20 3.83303e-06 4.04344e-08
20.5 3.83303e-06 4.04344e-08
20.5 4.18467e-06 4.04348e-08
21 4.18467e-06 4.04348e-08
21 4.54003e-06 4.04354e-08
21.5 4.54003e-06 4.04354e-08
21.5 4.89578e-06 4.04362e-08
22 4.89578e-06 4.04362e-08
22 5.24864e-06 4.04374e-08
22.5 5.24864e-06 4.04374e-08
22.5 5.59539e-06 4.04392e-08
23 5.59539e-06 4.04392e-08
23 5.93305e-06 4.04415e-08
23.5 5.93305e-06 4.04415e-08
23.5 6.25893e-06 4.04448e-08
24 6.25893e-06 4.04448e-08
24 6.5707e-06 4.04494e-08
24.5 6.5707e-06 4.04494e-08
24.5 6.86648e-06 4.04555e-08
25 6.86648e-06 4.04555e-08
25 7.14486e-06 4.04637e-08
25.5 7.14486e-06 4.04637e-08
25.5 7.40496e-06 4.04747e-08
26 7.40496e-06 4.04747e-08
26 7.64641e-06 4.04891e-08
26.5 7.64641e-06 4.04891e-08
26.5 7.86938e-06 4.05079e-08
27 7.86938e-06 4.05079e-08
27 8.07455e-06 4.05322e-08
27.5 8.07455e-06 4.05322e-08
27.5 8.26304e-06 4.05634e-08
28 8.26304e-06 4.05634e-08
28 8.43642e-06 4.06029e-08
28.5 8.43642e-06 4.06029e-08
28.5 8.59661e-06 4.06527e-08
29 8.59661e-06 4.06527e-08
29 8.74585e-06 4.07147e-08
29.5 8.74585e-06 4.07147e-08
29.5 8.88658e-06 4.07914e-08
30 8.88658e-06 4.07914e-08
30 9.02142e-06 4.08854e-08
30.5 9.02142e-06 4.08854e-08
30.5 9.15305e-06 4.09996e-08
31 9.15305e-06 4.09996e-08
31 9.28414e-06 4.11374e-08
31.5 9.28414e-06 4.11374e-08
31.5 9.41727e-06 4.13022e-08
32 9.41727e-06 4.13022e-08
32 9.55485e-06 4.14981e-08
32.5 9.55485e-06 4.14981e-08
32.5 9.69903e-06 4.1729e-08
33 9.69903e-06 4.1729e-08
33 9.85164e-06 4.19995e-08
33.5 9.85164e-06 4.19995e-08
33.5 1.00141e-05 4.23144e-08
34 1.00141e-05 4.23144e-08
34 1.01874e-05 4.26785e-08
34.5 1.01874e-05 4.26785e-08
34.5 1.03719e-05 4.30972e-08
35 1.03719e-05 4.30972e-08
35 1.05676e-05 4.35761e-08
35.5 1.05676e-05 4.35761e-08
35.5 1.07737e-05 4.41208e-08
36 1.07737e-05 4.41208e-08
36 1.0989e-05 4.47376e-08
36.5 1.0989e-05 4.47376e-08
36.5 1.12117e-05 4.54324e-08
37 1.12117e-05 4.54324e-08
37 1.14393e-05 4.62118e-08
37.5 1.14393e-05 4.62118e-08
37.5 1.1669e-05 4.70822e-08
38 1.1669e-05 4.70822e-08
38 1.18976e-05 4.80499e-08
38.5 1.18976e-05 4.80499e-08
38.5 1.21215e-05 4.9121e-08
39 1.21215e-05 4.9121e-08
39 1.23371e-05 5.03015e-08
39.5 1.23371e-05 5.03015e-08
39.5 1.25415e-05 5.15519e-08
40 1.25415e-05 5.15519e-08
40 1.27351e-05 5.27277e-08
40.5 1.27351e-05 5.27277e-08
40.5 1.29142e-05 5.38301e-08
41 1.29142e-05 5.38301e-08
41 1.30756e-05 5.48719e-08
41.5 1.30756e-05 5.48719e-08
41.5 1.32162e-05 5.58639e-08
42 1.32162e-05 5.58639e-08
42 1.33336e-05 5.68151e-08
42.5 1.33336e-05 5.68151e-08
42.5 1.3426e-05 5.77322e-08
43 1.3426e-05 5.77322e-08
43 1.34923e-05 5.86191e-08
43.5 1.34923e-05 5.86191e-08
43.5 1.35322e-05 5.94775e-08
44 1.35322e-05 5.94775e-08
44 1.3546e-05 6.03062e-08
44.5 1.3546e-05 6.03062e-08
44.5 1.35348e-05 6.11018e-08
45 1.35348e-05 6.11018e-08
45 1.35003e-05 6.18582e-08
45.5 1.35003e-05 6.18582e-08
45.5 1.34446e-05 6.25678e-08
46 1.34446e-05 6.25678e-08
46 1.33705e-05 6.32213e-08
46.5 1.33705e-05 6.32213e-08
46.5 1.32811e-05 6.38084e-08
47 1.32811e-05 6.38084e-08
47 1.31794e-05 6.43185e-08
47.5 1.31794e-05 6.43185e-08
47.5 1.30689e-05 6.47412e-08
48 1.30689e-05 6.47412e-08
48 1.29528e-05 6.50669e-08
48.5 1.29528e-05 6.50669e-08
48.5 1.28343e-05 6.52876e-08
49 1.28343e-05 6.52876e-08
49 1.27163e-05 6.53973e-08
49.5 1.27163e-05 6.53973e-08
49.5 1.26013e-05 6.53923e-08
50 1.26013e-05 6.53923e-08
50 1.24916e-05 6.52717e-08
50.5 1.24916e-05 6.52717e-08
50.5 1.2389e-05 6.50378e-08
51 1.2389e-05 6.50378e-08
51 1.22949e-05 6.46958e-08
51.5 1.22949e-05 6.46958e-08
51.5 1.22101e-05 6.42539e-08
52 1.22101e-05 6.42539e-08
52 1.21351e-05 6.37234e-08
52.5 1.21351e-05 6.37234e-08
52.5 1.20702e-05 6.31182e-08
53 1.20702e-05 6.31182e-08
53 1.2015e-05 6.24545e-08
53.5 1.2015e-05 6.24545e-08
53.5 1.19691e-05 6.17504e-08
54 1.19691e-05 6.17504e-08
54 1.19317e-05 6.10256e-08
54.5 1.19317e-05 6.10256e-08
54.5 1.19018e-05 6.03009e-08
55 1.19018e-05 6.03009e-08
55 1.18783e-05 5.95978e-08
55.5 1.18783e-05 5.95978e-08
55.5 1.18601e-05 5.89381e-08
56 1.18601e-05 5.89381e-08
56 1.1846e-05 5.83437e-08
56.5 1.1846e-05 5.83437e-08
56.5 1.18347e-05 5.7836e-08
57 1.18347e-05 5.7836e-08
57 1.1825e-05 5.7436e-08
57.5 1.1825e-05 5.7436e-08
57.5 1.18158e-05 5.71639e-08
58 1.18158e-05 5.71639e-08
58 1.1806e-05 5.70392e-08
58.5 1.1806e-05 5.70392e-08
58.5 1.17948e-05 5.70719e-08
59 1.17948e-05 5.70719e-08
59 1.17842e-05 5.71684e-08
59.5 1.17842e-05 5.71684e-08
59.5 1.17744e-05 5.73011e-08
60 1.17744e-05 5.73011e-08
60 1.17651e-05 5.7473e-08
60.5 1.17651e-05 5.7473e-08
60.5 1.17559e-05 5.76864e-08
61 1.17559e-05 5.76864e-08
61 1.17465e-05 5.79429e-08
61.5 1.17465e-05 5.79429e-08
61.5 1.17294e-05 5.83151e-08
62 1.17294e-05 5.83151e-08
62 1.1721e-05 5.86393e-08
62.5 1.1721e-05 5.86393e-08
62.5 1.17113e-05 5.90135e-08
63 1.17113e-05 5.90135e-08
63 1.17003e-05 5.94356e-08
63.5 1.17003e-05 5.94356e-08
63.5 1.16882e-05 5.9904e-08
64 1.16882e-05 5.9904e-08
64 1.16749e-05 6.04169e-08
64.5 1.16749e-05 6.04169e-08
64.5 1.16605e-05 6.09722e-08
65 1.16605e-05 6.09722e-08
65 1.16451e-05 6.15684e-08
65.5 1.16451e-05 6.15684e-08
65.5 1.16286e-05 6.22035e-08
66 1.16286e-05 6.22035e-08
66 1.16112e-05 6.28756e-08
66.5 1.16112e-05 6.28756e-08
66.5 1.15929e-05 6.35831e-08
67 1.15929e-05 6.35831e-08
67 1.15737e-05 6.4324e-08
67.5 1.15737e-05 6.4324e-08
67.5 1.15537e-05 6.50966e-08
68 1.15537e-05 6.50966e-08
68 1.15329e-05 6.58989e-08
68.5 1.15329e-05 6.58989e-08
68.5 1.15114e-05 6.67293e-08
69 1.15114e-05 6.67293e-08
69 1.14892e-05 6.75858e-08
69.5 1.14892e-05 6.75858e-08
69.5 1.14663e-05 6.84666e-08
70 1.14663e-05 6.84666e-08
70 1.14429e-05 6.937e-08
70.5 1.14429e-05 6.937e-08
70.5 1.1419e-05 7.0294e-08
71 1.1419e-05 7.0294e-08
71 1.13946e-05 7.12369e-08
71.5 1.13946e-05 7.12369e-08
71.5 1.13697e-05 7.21969e-08
72 1.13697e-05 7.21969e-08
72 1.13444e-05 7.3172e-08
72.5 1.13444e-05 7.3172e-08
72.5 1.13188e-05 7.41606e-08
73 1.13188e-05 7.41606e-08
73 1.12929e-05 7.51607e-08
73.5 1.12929e-05 7.51607e-08
73.5 1.12667e-05 7.61705e-08
74 1.12667e-05 7.61705e-08
74 1.12403e-05 7.71883e-08
74.5 1.12403e-05 7.71883e-08
74.5 1.12138e-05 7.82121e-08
75 1.12138e-05 7.82121e-08
75 1.11872e-05 7.92403e-08
75.5 1.11872e-05 7.92403e-08
75.5 1.11605e-05 8.02708e-08
76 1.11605e-05 8.02708e-08
76 1.11338e-05 8.1302e-08
76.5 1.11338e-05 8.1302e-08
76.5 1.11071e-05 8.2332e-08
77 1.11071e-05 8.2332e-08
77 1.10805e-05 8.33589e-08
77.5 1.10805e-05 8.33589e-08
77.5 1.1054e-05 8.4381e-08
78 1.1054e-05 8.4381e-08
78 1.10277e-05 8.53964e-08
78.5 1.10277e-05 8.53964e-08
78.5 1.10016e-05 8.64033e-08
79 1.10016e-05 8.64033e-08
79 1.09758e-05 8.73999e-08
79.5 1.09758e-05 8.73999e-08
79.5 1.09502e-05 8.83843e-08
80 1.09502e-05 8.83843e-08
80 1.09251e-05 8.93548e-08
80.5 1.09251e-05 8.93548e-08
80.5 1.09004e-05 9.03094e-08
81 1.09004e-05 9.03094e-08
81 1.08761e-05 9.12464e-08
81.5 1.08761e-05 9.12464e-08
81.5 1.08523e-05 9.2164e-08
82 1.08523e-05 9.2164e-08
82 1.08291e-05 9.30603e-08
82.5 1.08291e-05 9.30603e-08
82.5 1.08065e-05 9.39335e-08
83 1.08065e-05 9.39335e-08
83 1.07845e-05 9.47818e-08
83.5 1.07845e-05 9.47818e-08
83.5 1.07632e-05 9.56033e-08
84 1.07632e-05 9.56033e-08
84 1.07426e-05 9.63962e-08
84.5 1.07426e-05 9.63962e-08
84.5 1.07229e-05 9.71588e-08
85 1.07229e-05 9.71588e-08
85 1.0704e-05 9.78891e-08
85.5 1.0704e-05 9.78891e-08
85.5 1.06859e-05 9.85854e-08
86 1.06859e-05 9.85854e-08
86 1.06688e-05 9.92458e-08
86.5 1.06688e-05 9.92458e-08
86.5 1.06527e-05 9.98685e-08
87 1.06527e-05 9.98685e-08
87 1.06376e-05 1.00452e-07
87.5 1.06376e-05 1.00452e-07
87.5 1.06235e-05 1.00994e-07
88 1.06235e-05 1.00994e-07
88 1.06106e-05 1.01492e-07
88.5 1.06106e-05 1.01492e-07
88.5 1.05988e-05 1.01946e-07
89 1.05988e-05 1.01946e-07
89 1.05883e-05 1.02353e-07
89.5 1.05883e-05 1.02353e-07
89.5 1.0579e-05 1.02711e-07
90 1.0579e-05 1.02711e-07
90 1.0571e-05 1.03019e-07
90.5 1.0571e-05 1.03019e-07
90.5 1.05644e-05 1.03274e-07
91 1.05644e-05 1.03274e-07
91 1.05592e-05 1.03476e-07
91.5 1.05592e-05 1.03476e-07
91.5 1.05554e-05 1.03621e-07
92 1.05554e-05 1.03621e-07
92 1.05532e-05 1.03709e-07
92.5 1.05532e-05 1.03709e-07
92.5 1.05523e-05 1.03742e-07
93 1.05523e-05 1.03742e-07
93 1.05527e-05 1.03726e-07
93.5 1.05527e-05 1.03726e-07
93.5 1.05544e-05 1.0366e-07
94 1.05544e-05 1.0366e-07
94 1.05573e-05 1.03548e-07
94.5 1.05573e-05 1.03548e-07
94.5 1.05614e-05 1.0339e-07
95 1.05614e-05 1.0339e-07
95 1.05666e-05 1.03188e-07
95.5 1.05666e-05 1.03188e-07
95.5 1.0573e-05 1.02944e-07
96 1.0573e-05 1.02944e-07
96 1.05804e-05 1.02658e-07
96.5 1.05804e-05 1.02658e-07
96.5 1.05888e-05 1.02333e-07
97 1.05888e-05 1.02333e-07
97 1.05982e-05 1.01969e-07
97.5 1.05982e-05 1.01969e-07
97.5 1.06086e-05 1.01569e-07
98 1.06086e-05 1.01569e-07
98 1.06199e-05 1.01133e-07
98.5 1.06199e-05 1.01133e-07
98.5 1.06321e-05 1.00663e-07
99 1.06321e-05 1.00663e-07
99 1.06451e-05 1.00162e-07
99.5 1.06451e-05 1.00162e-07
99.5 1.06589e-05 9.96292e-08
100 1.06589e-05 9.96292e-08
100 1.06734e-05 9.90673e-08
100.5 1.06734e-05 9.90673e-08
100.5 1.06887e-05 9.84775e-08
101 1.06887e-05 9.84775e-08
101 1.07047e-05 9.78613e-08
101.5 1.07047e-05 9.78613e-08
101.5 1.07213e-05 9.72202e-08
102 1.07213e-05 9.72202e-08
102 1.07385e-05 9.65557e-08
102.5 1.07385e-05 9.65557e-08
102.5 1.07563e-05 9.58692e-08
103 1.07563e-05 9.58692e-08
103 1.07746e-05 9.51622e-08
103.5 1.07746e-05 9.51622e-08
103.5 1.07934e-05 9.44362e-08
104 1.07934e-05 9.44362e-08
104 1.08127e-05 9.36927e-08
104.5 1.08127e-05 9.36927e-08
104.5 1.08324e-05 9.29331e-08
105 1.08324e-05 9.29331e-08
105 1.08524e-05 9.21589e-08
105.5 1.08524e-05 9.21589e-08
105.5 1.08728e-05 9.13717e-08
106 1.08728e-05 9.13717e-08
106 1.08935e-05 9.05728e-08
106.5 1.08935e-05 9.05728e-08
106.5 1.09145e-05 8.97638e-08
107 1.09145e-05 8.97638e-08
107 1.09357e-05 8.89461e-08
107.5 1.09357e-05 8.89461e-08
107.5 1.09571e-05 8.81212e-08
108 1.09571e-05 8.81212e-08
108 1.09786e-05 8.72906e-08
108.5 1.09786e-05 8.72906e-08
108.5 1.10002e-05 8.64557e-08
109 1.10002e-05 8.64557e-08
109 1.10219e-05 8.56181e-08
109.5 1.10219e-05 8.56181e-08
109.5 1.10437e-05 8.47792e-08
110 1.10437e-05 8.47792e-08
110 1.10654e-05 8.39405e-08
110.5 1.10654e-05 8.39405e-08
110.5 1.10871e-05 8.31035e-08
111 1.10871e-05 8.31035e-08
111 1.11087e-05 8.22696e-08
111.5 1.11087e-05 8.22696e-08
111.5 1.11302e-05 8.14404e-08
112 1.11302e-05 8.14404e-08
112 1.11515e-05 8.06172e-08
112.5 1.11515e-05 8.06172e-08
112.5 1.11726e-05 7.98016e-08
113 1.11726e-05 7.98016e-08
113 1.11935e-05 7.89951e-08
113.5 1.11935e-05 7.89951e-08
113.5 1.12142e-05 7.81991e-08
114 1.12142e-05 7.81991e-08
114 1.12345e-05 7.74152e-08
114.5 1.12345e-05 7.74152e-08
114.5 1.12544e-05 7.66447e-08
115 1.12544e-05 7.66447e-08
115 1.1274e-05 7.58892e-08
115.5 1.1274e-05 7.58892e-08
115.5 1.12932e-05 7.51501e-08
116 1.12932e-05 7.51501e-08
116 1.13118e-05 7.44289e-08
116.5 1.13118e-05 7.44289e-08
116.5 1.133e-05 7.37271e-08
117 1.133e-05 7.37271e-08
117 1.13477e-05 7.30462e-08
117.5 1.13477e-05 7.30462e-08
117.5 1.13647e-05 7.23877e-08
118 1.13647e-05 7.23877e-08
118 1.13812e-05 7.1753e-08
118.5 1.13812e-05 7.1753e-08
118.5 1.1397e-05 7.11436e-08
119 1.1397e-05 7.11436e-08
119 1.14121e-05 7.05609e-08
119.5 1.14121e-05 7.05609e-08
119.5 1.14264e-05 7.00065e-08
120 1.14264e-05 7.00065e-08
120 1.144e-05 6.94819e-08
120.5 1.144e-05 6.94819e-08
120.5 1.14528e-05 6.89885e-08
121 1.14528e-05 6.89885e-08
121 1.14648e-05 6.85277e-08
121.5 1.14648e-05 6.85277e-08
121.5 1.14758e-05 6.81011e-08
122 1.14758e-05 6.81011e-08
122 1.14859e-05 6.77102e-08
122.5 1.14859e-05 6.77102e-08
122.5 1.14951e-05 6.73564e-08
123 1.14951e-05 6.73564e-08
123 1.15033e-05 6.70412e-08
123.5 1.15033e-05 6.70412e-08
123.5 1.15104e-05 6.6766e-08
124 1.15104e-05 6.6766e-08
124 1.15165e-05 6.65325e-08
124.5 1.15165e-05 6.65325e-08
124.5 1.15214e-05 6.63419e-08
125 1.15214e-05 6.63419e-08
125 1.15252e-05 6.61959e-08
125.5 1.15252e-05 6.61959e-08
125.5 1.15278e-05 6.60959e-08
126 1.15278e-05 6.60959e-08
126 1.15287e-05 6.60611e-08
126.5 1.15287e-05 6.60611e-08
126.5 1.15276e-05 6.61015e-08
127 1.15276e-05 6.61015e-08
127 1.15247e-05 6.62139e-08
127.5 1.15247e-05 6.62139e-08
127.5 1.152e-05 6.63953e-08
128 1.152e-05 6.63953e-08
128 1.15136e-05 6.66425e-08
128.5 1.15136e-05 6.66425e-08
128.5 1.15056e-05 6.69524e-08
129 1.15056e-05 6.69524e-08
129 1.1496e-05 6.73217e-08
129.5 1.1496e-05 6.73217e-08
129.5 1.1485e-05 6.77474e-08
130 1.1485e-05 6.77474e-08
130 1.14726e-05 6.82262e-08
130.5 1.14726e-05 6.82262e-08
130.5 1.14589e-05 6.87551e-08
131 1.14589e-05 6.87551e-08
131 1.14439e-05 6.93309e-08
131.5 1.14439e-05 6.93309e-08
131.5 1.14279e-05 6.99504e-08
132 1.14279e-05 6.99504e-08
132 1.14108e-05 7.06105e-08
132.5 1.14108e-05 7.06105e-08
132.5 1.13927e-05 7.1308e-08
133 1.13927e-05 7.1308e-08
133 1.13738e-05 7.20399e-08
133.5 1.13738e-05 7.20399e-08
133.5 1.1354e-05 7.28028e-08
134 1.1354e-05 7.28028e-08
134 1.13335e-05 7.35938e-08
134.5 1.13335e-05 7.35938e-08
134.5 1.13124e-05 7.44095e-08
135 1.13124e-05 7.44095e-08
135 1.12907e-05 7.5247e-08
135.5 1.12907e-05 7.5247e-08
135.5 1.12685e-05 7.6103e-08
136 1.12685e-05 7.6103e-08
136 1.12459e-05 7.69744e-08
136.5 1.12459e-05 7.69744e-08
136.5 1.1223e-05 7.7858e-08
137 1.1223e-05 7.7858e-08
137 1.11999e-05 7.87507e-08
137.5 1.11999e-05 7.87507e-08
137.5 1.11766e-05 7.96493e-08
138 1.11766e-05 7.96493e-08
138 1.11532e-05 8.05507e-08
138.5 1.11532e-05 8.05507e-08
138.5 1.11299e-05 8.14518e-08
139 1.11299e-05 8.14518e-08
139 1.11066e-05 8.23493e-08
139.5 1.11066e-05 8.23493e-08
139.5 1.10835e-05 8.32402e-08
140 1.10835e-05 8.32402e-08
140 1.10607e-05 8.41212e-08
140.5 1.10607e-05 8.41212e-08
140.5 1.10382e-05 8.49893e-08
141 1.10382e-05 8.49893e-08
141 1.10161e-05 8.58412e-08
141.5 1.10161e-05 8.58412e-08
141.5 1.09946e-05 8.66739e-08
142 1.09946e-05 8.66739e-08
142 1.09736e-05 8.74842e-08
142.5 1.09736e-05 8.74842e-08
142.5 1.09532e-05 8.82689e-08
143 1.09532e-05 8.82689e-08
143 1.09336e-05 8.90248e-08
143.5 1.09336e-05 8.90248e-08
143.5 1.09149e-05 8.9749e-08
144 1.09149e-05 8.9749e-08
144 1.0897e-05 9.0438e-08
144.5 1.0897e-05 9.0438e-08
144.5 1.08802e-05 9.10889e-08
145 1.08802e-05 9.10889e-08
145 1.08644e-05 9.16985e-08
145.5 1.08644e-05 9.16985e-08
145.5 1.08497e-05 9.22637e-08
146 1.08497e-05 9.22637e-08
146 1.08363e-05 9.27812e-08
146.5 1.08363e-05 9.27812e-08
146.5 1.08242e-05 9.32479e-08
147 1.08242e-05 9.32479e-08
147 1.08135e-05 9.36607e-08
147.5 1.08135e-05 9.36607e-08
147.5 1.08043e-05 9.40164e-08
148 1.08043e-05 9.40164e-08
148 1.07966e-05 9.43119e-08
148.5 1.07966e-05 9.43119e-08
148.5 1.07906e-05 9.45441e-08
149 1.07906e-05 9.45441e-08
149 1.07862e-05 9.47136e-08
149.5 1.07862e-05 9.47136e-08
149.5 1.07834e-05 9.48244e-08
150 1.07834e-05 9.48244e-08
150 1.07819e-05 9.48794e-08
150.5 1.07819e-05 9.48794e-08
150.5 1.07819e-05 9.48814e-08
151 1.07819e-05 9.48814e-08
151 1.07831e-05 9.48333e-08
151.5 1.07831e-05 9.48333e-08
151.5 1.07856e-05 9.47381e-08
152 1.07856e-05 9.47381e-08
152 1.07892e-05 9.45986e-08
152.5 1.07892e-05 9.45986e-08
152.5 1.07939e-05 9.44177e-08
153 1.07939e-05 9.44177e-08
153 1.07996e-05 9.41983e-08
153.5 1.07996e-05 9.41983e-08
153.5 1.08062e-05 9.39433e-08
154 1.08062e-05 9.39433e-08
154 1.08137e-05 9.36556e-08
154.5 1.08137e-05 9.36556e-08
154.5 1.08219e-05 9.3338e-08
155 1.08219e-05 9.3338e-08
155 1.08308e-05 9.29935e-08
155.5 1.08308e-05 9.29935e-08
155.5 1.08404e-05 9.2625e-08
156 1.08404e-05 9.2625e-08
156 1.08505e-05 9.22352e-08
156.5 1.08505e-05 9.22352e-08
156.5 1.0861e-05 9.18273e-08
157 1.0861e-05 9.18273e-08
157 1.0872e-05 9.14039e-08
157.5 1.0872e-05 9.14039e-08
157.5 1.08833e-05 9.09681e-08
158 1.08833e-05 9.09681e-08
158 1.08948e-05 9.05226e-08
158.5 1.08948e-05 9.05226e-08
158.5 1.09066e-05 9.00705e-08
159 1.09066e-05 9.00705e-08
159 1.09184e-05 8.96145e-08
159.5 1.09184e-05 8.96145e-08
159.5 1.09302e-05 8.91576e-08
160 1.09302e-05 8.91576e-08
160 1.0942e-05 8.87026e-08
160.5 1.0942e-05 8.87026e-08
160.5 1.09537e-05 8.82525e-08
161 1.09537e-05 8.82525e-08
161 1.09651e-05 8.78102e-08
161.5 1.09651e-05 8.78102e-08
161.5 1.09763e-05 8.73785e-08
162 1.09763e-05 8.73785e-08
162 1.09871e-05 8.69603e-08
162.5 1.09871e-05 8.69603e-08
162.5 1.09976e-05 8.65585e-08
163 1.09976e-05 8.65585e-08
163 1.10075e-05 8.6176e-08
163.5 1.10075e-05 8.6176e-08
163.5 1.10168e-05 8.58157e-08
164 1.10168e-05 8.58157e-08
164 1.10255e-05 8.54805e-08
164.5 1.10255e-05 8.54805e-08
164.5 1.10334e-05 8.51732e-08
165 1.10334e-05 8.51732e-08
165 1.10406e-05 8.48968e-08
165.5 1.10406e-05 8.48968e-08
165.5 1.10469e-05 8.46542e-08
166 1.10469e-05 8.46542e-08
166 1.10522e-05 8.44482e-08
166.5 1.10522e-05 8.44482e-08
166.5 1.10565e-05 8.42818e-08
167 1.10565e-05 8.42818e-08
167 1.10598e-05 8.41578e-08
167.5 1.10598e-05 8.41578e-08
167.5 1.10618e-05 8.4079e-08
168 1.10618e-05 8.4079e-08
168 1.10626e-05 8.40485e-08
168.5 1.10626e-05 8.40485e-08
168.5 1.10621e-05 8.40691e-08
169 1.10621e-05 8.40691e-08
169 1.10601e-05 8.41437e-08
169.5 1.10601e-05 8.41437e-08
169.5 1.10567e-05 8.42751e-08
170 1.10567e-05 8.42751e-08
170 1.10516e-05 8.44725e-08
170.5 1.10516e-05 8.44725e-08
170.5 1.10433e-05 8.47916e-08
171 1.10433e-05 8.47916e-08
171 1.10318e-05 8.52373e-08
171.5 1.10318e-05 8.52373e-08
171.5 1.10172e-05 8.57994e-08
172 1.10172e-05 8.57994e-08
172 1.09999e-05 8.64681e-08
172.5 1.09999e-05 8.64681e-08
172.5 1.09801e-05 8.72333e-08
173 1.09801e-05 8.72333e-08
173 1.0958e-05 8.80851e-08
173.5 1.0958e-05 8.80851e-08
173.5 1.09339e-05 8.90135e-08
174 1.09339e-05 8.90135e-08
174 1.09082e-05 9.00086e-08
174.5 1.09082e-05 9.00086e-08
174.5 1.08809e-05 9.10604e-08
175 1.08809e-05 9.10604e-08
175 1.08524e-05 9.2159e-08
175.5 1.08524e-05 9.2159e-08
175.5 1.0823e-05 9.32942e-08
176 1.0823e-05 9.32942e-08
176 1.07929e-05 9.44563e-08
176.5 1.07929e-05 9.44563e-08
176.5 1.07624e-05 9.56352e-08
177 1.07624e-05 9.56352e-08
177 1.07316e-05 9.68209e-08
177.5 1.07316e-05 9.68209e-08
177.5 1.0701e-05 9.80036e-08
178 1.0701e-05 9.80036e-08
178 1.06707e-05 9.91731e-08
178.5 1.06707e-05 9.91731e-08
178.5 1.0641e-05 1.0032e-07
179 1.0641e-05 1.0032e-07
179 1.06121e-05 1.01433e-07
179.5 1.06121e-05 1.01433e-07
179.5 1.05844e-05 1.02504e-07
180 1.05844e-05 1.02504e-07
180 1.0558e-05 1.03521e-07
180.5 1.0558e-05 1.03521e-07
180.5 1.05333e-05 1.04476e-07
181 1.05333e-05 1.04476e-07
181 1.05104e-05 1.05358e-07
181.5 1.05104e-05 1.05358e-07
181.5 1.04897e-05 1.06157e-07
182 1.04897e-05 1.06157e-07
182 1.04714e-05 1.06863e-07
182.5 1.04714e-05 1.06863e-07
182.5 1.04558e-05 1.07466e-07
183 1.04558e-05 1.07466e-07
183 1.04431e-05 1.07957e-07
183.5 1.04431e-05 1.07957e-07
183.5 1.04336e-05 1.08324e-07
184 1.04336e-05 1.08324e-07
184 1.04266e-05 1.08593e-07
184.5 1.04266e-05 1.08593e-07
184.5 1.04203e-05 1.08837e-07
185 1.04203e-05 1.08837e-07
185 1.04145e-05 1.09062e-07
185.5 1.04145e-05 1.09062e-07
185.5 1.04091e-05 1.09268e-07
186 1.04091e-05 1.09268e-07
186 1.04043e-05 1.09455e-07
186.5 1.04043e-05 1.09455e-07
186.5 1.03999e-05 1.09623e-07
187 1.03999e-05 1.09623e-07
187 1.0396e-05 1.09774e-07
187.5 1.0396e-05 1.09774e-07
187.5 1.03925e-05 1.09908e-07
188 1.03925e-05 1.09908e-07
188 1.03895e-05 1.10024e-07
188.5 1.03895e-05 1.10024e-07
188.5 1.03869e-05 1.10125e-07
189 1.03869e-05 1.10125e-07
189 1.03847e-05 1.10209e-07
189.5 1.03847e-05 1.10209e-07
189.5 1.03829e-05 1.10278e-07
190 1.03829e-05 1.10278e-07
190 1.03815e-05 1.10332e-07
190.5 1.03815e-05 1.10332e-07
190.5 1.03805e-05 1.10371e-07
191 1.03805e-05 1.10371e-07
191 1.03799e-05 1.10397e-07
191.5 1.03799e-05 1.10397e-07
191.5 1.03796e-05 1.10408e-07
192 1.03796e-05 1.10408e-07
192 1.03796e-05 1.10407e-07
192.5 1.03796e-05 1.10407e-07
192.5 1.038e-05 1.10393e-07
193 1.038e-05 1.10393e-07
193 1.03806e-05 1.10367e-07
193.5 1.03806e-05 1.10367e-07
193.5 1.03816e-05 1.10329e-07
194 1.03816e-05 1.10329e-07
194 1.03829e-05 1.1028e-07
194.5 1.03829e-05 1.1028e-07
194.5 1.03845e-05 1.1022e-07
195 1.03845e-05 1.1022e-07
195 1.03863e-05 1.10149e-07
195.5 1.03863e-05 1.10149e-07
195.5 1.03884e-05 1.10069e-07
196 1.03884e-05 1.10069e-07
196 1.03907e-05 1.09979e-07
196.5 1.03907e-05 1.09979e-07
196.5 1.03932e-05 1.09881e-07
197 1.03932e-05 1.09881e-07
197 1.0396e-05 1.09774e-07
197.5 1.0396e-05 1.09774e-07
197.5 1.0399e-05 1.09659e-07
198 1.0399e-05 1.09659e-07
198 1.04022e-05 1.09536e-07
198.5 1.04022e-05 1.09536e-07
198.5 1.04055e-05 1.09407e-07
199 1.04055e-05 1.09407e-07
199 1.04091e-05 1.0927e-07
199.5 1.04091e-05 1.0927e-07
199.5 1.04127e-05 1.09128e-07
200 1.04127e-05 1.09128e-07
200 1.04166e-05 1.0898e-07
200.5 1.04166e-05 1.0898e-07
200.5 1.04205e-05 1.08827e-07
201 1.04205e-05 1.08827e-07
201 1.04246e-05 1.08669e-07
201.5 1.04246e-05 1.08669e-07
201.5 1.04288e-05 1.08507e-07
202 1.04288e-05 1.08507e-07
202 1.04331e-05 1.0834e-07
202.5 1.04331e-05 1.0834e-07
202.5 1.04375e-05 1.08171e-07
203 1.04375e-05 1.08171e-07
203 1.0442e-05 1.07999e-07
203.5 1.0442e-05 1.07999e-07
203.5 1.04465e-05 1.07824e-07
204 1.04465e-05 1.07824e-07
204 1.04511e-05 1.07648e-07
204.5 1.04511e-05 1.07648e-07
204.5 1.04557e-05 1.0747e-07
205 1.04557e-05 1.0747e-07
205 1.04604e-05 1.07291e-07
205.5 1.04604e-05 1.07291e-07
205.5 1.0465e-05 1.07111e-07
206 1.0465e-05 1.07111e-07
206 1.04697e-05 1.06931e-07
206.5 1.04697e-05 1.06931e-07
206.5 1.04743e-05 1.06752e-07
207 1.04743e-05 1.06752e-07
207 1.04789e-05 1.06574e-07
207.5 1.04789e-05 1.06574e-07
207.5 1.04835e-05 1.06396e-07
208 1.04835e-05 1.06396e-07
208 1.04881e-05 1.06221e-07
208.5 1.04881e-05 1.06221e-07
208.5 1.04925e-05 1.06048e-07
209 1.04925e-05 1.06048e-07
209 1.0497e-05 1.05878e-07
209.5 1.0497e-05 1.05878e-07
209.5 1.05013e-05 1.0571e-07
210 1.05013e-05 1.0571e-07
210 1.0506e-05 1.0553e-07
210.5 1.0506e-05 1.0553e-07
210.5 1.05112e-05 1.05329e-07
211 1.05112e-05 1.05329e-07
211 1.05169e-05 1.05109e-07
211.5 1.05169e-05 1.05109e-07
211.5 1.0523e-05 1.04872e-07
212 1.0523e-05 1.04872e-07
212 1.05296e-05 1.04618e-07
212.5 1.05296e-05 1.04618e-07
212.5 1.05366e-05 1.04348e-07
213 1.05366e-05 1.04348e-07
213 1.0544e-05 1.04063e-07
213.5 1.0544e-05 1.04063e-07
213.5 1.05517e-05 1.03764e-07
214 1.05517e-05 1.03764e-07
214 1.05598e-05 1.03453e-07
214.5 1.05598e-05 1.03453e-07
214.5 1.05682e-05 1.0313e-07
215 1.05682e-05 1.0313e-07
215 1.05768e-05 1.02796e-07
215.5 1.05768e-05 1.02796e-07
215.5 1.05857e-05 1.02453e-07
216 1.05857e-05 1.02453e-07
216 1.05948e-05 1.02101e-07
216.5 1.05948e-05 1.02101e-07
216.5 1.06041e-05 1.01742e-07
217 1.06041e-05 1.01742e-07
217 1.06136e-05 1.01376e-07
217.5 1.06136e-05 1.01376e-07
217.5 1.06232e-05 1.01004e-07
218 1.06232e-05 1.01004e-07
218 1.0633e-05 1.00628e-07
218.5 1.0633e-05 1.00628e-07
218.5 1.06428e-05 1.00249e-07
219 1.06428e-05 1.00249e-07
219 1.06527e-05 9.98672e-08
219.5 1.06527e-05 9.98672e-08
219.5 1.06626e-05 9.94841e-08
220 1.06626e-05 9.94841e-08
220 1.06726e-05 9.91006e-08
220.5 1.06726e-05 9.91006e-08
220.5 1.06825e-05 9.87178e-08
221 1.06825e-05 9.87178e-08
221 1.06924e-05 9.83368e-08
221.5 1.06924e-05 9.83368e-08
221.5 1.07022e-05 9.79585e-08
222 1.07022e-05 9.79585e-08
222 1.07119e-05 9.7584e-08
222.5 1.07119e-05 9.7584e-08
222.5 1.07214e-05 9.72143e-08
223 1.07214e-05 9.72143e-08
223 1.07309e-05 9.68504e-08
223.5 1.07309e-05 9.68504e-08
223.5 1.07401e-05 9.64935e-08
224 1.07401e-05 9.64935e-08
224 1.07492e-05 9.61444e-08
224.5 1.07492e-05 9.61444e-08
224.5 1.0758e-05 9.58043e-08
225 1.0758e-05 9.58043e-08
225 1.07665e-05 9.54742e-08
225.5 1.07665e-05 9.54742e-08
225.5 1.07748e-05 9.51551e-08
226 1.07748e-05 9.51551e-08
226 1.07828e-05 9.4848e-08
226.5 1.07828e-05 9.4848e-08
226.5 1.07904e-05 9.45541e-08
227 1.07904e-05 9.45541e-08
227 1.07976e-05 9.42742e-08
227.5 1.07976e-05 9.42742e-08
227.5 1.08045e-05 9.40094e-08
228 1.08045e-05 9.40094e-08
228 1.08109e-05 9.37609e-08
228.5 1.08109e-05 9.37609e-08
228.5 1.08169e-05 9.35295e-08
229 1.08169e-05 9.35295e-08
229 1.08224e-05 9.33164e-08
229.5 1.08224e-05 9.33164e-08
229.5 1.08275e-05 9.31225e-08
230 1.08275e-05 9.31225e-08
230 1.0832e-05 9.29489e-08
230.5 1.0832e-05 9.29489e-08
230.5 1.08359e-05 9.27967e-08
231 1.08359e-05 9.27967e-08
231 1.08393e-05 9.26667e-08
231.5 1.08393e-05 9.26667e-08
231.5 1.08422e-05 9.25535e-08
232 1.08422e-05 9.25535e-08
232 1.08448e-05 9.24538e-08
232.5 1.08448e-05 9.24538e-08
232.5 1.0847e-05 9.23673e-08
233 1.0847e-05 9.23673e-08
233 1.08489e-05 9.22936e-08
233.5 1.08489e-05 9.22936e-08
233.5 1.08505e-05 9.2232e-08
234 1.08505e-05 9.2232e-08
234 1.08518e-05 9.21824e-08
234.5 1.08518e-05 9.21824e-08
234.5 1.08528e-05 9.21442e-08
235 1.08528e-05 9.21442e-08
235 1.08535e-05 9.21169e-08
235.5 1.08535e-05 9.21169e-08
235.5 1.0854e-05 9.21003e-08
236 1.0854e-05 9.21003e-08
236 1.08541e-05 9.20938e-08
236.5 1.08541e-05 9.20938e-08
236.5 1.0854e-05 9.2097e-08
237 1.0854e-05 9.2097e-08
237 1.08537e-05 9.21095e-08
237.5 1.08537e-05 9.21095e-08
237.5 1.08532e-05 9.21308e-08
238 1.08532e-05 9.21308e-08
238 1.08524e-05 9.21606e-08
238.5 1.08524e-05 9.21606e-08
238.5 1.08514e-05 9.21984e-08
239 1.08514e-05 9.21984e-08
239 1.08502e-05 9.22437e-08
239.5 1.08502e-05 9.22437e-08
239.5 1.08489e-05 9.22962e-08
240 1.08489e-05 9.22962e-08
240 1.08473e-05 9.23555e-08
240.5 1.08473e-05 9.23555e-08
240.5 1.08456e-05 9.2421e-08
241 1.08456e-05 9.2421e-08
241 1.08438e-05 9.24924e-08
241.5 1.08438e-05 9.24924e-08
241.5 1.08418e-05 9.25693e-08
242 1.08418e-05 9.25693e-08
242 1.08397e-05 9.26511e-08
242.5 1.08397e-05 9.26511e-08
242.5 1.08374e-05 9.27375e-08
243 1.08374e-05 9.27375e-08
243 1.08351e-05 9.28281e-08
243.5 1.08351e-05 9.28281e-08
243.5 1.08327e-05 9.29225e-08
244 1.08327e-05 9.29225e-08
244 1.08301e-05 9.30201e-08
244.5 1.08301e-05 9.30201e-08
244.5 1.08275e-05 9.31206e-08
245 1.08275e-05 9.31206e-08
245 1.08249e-05 9.32235e-08
245.5 1.08249e-05 9.32235e-08
245.5 1.08221e-05 9.33285e-08
246 1.08221e-05 9.33285e-08
246 1.08194e-05 9.3435e-08
246.5 1.08194e-05 9.3435e-08
246.5 1.08166e-05 9.35428e-08
247 1.08166e-05 9.35428e-08
247 1.08138e-05 9.36512e-08
247.5 1.08138e-05 9.36512e-08
247.5 1.0811e-05 9.376e-08
248 1.0811e-05 9.376e-08
248 1.08081e-05 9.38686e-08
248.5 1.08081e-05 9.38686e-08
248.5 1.08053e-05 9.39767e-08
249 1.08053e-05 9.39767e-08
249 1.08026e-05 9.40839e-08
249.5 1.08026e-05 9.40839e-08
249.5 1.07998e-05 9.41896e-08
250 1.07998e-05 9.41896e-08
250 1.07971e-05 9.42935e-08
250.5 1.07971e-05 9.42935e-08
250.5 1.07945e-05 9.43951e-08
251 1.07945e-05 9.43951e-08
251 1.07919e-05 9.44941e-08
251.5 1.07919e-05 9.44941e-08
251.5 1.07894e-05 9.45899e-08
252 1.07894e-05 9.45899e-08
252 1.07871e-05 9.46822e-08
252.5 1.07871e-05 9.46822e-08
252.5 1.07848e-05 9.47706e-08
253 1.07848e-05 9.47706e-08
253 1.07826e-05 9.48545e-08
253.5 1.07826e-05 9.48545e-08
253.5 1.07805e-05 9.49337e-08
254 1.07805e-05 9.49337e-08
254 1.07785e-05 9.50122e-08
254.5 1.07785e-05 9.50122e-08
254.5 1.07764e-05 9.50934e-08
255 1.07764e-05 9.50934e-08
255 1.07742e-05 9.51779e-08
255.5 1.07742e-05 9.51779e-08
255.5 1.07719e-05 9.52662e-08
256 1.07719e-05 9.52662e-08
256 1.07695e-05 9.5359e-08
256.5 1.07695e-05 9.5359e-08
256.5 1.0767e-05 9.54567e-08
257 1.0767e-05 9.54567e-08
257 1.07643e-05 9.55599e-08
257.5 1.07643e-05 9.55599e-08
257.5 1.07615e-05 9.56692e-08
258 1.07615e-05 9.56692e-08
258 1.07585e-05 9.57852e-08
258.5 1.07585e-05 9.57852e-08
258.5 1.07553e-05 9.59084e-08
259 1.07553e-05 9.59084e-08
259 1.07519e-05 9.60393e-08
259.5 1.07519e-05 9.60393e-08
259.5 1.07483e-05 9.61786e-08
260 1.07483e-05 9.61786e-08
260 1.07444e-05 9.63268e-08
260.5 1.07444e-05 9.63268e-08
260.5 1.07404e-05 9.64844e-08
261 1.07404e-05 9.64844e-08
261 1.0736e-05 9.6652e-08
261.5 1.0736e-05 9.6652e-08
261.5 1.07314e-05 9.68302e-08
262 1.07314e-05 9.68302e-08
262 1.07265e-05 9.70195e-08
262.5 1.07265e-05 9.70195e-08
262.5 1.07213e-05 9.72206e-08
263 1.07213e-05 9.72206e-08
263 1.07158e-05 9.74339e-08
263.5 1.07158e-05 9.74339e-08
263.5 1.07099e-05 9.766e-08
264 1.07099e-05 9.766e-08
264 1.07036e-05 9.7902e-08
264.5 1.07036e-05 9.7902e-08
264.5 1.06967e-05 9.8168e-08
265 1.06967e-05 9.8168e-08
265 1.06893e-05 9.84566e-08
265.5 1.06893e-05 9.84566e-08
265.5 1.06813e-05 9.87651e-08
266 1.06813e-05 9.87651e-08
266 1.06728e-05 9.90912e-08
266.5 1.06728e-05 9.90912e-08
266.5 1.0664e-05 9.94324e-08
267 1.0664e-05 9.94324e-08
267 1.06548e-05 9.97863e-08
267.5 1.06548e-05 9.97863e-08
267.5 1.06454e-05 1.0015e-07
268 1.06454e-05 1.0015e-07
268 1.06357e-05 1.00522e-07
268.5 1.06357e-05 1.00522e-07
268.5 1.0626e-05 1.00899e-07
269 1.0626e-05 1.00899e-07
269 1.06161e-05 1.01279e-07
269.5 1.06161e-05 1.01279e-07
269.5 1.06063e-05 1.01659e-07
270 1.06063e-05 1.01659e-07
270 1.05965e-05 1.02037e-07
270.5 1.05965e-05 1.02037e-07
270.5 1.05868e-05 1.0241e-07
271 1.05868e-05 1.0241e-07
271 1.05773e-05 1.02777e-07
271.5 1.05773e-05 1.02777e-07
271.5 1.05681e-05 1.03134e-07
272 1.05681e-05 1.03134e-07
272 1.05591e-05 1.03478e-07
272.5 1.05591e-05 1.03478e-07
272.5 1.05506e-05 1.03809e-07
273 1.05506e-05 1.03809e-07
273 1.05424e-05 1.04123e-07
273.5 1.05424e-05 1.04123e-07
273.5 1.05348e-05 1.04417e-07
274 1.05348e-05 1.04417e-07
274 1.05278e-05 1.0469e-07
274.5 1.05278e-05 1.0469e-07
274.5 1.05213e-05 1.04938e-07
275 1.05213e-05 1.04938e-07
275 1.05156e-05 1.0516e-07
275.5 1.05156e-05 1.0516e-07
275.5 1.05104e-05 1.0536e-07
276 1.05104e-05 1.0536e-07
276 1.05056e-05 1.05543e-07
276.5 1.05056e-05 1.05543e-07
276.5 1.05013e-05 1.05711e-07
277 1.05013e-05 1.05711e-07
277 1.04973e-05 1.05863e-07
277.5 1.04973e-05 1.05863e-07
277.5 1.04937e-05 1.06002e-07
278 1.04937e-05 1.06002e-07
278 1.04905e-05 1.06129e-07
278.5 1.04905e-05 1.06129e-07
278.5 1.04875e-05 1.06244e-07
279 1.04875e-05 1.06244e-07
279 1.04847e-05 1.06349e-07
279.5 1.04847e-05 1.06349e-07
279.5 1.04822e-05 1.06446e-07
280 1.04822e-05 1.06446e-07
280 1.04799e-05 1.06534e-07
280.5 1.04799e-05 1.06534e-07
280.5 1.04778e-05 1.06617e-07
281 1.04778e-05 1.06617e-07
281 1.04758e-05 1.06694e-07
281.5 1.04758e-05 1.06694e-07
281.5 1.04739e-05 1.06766e-07
282 1.04739e-05 1.06766e-07
282 1.04721e-05 1.06836e-07
282.5 1.04721e-05 1.06836e-07
282.5 1.04704e-05 1.06904e-07
283 1.04704e-05 1.06904e-07
283 1.04686e-05 1.06972e-07
283.5 1.04686e-05 1.06972e-07
283.5 1.04668e-05 1.0704e-07
284 1.04668e-05 1.0704e-07
284 1.0465e-05 1.0711e-07
284.5 1.0465e-05 1.0711e-07
284.5 1.04631e-05 1.07183e-07
285 1.04631e-05 1.07183e-07
285 1.04612e-05 1.0726e-07
285.5 1.04612e-05 1.0726e-07
285.5 1.0459e-05 1.07342e-07
286 1.0459e-05 1.07342e-07
286 1.04567e-05 1.07431e-07
286.5 1.04567e-05 1.07431e-07
286.5 1.04542e-05 1.07527e-07
287 1.04542e-05 1.07527e-07
287 1.04515e-05 1.07632e-07
287.5 1.04515e-05 1.07632e-07
287.5 1.04485e-05 1.07747e-07
288 1.04485e-05 1.07747e-07
288 1.04454e-05 1.07869e-07
288.5 1.04454e-05 1.07869e-07
288.5 1.0442e-05 1.07998e-07
289 1.0442e-05 1.07998e-07
289 1.04386e-05 1.08132e-07
289.5 1.04386e-05 1.08132e-07
289.5 1.0435e-05 1.0827e-07
290 1.0435e-05 1.0827e-07
290 1.04314e-05 1.0841e-07
290.5 1.04314e-05 1.0841e-07
290.5 1.04277e-05 1.08551e-07
291 1.04277e-05 1.08551e-07
291 1.0424e-05 1.08693e-07
291.5 1.0424e-05 1.08693e-07
291.5 1.04204e-05 1.08833e-07
292 1.04204e-05 1.08833e-07
292 1.04168e-05 1.0897e-07
292.5 1.04168e-05 1.0897e-07
292.5 1.04134e-05 1.09103e-07
293 1.04134e-05 1.09103e-07
293 1.04101e-05 1.0923e-07
293.5 1.04101e-05 1.0923e-07
293.5 1.0407e-05 1.09351e-07
294 1.0407e-05 1.09351e-07
294 1.0404e-05 1.09464e-07
294.5 1.0404e-05 1.09464e-07
294.5 1.04014e-05 1.09567e-07
295 1.04014e-05 1.09567e-07
295 1.0399e-05 1.09659e-07
295.5 1.0399e-05 1.09659e-07
295.5 1.03969e-05 1.09739e-07
296 1.03969e-05 1.09739e-07
296 1.03952e-05 1.09806e-07
296.5 1.03952e-05 1.09806e-07
296.5 1.03938e-05 1.09858e-07
297 1.03938e-05 1.09858e-07
297 1.03929e-05 1.09894e-07
297.5 1.03929e-05 1.09894e-07
297.5 1.03924e-05 1.09914e-07
298 1.03924e-05 1.09914e-07
298 1.0392e-05 1.09927e-07
298.5 1.0392e-05 1.09927e-07
298.5 1.03918e-05 1.09937e-07
299 1.03918e-05 1.09937e-07
299 1.03916e-05 1.09943e-07
299.5 1.03916e-05 1.09943e-07
299.5 1.03915e-05 1.09946e-07
300 1.03915e-05 1.09946e-07
300 1.03915e-05 1.09946e-07
300.5 1.03915e-05 1.09946e-07
300.5 1.03916e-05 1.09943e-07
301 1.03916e-05 1.09943e-07
301 1.03918e-05 1.09938e-07
301.5 1.03918e-05 1.09938e-07
301.5 1.0392e-05 1.09929e-07
302 1.0392e-05 1.09929e-07
302 1.03923e-05 1.09919e-07
302.5 1.03923e-05 1.09919e-07
302.5 1.03926e-05 1.09905e-07
303 1.03926e-05 1.09905e-07
303 1.0393e-05 1.0989e-07
303.5 1.0393e-05 1.0989e-07
303.5 1.03935e-05 1.09872e-07
304 1.03935e-05 1.09872e-07
304 1.0394e-05 1.09852e-07
304.5 1.0394e-05 1.09852e-07
304.5 1.03946e-05 1.0983e-07
305 1.03946e-05 1.0983e-07
305 1.03952e-05 1.09806e-07
305.5 1.03952e-05 1.09806e-07
305.5 1.03958e-05 1.09781e-07
306 1.03958e-05 1.09781e-07
306 1.03965e-05 1.09754e-07
306.5 1.03965e-05 1.09754e-07
306.5 1.03972e-05 1.09726e-07
307 1.03972e-05 1.09726e-07
307 1.0398e-05 1.09696e-07
307.5 1.0398e-05 1.09696e-07
307.5 1.03988e-05 1.09666e-07
308 1.03988e-05 1.09666e-07
308 1.03996e-05 1.09634e-07
308.5 1.03996e-05 1.09634e-07
308.5 1.04005e-05 1.09601e-07
309 1.04005e-05 1.09601e-07
309 1.04014e-05 1.09568e-07
309.5 1.04014e-05 1.09568e-07
309.5 1.04022e-05 1.09533e-07
310 1.04022e-05 1.09533e-07
310 1.04031e-05 1.09499e-07
310.5 1.04031e-05 1.09499e-07
310.5 1.0404e-05 1.09464e-07
311 1.0404e-05 1.09464e-07
311 1.0405e-05 1.09428e-07
311.5 1.0405e-05 1.09428e-07
311.5 1.04059e-05 1.09393e-07
312 1.04059e-05 1.09393e-07
312 1.04068e-05 1.09357e-07
312.5 1.04068e-05 1.09357e-07
312.5 1.04077e-05 1.09322e-07
313 1.04077e-05 1.09322e-07
313 1.04086e-05 1.09286e-07
313.5 1.04086e-05 1.09286e-07
313.5 1.04095e-05 1.09251e-07
314 1.04095e-05 1.09251e-07
314 1.04104e-05 1.09217e-07
314.5 1.04104e-05 1.09217e-07
314.5 1.04113e-05 1.09183e-07
315 1.04113e-05 1.09183e-07
315 1.04122e-05 1.0915e-07
315.5 1.04122e-05 1.0915e-07
315.5 1.0413e-05 1.09118e-07
316 1.0413e-05 1.09118e-07
316 1.04138e-05 1.09087e-07
316.5 1.04138e-05 1.09087e-07
316.5 1.04146e-05 1.09056e-07
317 1.04146e-05 1.09056e-07
317 1.04153e-05 1.09028e-07
317.5 1.04153e-05 1.09028e-07
317.5 1.04161e-05 1.09e-07
318 1.04161e-05 1.09e-07
318 1.04167e-05 1.08974e-07
318.5 1.04167e-05 1.08974e-07
318.5 1.04174e-05 1.0895e-07
319 1.04174e-05 1.0895e-07
319 1.0418e-05 1.08927e-07
319.5 1.0418e-05 1.08927e-07
319.5 1.04185e-05 1.08906e-07
320 1.04185e-05 1.08906e-07
320 1.0419e-05 1.08887e-07
320.5 1.0419e-05 1.08887e-07
320.5 1.04194e-05 1.08871e-07
321 1.04194e-05 1.08871e-07
321 1.04198e-05 1.08856e-07
321.5 1.04198e-05 1.08856e-07
321.5 1.04201e-05 1.08844e-07
322 1.04201e-05 1.08844e-07
322 1.04203e-05 1.08835e-07
322.5 1.04203e-05 1.08835e-07
322.5 1.04205e-05 1.08828e-07
323 1.04205e-05 1.08828e-07
323 1.04206e-05 1.08824e-07
323.5 1.04206e-05 1.08824e-07
323.5 1.04207e-05 1.08822e-07
324 1.04207e-05 1.08822e-07
324 1.04206e-05 1.08824e-07
324.5 1.04206e-05 1.08824e-07
324.5 1.04205e-05 1.08829e-07
325 1.04205e-05 1.08829e-07
325 1.04203e-05 1.08838e-07
325.5 1.04203e-05 1.08838e-07
325.5 1.04199e-05 1.08853e-07
326 1.04199e-05 1.08853e-07
326 1.04193e-05 1.08874e-07
326.5 1.04193e-05 1.08874e-07
326.5 1.04186e-05 1.08901e-07
327 1.04186e-05 1.08901e-07
327 1.04178e-05 1.08933e-07
327.5 1.04178e-05 1.08933e-07
327.5 1.04168e-05 1.0897e-07
328 1.04168e-05 1.0897e-07
328 1.04158e-05 1.09012e-07
328.5 1.04158e-05 1.09012e-07
328.5 1.04146e-05 1.09058e-07
329 1.04146e-05 1.09058e-07
329 1.04133e-05 1.09108e-07
329.5 1.04133e-05 1.09108e-07
329.5 1.04119e-05 1.09162e-07
330 1.04119e-05 1.09162e-07
330 1.04104e-05 1.09218e-07
330.5 1.04104e-05 1.09218e-07
330.5 1.04089e-05 1.09278e-07
331 1.04089e-05 1.09278e-07
331 1.04072e-05 1.0934e-07
331.5 1.04072e-05 1.0934e-07
331.5 1.04056e-05 1.09405e-07
332 1.04056e-05 1.09405e-07
332 1.04039e-05 1.09471e-07
332.5 1.04039e-05 1.09471e-07
332.5 1.04021e-05 1.09538e-07
333 1.04021e-05 1.09538e-07
333 1.04003e-05 1.09606e-07
333.5 1.04003e-05 1.09606e-07
333.5 1.03986e-05 1.09676e-07
334 1.03986e-05 1.09676e-07
334 1.03968e-05 1.09745e-07
334.5 1.03968e-05 1.09745e-07
334.5 1.0395e-05 1.09814e-07
335 1.0395e-05 1.09814e-07
335 1.03932e-05 1.09883e-07
335.5 1.03932e-05 1.09883e-07
335.5 1.03914e-05 1.09951e-07
336 1.03914e-05 1.09951e-07
336 1.03897e-05 1.10018e-07
336.5 1.03897e-05 1.10018e-07
336.5 1.0388e-05 1.10084e-07
337 1.0388e-05 1.10084e-07
337 1.03863e-05 1.10147e-07
337.5 1.03863e-05 1.10147e-07
337.5 1.03848e-05 1.10208e-07
338 1.03848e-05 1.10208e-07
338 1.03832e-05 1.10267e-07
338.5 1.03832e-05 1.10267e-07
338.5 1.03818e-05 1.10323e-07
339 1.03818e-05 1.10323e-07
339 1.03804e-05 1.10375e-07
339.5 1.03804e-05 1.10375e-07
339.5 1.03792e-05 1.10424e-07
340 1.03792e-05 1.10424e-07
340 1.0378e-05 1.10468e-07
340.5 1.0378e-05 1.10468e-07
340.5 1.0377e-05 1.10508e-07
341 1.0377e-05 1.10508e-07
341 1.03761e-05 1.10544e-07
341.5 1.03761e-05 1.10544e-07
341.5 1.03753e-05 1.10574e-07
342 1.03753e-05 1.10574e-07
342 1.03746e-05 1.10598e-07
342.5 1.03746e-05 1.10598e-07
342.5 1.03742e-05 1.10617e-07
343 1.03742e-05 1.10617e-07
343 1.03738e-05 1.1063e-07
343.5 1.03738e-05 1.1063e-07
343.5 1.03737e-05 1.10636e-07
344 1.03737e-05 1.10636e-07
344 1.03737e-05 1.10636e-07
344.5 1.03737e-05 1.10636e-07
344.5 1.03737e-05 1.10636e-07
345 1.03737e-05 1.10636e-07
345 1.03737e-05 1.10636e-07
345.5 1.03737e-05 1.10636e-07
345.5 1.03737e-05 1.10636e-07
346 1.03737e-05 1.10636e-07
346 1.03737e-05 1.10636e-07
346.5 1.03737e-05 1.10636e-07
346.5 1.03737e-05 1.10636e-07
347 1.03737e-05 1.10636e-07
347 1.03737e-05 1.10636e-07
347.5 1.03737e-05 1.10636e-07
347.5 1.03737e-05 1.10636e-07
348 1.03737e-05 1.10636e-07
348 1.03737e-05 1.10636e-07
348.5 1.03737e-05 1.10636e-07
348.5 1.03737e-05 1.10636e-07
349 1.03737e-05 1.10636e-07
349 1.03737e-05 1.10636e-07
349.5 1.03737e-05 1.10636e-07
349.5 1.03737e-05 1.10636e-07
350 1.03737e-05 1.10636e-07
350 1.03737e-05 1.10636e-07
350.5 1.03737e-05 1.10636e-07
350.5 1.03737e-05 1.10636e-07
351 1.03737e-05 1.10636e-07
351 1.03737e-05 1.10636e-07
351.5 1.03737e-05 1.10636e-07
351.5 1.03737e-05 1.10636e-07
352 1.03737e-05 1.10636e-07
352 1.03737e-05 1.10636e-07
352.5 1.03737e-05 1.10636e-07
352.5 1.03737e-05 1.10636e-07
353 1.03737e-05 1.10636e-07
353 1.03737e-05 1.10636e-07
353.5 1.03737e-05 1.10636e-07
353.5 1.03737e-05 1.10636e-07
354 1.03737e-05 1.10636e-07
354 1.03737e-05 1.10636e-07
354.5 1.03737e-05 1.10636e-07
354.5 1.03737e-05 1.10636e-07
355 1.03737e-05 1.10636e-07
355 1.03737e-05 1.10636e-07
355.5 1.03737e-05 1.10636e-07
355.5 1.03737e-05 1.10636e-07
356 1.03737e-05 1.10636e-07
356 1.03737e-05 1.10636e-07
356.5 1.03737e-05 1.10636e-07
356.5 1.03737e-05 1.10636e-07
357 1.03737e-05 1.10636e-07
357 1.03737e-05 1.10636e-07
357.5 1.03737e-05 1.10636e-07
357.5 1.03737e-05 1.10636e-07
358 1.03737e-05 1.10636e-07
358 1.03737e-05 1.10636e-07
358.5 1.03737e-05 1.10636e-07
358.5 1.03737e-05 1.10636e-07
359 1.03737e-05 1.10636e-07
359 1.03737e-05 1.10636e-07
359.5 1.03737e-05 1.10636e-07
359.5 1.03737e-05 1.10636e-07
360 1.03737e-05 1.10636e-07
360 1.03737e-05 1.10636e-07
360.5 1.03737e-05 1.10636e-07
360.5 1.03737e-05 1.10636e-07
361 1.03737e-05 1.10636e-07
361 1.03737e-05 1.10636e-07
361.5 1.03737e-05 1.10636e-07
361.5 1.03737e-05 1.10636e-07
362 1.03737e-05 1.10636e-07
362 1.03737e-05 1.10636e-07
362.5 1.03737e-05 1.10636e-07
362.5 1.03737e-05 1.10636e-07
363 1.03737e-05 1.10636e-07
363 1.03737e-05 1.10636e-07
363.5 1.03737e-05 1.10636e-07
363.5 1.03737e-05 1.10636e-07
364 1.03737e-05 1.10636e-07
364 1.03737e-05 1.10636e-07
364.5 1.03737e-05 1.10636e-07
364.5 1.03737e-05 1.10636e-07
365 1.03737e-05 1.10636e-07
365 1.03737e-05 1.10636e-07
365.5 1.03737e-05 1.10636e-07
365.5 1.03737e-05 1.10636e-07
366 1.03737e-05 1.10636e-07
366 1.03737e-05 1.10636e-07
366.5 1.03737e-05 1.10636e-07
366.5 1.03737e-05 1.10636e-07
367 1.03737e-05 1.10636e-07
367 1.03737e-05 1.10636e-07
367.5 1.03737e-05 1.10636e-07
367.5 1.03737e-05 1.10636e-07
368 1.03737e-05 1.10636e-07
368 1.03737e-05 1.10636e-07
368.5 1.03737e-05 1.10636e-07
368.5 1.03737e-05 1.10636e-07
369 1.03737e-05 1.10636e-07
369 1.03737e-05 1.10636e-07
369.5 1.03737e-05 1.10636e-07
369.5 1.03737e-05 1.10636e-07
370 1.03737e-05 1.10636e-07
370 1.03737e-05 1.10636e-07
370.5 1.03737e-05 1.10636e-07
370.5 1.03737e-05 1.10636e-07
371 1.03737e-05 1.10636e-07
371 1.03737e-05 1.10636e-07
371.5 1.03737e-05 1.10636e-07
371.5 1.03737e-05 1.10636e-07
372 1.03737e-05 1.10636e-07
372 1.03737e-05 1.10636e-07
372.5 1.03737e-05 1.10636e-07
372.5 1.03737e-05 1.10636e-07
373 1.03737e-05 1.10636e-07
373 1.03737e-05 1.10636e-07
373.5 1.03737e-05 1.10636e-07
373.5 1.03737e-05 1.10636e-07
374 1.03737e-05 1.10636e-07
374 1.03737e-05 1.10636e-07
374.5 1.03737e-05 1.10636e-07
374.5 1.03737e-05 1.10636e-07
375 1.03737e-05 1.10636e-07
375 1.03737e-05 1.10636e-07
375.5 1.03737e-05 1.10636e-07
375.5 1.03737e-05 1.10636e-07
376 1.03737e-05 1.10636e-07
376 1.03737e-05 1.10636e-07
376.5 1.03737e-05 1.10636e-07
376.5 1.03737e-05 1.10636e-07
377 1.03737e-05 1.10636e-07
377 1.03737e-05 1.10636e-07
377.5 1.03737e-05 1.10636e-07
377.5 1.03737e-05 1.10636e-07
378 1.03737e-05 1.10636e-07
378 1.03737e-05 1.10636e-07
378.5 1.03737e-05 1.10636e-07
378.5 1.03737e-05 1.10636e-07
379 1.03737e-05 1.10636e-07
379 1.03737e-05 1.10636e-07
379.5 1.03737e-05 1.10636e-07
379.5 1.03737e-05 1.10636e-07
380 1.03737e-05 1.10636e-07
380 1.03737e-05 1.10636e-07
380.5 1.03737e-05 1.10636e-07
380.5 1.03737e-05 1.10636e-07
381 1.03737e-05 1.10636e-07
381 1.03737e-05 1.10636e-07
381.5 1.03737e-05 1.10636e-07
381.5 1.03737e-05 1.10636e-07
382 1.03737e-05 1.10636e-07
382 1.03737e-05 1.10636e-07
382.5 1.03737e-05 1.10636e-07
382.5 1.03737e-05 1.10636e-07
383 1.03737e-05 1.10636e-07
383 1.03737e-05 1.10636e-07
383.5 1.03737e-05 1.10636e-07
383.5 1.03737e-05 1.10636e-07
384 1.03737e-05 1.10636e-07
384 1.03737e-05 1.10636e-07
384.5 1.03737e-05 1.10636e-07
384.5 1.03737e-05 1.10636e-07
385 1.03737e-05 1.10636e-07
385 1.03737e-05 1.10636e-07
385.5 1.03737e-05 1.10636e-07
385.5 1.03737e-05 1.10636e-07
386 1.03737e-05 1.10636e-07
386 1.03737e-05 1.10636e-07
386.5 1.03737e-05 1.10636e-07
386.5 1.03737e-05 1.10636e-07
387 1.03737e-05 1.10636e-07
387 1.03737e-05 1.10636e-07
387.5 1.03737e-05 1.10636e-07
387.5 1.03737e-05 1.10636e-07
388 1.03737e-05 1.10636e-07
388 1.03737e-05 1.10636e-07
388.5 1.03737e-05 1.10636e-07
388.5 1.03737e-05 1.10636e-07
389 1.03737e-05 1.10636e-07
389 1.03737e-05 1.10636e-07
389.5 1.03737e-05 1.10636e-07
389.5 1.03737e-05 1.10636e-07
390 1.03737e-05 1.10636e-07
390 1.03737e-05 1.10636e-07
390.5 1.03737e-05 1.10636e-07
390.5 1.03737e-05 1.10636e-07
391 1.03737e-05 1.10636e-07
391 1.03737e-05 1.10636e-07
391.5 1.03737e-05 1.10636e-07
391.5 1.03737e-05 1.10636e-07
392 1.03737e-05 1.10636e-07
392 1.03737e-05 1.10636e-07
392.5 1.03737e-05 1.10636e-07
392.5 1.03737e-05 1.10636e-07
393 1.03737e-05 1.10636e-07
393 1.03737e-05 1.10636e-07
393.5 1.03737e-05 1.10636e-07
393.5 1.03737e-05 1.10636e-07
394 1.03737e-05 1.10636e-07
394 1.03737e-05 1.10636e-07
394.5 1.03737e-05 1.10636e-07
394.5 1.03737e-05 1.10636e-07
395 1.03737e-05 1.10636e-07
395 1.03737e-05 1.10636e-07
395.5 1.03737e-05 1.10636e-07
395.5 1.03737e-05 1.10636e-07
396 1.03737e-05 1.10636e-07
396 1.03737e-05 1.10636e-07
396.5 1.03737e-05 1.10636e-07
396.5 1.03737e-05 1.10636e-07
397 1.03737e-05 1.10636e-07
397 1.03737e-05 1.10636e-07
397.5 1.03737e-05 1.10636e-07
397.5 1.03737e-05 1.10636e-07
398 1.03737e-05 1.10636e-07
398 1.03737e-05 1.10636e-07
398.5 1.03737e-05 1.10636e-07
398.5 1.03737e-05 1.10636e-07
399 1.03737e-05 1.10636e-07
399 1.03737e-05 1.10636e-07
399.5 1.03737e-05 1.10636e-07
399.5 1.03737e-05 1.10636e-07
400 1.03737e-05 1.10636e-07
400 1.03737e-05 1.10636e-07
400.5 1.03737e-05 1.10636e-07
400.5 1.03737e-05 1.10636e-07
401 1.03737e-05 1.10636e-07
401 1.03737e-05 1.10636e-07
401.5 1.03737e-05 1.10636e-07
401.5 1.03737e-05 1.10636e-07
402 1.03737e-05 1.10636e-07
402 1.03737e-05 1.10636e-07
402.5 1.03737e-05 1.10636e-07
402.5 1.03737e-05 1.10636e-07
403 1.03737e-05 1.10636e-07
403 1.03737e-05 1.10636e-07
403.5 1.03737e-05 1.10636e-07
403.5 1.03737e-05 1.10636e-07
404 1.03737e-05 1.10636e-07
404 1.03737e-05 1.10636e-07
404.5 1.03737e-05 1.10636e-07
404.5 1.03737e-05 1.10636e-07
405 1.03737e-05 1.10636e-07
405 1.03737e-05 1.10636e-07
405.5 1.03737e-05 1.10636e-07
405.5 1.03737e-05 1.10636e-07
406 1.03737e-05 1.10636e-07
406 1.03737e-05 1.10636e-07
406.5 1.03737e-05 1.10636e-07
406.5 1.03737e-05 1.10636e-07
407 1.03737e-05 1.10636e-07
407 1.03737e-05 1.10636e-07
407.5 1.03737e-05 1.10636e-07
407.5 1.03737e-05 1.10636e-07
408 1.03737e-05 1.10636e-07
408 1.03737e-05 1.10636e-07
408.5 1.03737e-05 1.10636e-07
408.5 1.03737e-05 1.10636e-07
409 1.03737e-05 1.10636e-07
409 1.03737e-05 1.10636e-07
409.5 1.03737e-05 1.10636e-07
409.5 1.03737e-05 1.10636e-07
410 1.03737e-05 1.10636e-07
410 1.03737e-05 1.10636e-07
410.5 1.03737e-05 1.10636e-07
410.5 1.03737e-05 1.10636e-07
411 1.03737e-05 1.10636e-07
411 1.03737e-05 1.10636e-07
411.5 1.03737e-05 1.10636e-07
411.5 1.03737e-05 1.10636e-07
412 1.03737e-05 1.10636e-07
412 1.03737e-05 1.10636e-07
412.5 1.03737e-05 1.10636e-07
412.5 1.03737e-05 1.10636e-07
413 1.03737e-05 1.10636e-07
413 1.03737e-05 1.10636e-07
413.5 1.03737e-05 1.10636e-07
413.5 1.03737e-05 1.10636e-07
414 1.03737e-05 1.10636e-07
414 1.03737e-05 1.10636e-07
414.5 1.03737e-05 1.10636e-07
414.5 1.03737e-05 1.10636e-07
415 1.03737e-05 1.10636e-07
415 1.03737e-05 1.10636e-07
415.5 1.03737e-05 1.10636e-07
415.5 1.03737e-05 1.10636e-07
416 1.03737e-05 1.10636e-07
416 1.03737e-05 1.10636e-07
416.5 1.03737e-05 1.10636e-07
416.5 1.03737e-05 1.10636e-07
417 1.03737e-05 1.10636e-07
417 1.03737e-05 1.10636e-07
417.5 1.03737e-05 1.10636e-07
417.5 1.03737e-05 1.10636e-07
418 1.03737e-05 1.10636e-07
418 1.03737e-05 1.10636e-07
418.5 1.03737e-05 1.10636e-07
418.5 1.03737e-05 1.10636e-07
419 1.03737e-05 1.10636e-07
419 1.03737e-05 1.10636e-07
419.5 1.03737e-05 1.10636e-07
419.5 1.03737e-05 1.10636e-07
420 1.03737e-05 1.10636e-07
420 1.03737e-05 1.10636e-07
420.5 1.03737e-05 1.10636e-07
420.5 1.03737e-05 1.10636e-07
421 1.03737e-05 1.10636e-07
421 1.03737e-05 1.10636e-07
421.5 1.03737e-05 1.10636e-07
421.5 1.03737e-05 1.10636e-07
422 1.03737e-05 1.10636e-07
422 1.03737e-05 1.10636e-07
422.5 1.03737e-05 1.10636e-07
422.5 1.03737e-05 1.10636e-07
423 1.03737e-05 1.10636e-07
423 1.03737e-05 1.10636e-07
423.5 1.03737e-05 1.10636e-07
423.5 1.03737e-05 1.10636e-07
424 1.03737e-05 1.10636e-07
424 1.03737e-05 1.10636e-07
424.5 1.03737e-05 1.10636e-07
424.5 1.03737e-05 1.10636e-07
425 1.03737e-05 1.10636e-07
425 1.03737e-05 1.10636e-07
425.5 1.03737e-05 1.10636e-07
425.5 1.03737e-05 1.10636e-07
426 1.03737e-05 1.10636e-07
426 1.03737e-05 1.10636e-07
426.5 1.03737e-05 1.10636e-07
426.5 1.03737e-05 1.10636e-07
427 1.03737e-05 1.10636e-07
427 1.03737e-05 1.10636e-07
427.5 1.03737e-05 1.10636e-07
427.5 1.03737e-05 1.10636e-07
428 1.03737e-05 1.10636e-07
428 1.03737e-05 1.10636e-07
428.5 1.03737e-05 1.10636e-07
428.5 1.03737e-05 1.10636e-07
429 1.03737e-05 1.10636e-07
429 1.03737e-05 1.10636e-07
429.5 1.03737e-05 1.10636e-07
429.5 1.03737e-05 1.10636e-07
430 1.03737e-05 1.10636e-07
430 1.03737e-05 1.10636e-07
430.5 1.03737e-05 1.10636e-07
430.5 1.03737e-05 1.10636e-07
431 1.03737e-05 1.10636e-07
431 1.03737e-05 1.10636e-07
431.5 1.03737e-05 1.10636e-07
431.5 1.03737e-05 1.10636e-07
432 1.03737e-05 1.10636e-07
432 1.03737e-05 1.10636e-07
432.5 1.03737e-05 1.10636e-07
432.5 1.03737e-05 1.10636e-07
433 1.03737e-05 1.10636e-07
433 1.03737e-05 1.10636e-07
433.5 1.03737e-05 1.10636e-07
433.5 1.03737e-05 1.10636e-07
434 1.03737e-05 1.10636e-07
434 1.03737e-05 1.10636e-07
434.5 1.03737e-05 1.10636e-07
434.5 1.03737e-05 1.10636e-07
435 1.03737e-05 1.10636e-07
435 1.03737e-05 1.10636e-07
435.5 1.03737e-05 1.10636e-07
435.5 1.03737e-05 1.10636e-07
436 1.03737e-05 1.10636e-07
436 1.03737e-05 1.10636e-07
436.5 1.03737e-05 1.10636e-07
436.5 1.03737e-05 1.10636e-07
437 1.03737e-05 1.10636e-07
437 1.03737e-05 1.10636e-07
437.5 1.03737e-05 1.10636e-07
437.5 1.03737e-05 1.10636e-07
438 1.03737e-05 1.10636e-07
438 1.03737e-05 1.10636e-07
438.5 1.03737e-05 1.10636e-07
438.5 1.03737e-05 1.10636e-07
439 1.03737e-05 1.10636e-07
439 1.03737e-05 1.10636e-07
439.5 1.03737e-05 1.10636e-07
439.5 1.03737e-05 1.10636e-07
440 1.03737e-05 1.10636e-07
440 1.03737e-05 1.10636e-07
440.5 1.03737e-05 1.10636e-07
440.5 1.03737e-05 1.10636e-07
441 1.03737e-05 1.10636e-07
441 1.03737e-05 1.10636e-07
441.5 1.03737e-05 1.10636e-07
441.5 1.03737e-05 1.10636e-07
442 1.03737e-05 1.10636e-07
442 1.03737e-05 1.10636e-07
442.5 1.03737e-05 1.10636e-07
442.5 1.03737e-05 1.10636e-07
443 1.03737e-05 1.10636e-07
443 1.03737e-05 1.10636e-07
443.5 1.03737e-05 1.10636e-07
443.5 1.03737e-05 1.10636e-07
444 1.03737e-05 1.10636e-07
444 1.03737e-05 1.10636e-07
444.5 1.03737e-05 1.10636e-07
444.5 1.03737e-05 1.10636e-07
445 1.03737e-05 1.10636e-07
445 1.03737e-05 1.10636e-07
445.5 1.03737e-05 1.10636e-07
445.5 1.03737e-05 1.10636e-07
446 1.03737e-05 1.10636e-07
446 1.03737e-05 1.10636e-07
446.5 1.03737e-05 1.10636e-07
446.5 1.03737e-05 1.10636e-07
447 1.03737e-05 1.10636e-07
447 1.03737e-05 1.10636e-07
447.5 1.03737e-05 1.10636e-07
447.5 1.03737e-05 1.10636e-07
448 1.03737e-05 1.10636e-07
448 1.03737e-05 1.10636e-07
448.5 1.03737e-05 1.10636e-07
448.5 1.03737e-05 1.10636e-07
449 1.03737e-05 1.10636e-07
449 1.03737e-05 1.10636e-07
449.5 1.03737e-05 1.10636e-07
449.5 1.03737e-05 1.10636e-07
450 1.03737e-05 1.10636e-07
450 1.03737e-05 1.10636e-07
450.5 1.03737e-05 1.10636e-07
450.5 1.03737e-05 1.10636e-07
451 1.03737e-05 1.10636e-07
451 1.03737e-05 1.10636e-07
451.5 1.03737e-05 1.10636e-07
451.5 1.03737e-05 1.10636e-07
452 1.03737e-05 1.10636e-07
452 1.03737e-05 1.10636e-07
452.5 1.03737e-05 1.10636e-07
452.5 1.03737e-05 1.10636e-07
453 1.03737e-05 1.10636e-07
453 1.03737e-05 1.10636e-07
453.5 1.03737e-05 1.10636e-07
453.5 1.03737e-05 1.10636e-07
454 1.03737e-05 1.10636e-07
454 1.03737e-05 1.10636e-07
454.5 1.03737e-05 1.10636e-07
454.5 1.03737e-05 1.10636e-07
455 1.03737e-05 1.10636e-07
455 1.03737e-05 1.10636e-07
455.5 1.03737e-05 1.10636e-07
455.5 1.03737e-05 1.10636e-07
456 1.03737e-05 1.10636e-07
456 1.03737e-05 1.10636e-07
456.5 1.03737e-05 1.10636e-07
456.5 1.03737e-05 1.10636e-07
457 1.03737e-05 1.10636e-07
457 1.03737e-05 1.10636e-07
457.5 1.03737e-05 1.10636e-07
457.5 1.03737e-05 1.10636e-07
458 1.03737e-05 1.10636e-07
458 1.03737e-05 1.10636e-07
458.5 1.03737e-05 1.10636e-07
458.5 1.03737e-05 1.10636e-07
459 1.03737e-05 1.10636e-07
459 1.03737e-05 1.10636e-07
459.5 1.03737e-05 1.10636e-07
459.5 1.03737e-05 1.10636e-07
460 1.03737e-05 1.10636e-07
460 1.03737e-05 1.10636e-07
460.5 1.03737e-05 1.10636e-07
460.5 1.03737e-05 1.10636e-07
461 1.03737e-05 1.10636e-07
461 1.03737e-05 1.10636e-07
461.5 1.03737e-05 1.10636e-07
461.5 1.03737e-05 1.10636e-07
462 1.03737e-05 1.10636e-07
462 1.03737e-05 1.10636e-07
462.5 1.03737e-05 1.10636e-07
462.5 1.03737e-05 1.10636e-07
463 1.03737e-05 1.10636e-07
463 1.03737e-05 1.10636e-07
463.5 1.03737e-05 1.10636e-07
463.5 1.03737e-05 1.10636e-07
464 1.03737e-05 1.10636e-07
464 1.03737e-05 1.10636e-07
464.5 1.03737e-05 1.10636e-07
464.5 1.03737e-05 1.10636e-07
465 1.03737e-05 1.10636e-07
465 1.03737e-05 1.10636e-07
465.5 1.03737e-05 1.10636e-07
465.5 1.03737e-05 1.10636e-07
466 1.03737e-05 1.10636e-07
466 1.03737e-05 1.10636e-07
466.5 1.03737e-05 1.10636e-07
466.5 1.03737e-05 1.10636e-07
467 1.03737e-05 1.10636e-07
467 1.03737e-05 1.10636e-07
467.5 1.03737e-05 1.10636e-07
467.5 1.03737e-05 1.10636e-07
468 1.03737e-05 1.10636e-07
468 1.03737e-05 1.10636e-07
468.5 1.03737e-05 1.10636e-07
468.5 1.03737e-05 1.10636e-07
469 1.03737e-05 1.10636e-07
469 1.03737e-05 1.10636e-07
469.5 1.03737e-05 1.10636e-07
469.5 1.03737e-05 1.10636e-07
470 1.03737e-05 1.10636e-07
470 1.03737e-05 1.10636e-07
470.5 1.03737e-05 1.10636e-07
470.5 1.03737e-05 1.10636e-07
471 1.03737e-05 1.10636e-07
471 1.03737e-05 1.10636e-07
471.5 1.03737e-05 1.10636e-07
471.5 1.03737e-05 1.10636e-07
472 1.03737e-05 1.10636e-07
472 1.03737e-05 1.10636e-07
472.5 1.03737e-05 1.10636e-07
472.5 1.03737e-05 1.10636e-07
473 1.03737e-05 1.10636e-07
473 1.03737e-05 1.10636e-07
473.5 1.03737e-05 1.10636e-07
473.5 1.03737e-05 1.10636e-07
474 1.03737e-05 1.10636e-07
474 1.03737e-05 1.10636e-07
474.5 1.03737e-05 1.10636e-07
474.5 1.03737e-05 1.10636e-07
475 1.03737e-05 1.10636e-07
475 1.03737e-05 1.10636e-07
475.5 1.03737e-05 1.10636e-07
475.5 1.03737e-05 1.10636e-07
476 1.03737e-05 1.10636e-07
476 1.03737e-05 1.10636e-07
476.5 1.03737e-05 1.10636e-07
476.5 1.03737e-05 1.10636e-07
477 1.03737e-05 1.10636e-07
477 1.03737e-05 1.10636e-07
477.5 1.03737e-05 1.10636e-07
477.5 1.03737e-05 1.10636e-07
478 1.03737e-05 1.10636e-07
478 1.03737e-05 1.10636e-07
478.5 1.03737e-05 1.10636e-07
478.5 1.03737e-05 1.10636e-07
479 1.03737e-05 1.10636e-07
479 1.03737e-05 1.10636e-07
479.5 1.03737e-05 1.10636e-07
479.5 1.03737e-05 1.10636e-07
480 1.03737e-05 1.10636e-07
480 1.03737e-05 1.10636e-07
480.5 1.03737e-05 1.10636e-07
480.5 1.03737e-05 1.10636e-07
481 1.03737e-05 1.10636e-07
481 1.03737e-05 1.10636e-07
481.5 1.03737e-05 1.10636e-07
481.5 1.03737e-05 1.10636e-07
482 1.03737e-05 1.10636e-07
482 1.03737e-05 1.10636e-07
482.5 1.03737e-05 1.10636e-07
482.5 1.03737e-05 1.10636e-07
483 1.03737e-05 1.10636e-07
483 1.03737e-05 1.10636e-07
483.5 1.03737e-05 1.10636e-07
483.5 1.03737e-05 1.10636e-07
484 1.03737e-05 1.10636e-07
484 1.03737e-05 1.10636e-07
484.5 1.03737e-05 1.10636e-07
484.5 1.03737e-05 1.10636e-07
485 1.03737e-05 1.10636e-07
485 1.03737e-05 1.10636e-07
485.5 1.03737e-05 1.10636e-07
485.5 1.03737e-05 1.10636e-07
486 1.03737e-05 1.10636e-07
486 1.03737e-05 1.10636e-07
486.5 1.03737e-05 1.10636e-07
486.5 1.03737e-05 1.10636e-07
487 1.03737e-05 1.10636e-07
487 1.03737e-05 1.10636e-07
487.5 1.03737e-05 1.10636e-07
487.5 1.03737e-05 1.10636e-07
488 1.03737e-05 1.10636e-07
488 1.03737e-05 1.10636e-07
488.5 1.03737e-05 1.10636e-07
488.5 1.03737e-05 1.10636e-07
489 1.03737e-05 1.10636e-07
489 1.03737e-05 1.10636e-07
489.5 1.03737e-05 1.10636e-07
489.5 1.03737e-05 1.10636e-07
490 1.03737e-05 1.10636e-07
490 1.03737e-05 1.10636e-07
490.5 1.03737e-05 1.10636e-07
490.5 1.03737e-05 1.10636e-07
491 1.03737e-05 1.10636e-07
491 1.03737e-05 1.10636e-07
491.5 1.03737e-05 1.10636e-07
491.5 1.03737e-05 1.10636e-07
492 1.03737e-05 1.10636e-07
492 1.03737e-05 1.10636e-07
492.5 1.03737e-05 1.10636e-07
492.5 1.03737e-05 1.10636e-07
493 1.03737e-05 1.10636e-07
493 1.03737e-05 1.10636e-07
493.5 1.03737e-05 1.10636e-07
493.5 1.03737e-05 1.10636e-07
494 1.03737e-05 1.10636e-07
494 1.03737e-05 1.10636e-07
494.5 1.03737e-05 1.10636e-07
494.5 1.03737e-05 1.10636e-07
495 1.03737e-05 1.10636e-07
495 1.03737e-05 1.10636e-07
495.5 1.03737e-05 1.10636e-07
495.5 1.03737e-05 1.10636e-07
496 1.03737e-05 1.10636e-07
496 1.03737e-05 1.10636e-07
496.5 1.03737e-05 1.10636e-07
496.5 1.03737e-05 1.10636e-07
497 1.03737e-05 1.10636e-07
497 1.03737e-05 1.10636e-07
497.5 1.03737e-05 1.10636e-07
497.5 1.03737e-05 1.10636e-07
498 1.03737e-05 1.10636e-07
498 1.03737e-05 1.10636e-07
498.5 1.03737e-05 1.10636e-07
498.5 1.03737e-05 1.10636e-07
499 1.03737e-05 1.10636e-07
499 1.03737e-05 1.10636e-07
499.5 1.03737e-05 1.10636e-07
499.5 1.03737e-05 1.10636e-07
500 1.03737e-05 1.10636e-07
500 1.03737e-05 1.10636e-07
510 1.03737e-05 1.10636e-07
