#      z (A)        rho (1e-6/A2)       irho (1e-6/A2)
-10.00000000   2.06900000   0.00000000
  0.00000000   2.06900000   0.00000000
  0.00000000   3.41302740   0.00000000
 20.17967732   3.41302740   0.00000000
 20.17967732   3.13101998   0.00000000
 40.42077960   3.13101998   0.00000000
 40.42077960   4.50688841   0.00000000
199.72361758   4.50688841   0.00000000
199.72361758   4.50688843   0.00000000
209.72361758   4.50688843   0.00000000
209.72361758   4.50528306   0.00000000
210.22361758   4.50528306   0.00000000
210.22361758   4.50394336   0.00000000
210.72361758   4.50394336   0.00000000
210.72361758   4.50164324   0.00000000
211.22361758   4.50164324   0.00000000
211.22361758   4.49781278   0.00000000
211.72361758   4.49781278   0.00000000
211.72361758   4.49162321   0.00000000
212.22361758   4.49162321   0.00000000
212.22361758   4.48191600   0.00000000
212.72361758   4.48191600   0.00000000
212.72361758   4.46713715   0.00000000
213.22361758   4.46713715   0.00000000
213.22361758   4.44529133   0.00000000
213.72361758   4.44529133   0.00000000
213.72361758   4.41393468   0.00000000
214.22361758   4.41393468   0.00000000
214.22361758   4.37022623   0.00000000
214.72361758   4.37022623   0.00000000
214.72361758   4.31105553   0.00000000
215.22361758   4.31105553   0.00000000
215.22361758   4.23325587   0.00000000
215.72361758   4.23325587   0.00000000
215.72361758   4.13389929   0.00000000
216.22361758   4.13389929   0.00000000
216.22361758   4.01065178   0.00000000
216.72361758   4.01065178   0.00000000
216.72361758   3.86214906   0.00000000
217.22361758   3.86214906   0.00000000
217.22361758   3.68833799   0.00000000
217.72361758   3.68833799   0.00000000
217.72361758   3.49072232   0.00000000
218.22361758   3.49072232   0.00000000
218.22361758   3.27245610   0.00000000
218.72361758   3.27245610   0.00000000
218.72361758   3.03824651   0.00000000
219.22361758   3.03824651   0.00000000
219.22361758   2.79405659   0.00000000
219.72361758   2.79405659   0.00000000
219.72361758   2.54663282   0.00000000
220.22361758   2.54663282   0.00000000
220.22361758   2.30291561   0.00000000
220.72361758   2.30291561   0.00000000
220.72361758   2.06941351   0.00000000
221.22361758   2.06941351   0.00000000
221.22361758   1.85163070   0.00000000
221.72361758   1.85163070   0.00000000
221.72361758   1.65362738   0.00000000
222.22361758   1.65362738   0.00000000
222.22361758   1.47776923   0.00000000
222.72361758   1.47776923   0.00000000
222.72361758   1.32468773   0.00000000
223.22361758   1.32468773   0.00000000
223.22361758   1.19343815   0.00000000
223.72361758   1.19343815   0.00000000
223.72361758   1.08181238   0.00000000
224.22361758   1.08181238   0.00000000
224.22361758   0.98674535   0.00000000
224.72361758   0.98674535   0.00000000
224.72361758   0.90474876   0.00000000
225.22361758   0.90474876   0.00000000
225.22361758   0.83231296   0.00000000
225.72361758   0.83231296   0.00000000
225.72361758   0.76623367   0.00000000
226.22361758   0.76623367   0.00000000
226.22361758   0.70383943   0.00000000
226.72361758   0.70383943   0.00000000
226.72361758   0.64311496   0.00000000
227.22361758   0.64311496   0.00000000
227.22361758   0.58273011   0.00000000
227.72361758   0.58273011   0.00000000
227.72361758   0.52199410   0.00000000
228.22361758   0.52199410   0.00000000
228.22361758   0.46075829   0.00000000
228.72361758   0.46075829   0.00000000
228.72361758   0.39929057   0.00000000
229.22361758   0.39929057   0.00000000
229.22361758   0.33814112   0.00000000
229.72361758   0.33814112   0.00000000
229.72361758   0.27801440   0.00000000
230.22361758   0.27801440   0.00000000
230.22361758   0.21965763   0.00000000
230.72361758   0.21965763   0.00000000
230.72361758   0.16377133   0.00000000
231.22361758   0.16377133   0.00000000
231.22361758   0.11094439   0.00000000
231.72361758   0.11094439   0.00000000
231.72361758   0.06161322   0.00000000
232.22361758   0.06161322   0.00000000
232.22361758   0.01604300   0.00000000
232.72361758   0.01604300   0.00000000
232.72361758  -0.02567214   0.00000000
233.22361758  -0.02567214   0.00000000
233.22361758  -0.06359392   0.00000000
233.72361758  -0.06359392   0.00000000
233.72361758  -0.09791370   0.00000000
234.22361758  -0.09791370   0.00000000
234.22361758  -0.12891949   0.00000000
234.72361758  -0.12891949   0.00000000
234.72361758  -0.15695975   0.00000000
235.22361758  -0.15695975   0.00000000
235.22361758  -0.18240766   0.00000000
235.72361758  -0.18240766   0.00000000
235.72361758  -0.20562820   0.00000000
236.22361758  -0.20562820   0.00000000
236.22361758  -0.22695056   0.00000000
236.72361758  -0.22695056   0.00000000
236.72361758  -0.24664690   0.00000000
237.22361758  -0.24664690   0.00000000
237.22361758  -0.26491835   0.00000000
237.72361758  -0.26491835   0.00000000
237.72361758  -0.28188830   0.00000000
238.22361758  -0.28188830   0.00000000
238.22361758  -0.29760240   0.00000000
238.72361758  -0.29760240   0.00000000
238.72361758  -0.31203459   0.00000000
239.22361758  -0.31203459   0.00000000
239.22361758  -0.32509770   0.00000000
239.72361758  -0.32509770   0.00000000
239.72361758  -0.33665732   0.00000000
240.22361758  -0.33665732   0.00000000
240.22361758  -0.34654742   0.00000000
240.72361758  -0.34654742   0.00000000
240.72361758  -0.35458609   0.00000000
241.22361758  -0.35458609   0.00000000
241.22361758  -0.36059002   0.00000000
241.72361758  -0.36059002   0.00000000
241.72361758  -0.36438665   0.00000000
242.22361758  -0.36438665   0.00000000
242.22361758  -0.36582287   0.00000000
242.72361758  -0.36582287   0.00000000
242.72361758  -0.36477000   0.00000000
243.22361758  -0.36477000   0.00000000
243.22361758  -0.36112477   0.00000000
243.72361758  -0.36112477   0.00000000
243.72361758  -0.35480683   0.00000000
244.22361758  -0.35480683   0.00000000
244.22361758  -0.34575350   0.00000000
244.72361758  -0.34575350   0.00000000
244.72361758  -0.33391291   0.00000000
245.22361758  -0.33391291   0.00000000
245.22361758  -0.31923699   0.00000000
245.72361758  -0.31923699   0.00000000
245.72361758  -0.30167592   0.00000000
246.22361758  -0.30167592   0.00000000
246.22361758  -0.28117540   0.00000000
246.72361758  -0.28117540   0.00000000
246.72361758  -0.25767820   0.00000000
247.22361758  -0.25767820   0.00000000
247.22361758  -0.23113084   0.00000000
247.72361758  -0.23113084   0.00000000
247.72361758  -0.20149569   0.00000000
248.22361758  -0.20149569   0.00000000
248.22361758  -0.16876832   0.00000000
248.72361758  -0.16876832   0.00000000
248.72361758  -0.13299911   0.00000000
249.22361758  -0.13299911   0.00000000
249.22361758  -0.09431736   0.00000000
249.72361758  -0.09431736   0.00000000
249.72361758  -0.05295576   0.00000000
250.22361758  -0.05295576   0.00000000
250.22361758  -0.00927269   0.00000000
250.72361758  -0.00927269   0.00000000
250.72361758   0.03623065   0.00000000
251.22361758   0.03623065   0.00000000
251.22361758   0.08290075   0.00000000
251.72361758   0.08290075   0.00000000
251.72361758   0.12993222   0.00000000
252.22361758   0.12993222   0.00000000
252.22361758   0.17637970   0.00000000
252.72361758   0.17637970   0.00000000
252.72361758   0.22118192   0.00000000
253.22361758   0.22118192   0.00000000
253.22361758   0.26319741   0.00000000
253.72361758   0.26319741   0.00000000
253.72361758   0.30125030   0.00000000
254.22361758   0.30125030   0.00000000
254.22361758   0.33418377   0.00000000
254.72361758   0.33418377   0.00000000
254.72361758   0.36091753   0.00000000
255.22361758   0.36091753   0.00000000
255.22361758   0.38050551   0.00000000
255.72361758   0.38050551   0.00000000
255.72361758   0.39218936   0.00000000
256.22361758   0.39218936   0.00000000
256.22361758   0.39544370   0.00000000
256.72361758   0.39544370   0.00000000
256.72361758   0.39000968   0.00000000
257.22361758   0.39000968   0.00000000
257.22361758   0.37591393   0.00000000
257.72361758   0.37591393   0.00000000
257.72361758   0.35347153   0.00000000
258.22361758   0.35347153   0.00000000
258.22361758   0.32327250   0.00000000
258.72361758   0.32327250   0.00000000
258.72361758   0.28615293   0.00000000
259.22361758   0.28615293   0.00000000
259.22361758   0.24315272   0.00000000
259.72361758   0.24315272   0.00000000
259.72361758   0.19546327   0.00000000
260.22361758   0.19546327   0.00000000
260.22361758   0.14436871   0.00000000
260.72361758   0.14436871   0.00000000
260.72361758   0.09118497   0.00000000
261.22361758   0.09118497   0.00000000
261.22361758   0.03720065   0.00000000
261.72361758   0.03720065   0.00000000
261.72361758  -0.01637645   0.00000000
262.22361758  -0.01637645   0.00000000
262.22361758  -0.06846422   0.00000000
262.72361758  -0.06846422   0.00000000
262.72361758  -0.11814042   0.00000000
263.22361758  -0.11814042   0.00000000
263.22361758  -0.16466476   0.00000000
263.72361758  -0.16466476   0.00000000
263.72361758  -0.20748898   0.00000000
264.22361758  -0.20748898   0.00000000
264.22361758  -0.24625550   0.00000000
264.72361758  -0.24625550   0.00000000
264.72361758  -0.28078614   0.00000000
265.22361758  -0.28078614   0.00000000
265.22361758  -0.31106303   0.00000000
265.72361758  -0.31106303   0.00000000
265.72361758  -0.33720395   0.00000000
266.22361758  -0.33720395   0.00000000
266.22361758  -0.35943455   0.00000000
266.72361758  -0.35943455   0.00000000
266.72361758  -0.37805966   0.00000000
267.22361758  -0.37805966   0.00000000
267.22361758  -0.39343571   0.00000000
267.72361758  -0.39343571   0.00000000
267.72361758  -0.40594569   0.00000000
268.22361758  -0.40594569   0.00000000
268.22361758  -0.41597783   0.00000000
268.72361758  -0.41597783   0.00000000
268.72361758  -0.42390843   0.00000000
269.22361758  -0.42390843   0.00000000
269.22361758  -0.43008919   0.00000000
269.72361758  -0.43008919   0.00000000
269.72361758  -0.43483863   0.00000000
270.22361758  -0.43483863   0.00000000
270.22361758  -0.43843738   0.00000000
270.72361758  -0.43843738   0.00000000
270.72361758  -0.44112650   0.00000000
271.22361758  -0.44112650   0.00000000
271.22361758  -0.44310831   0.00000000
271.72361758  -0.44310831   0.00000000
271.72361758  -0.44454895   0.00000000
272.22361758  -0.44454895   0.00000000
272.22361758  -0.44558204   0.00000000
272.72361758  -0.44558204   0.00000000
272.72361758  -0.44631296   0.00000000
273.22361758  -0.44631296   0.00000000
273.22361758  -0.44682325   0.00000000
273.72361758  -0.44682325   0.00000000
273.72361758  -0.44787251   0.00000000
349.72361758  -0.44787251   0.00000000
349.72361758  -0.44787251   0.00000000
359.72361758  -0.44787251   0.00000000
