# z rho mu
-10 2.07e-06 0
0 2.07e-06 0
0 2.07e-06 0
0 2.07e-06 0
0 2.07e-06 0
0 2.07e-06 0
0 2.07e-06 0
0 2.07e-06 0
0 2.07e-06 0
0 2.07e-06 0
0 2.07e-06 0
0 2.07e-06 0
0 2.07e-06 0
0 2.07e-06 0
0 2.07e-06 0
0 2.07e-06 0
0 2.07e-06 0
0 2.07e-06 0
0 2.07e-06 0
0 2.07e-06 0
0 2.07e-06 0
0 2.07e-06 0
0 2.07e-06 0
0.5 2.07e-06 0
0.5 2.07e-06 0
1 2.07e-06 0
1 2.07e-06 0
1.5 2.07e-06 0
1.5 2.07e-06 0
2 2.07e-06 0
2 2.07e-06 0
2.5 2.07e-06 0
2.5 2.07e-06 0
3 2.07e-06 0
3 2.07e-06 0
3.5 2.07e-06 0
3.5 2.07e-06 0
4 2.07e-06 0
4 2.07e-06 0
4.5 2.07e-06 0
4.5 2.07e-06 0
5 2.07e-06 0
5 2.07e-06 0
5.5 2.07e-06 0
5.5 2.07e-06 0
6 2.07e-06 0
6 2.07e-06 0
6.5 2.07e-06 0
6.5 2.07001e-06 0
7 2.07001e-06 0
7 2.07001e-06 0
7.5 2.07001e-06 0
7.5 2.07002e-06 0
8 2.07002e-06 0
8 2.07005e-06 0
8.5 2.07005e-06 0
8.5 2.07009e-06 0
9 2.07009e-06 0
9 2.07018e-06 0
9.5 2.07018e-06 0
9.5 2.06952e-06 0
10 2.06952e-06 0
10 2.07018e-06 0
10.5 2.07018e-06 0
10.5 2.07089e-06 0
11 2.07089e-06 0
11 2.07187e-06 0
11.5 2.07187e-06 0
11.5 2.07334e-06 0
12 2.07334e-06 0
12 2.07564e-06 0
12.5 2.07564e-06 0
12.5 2.07917e-06 0
13 2.07917e-06 0
13 2.08452e-06 0
13.5 2.08452e-06 0
13.5 2.09239e-06 0
14 2.09239e-06 0
14 2.10367e-06 0
14.5 2.10367e-06 0
14.5 2.1194e-06 0
15 2.1194e-06 0
15 2.14073e-06 0
15.5 2.14073e-06 0
15.5 2.16887e-06 0
16 2.16887e-06 0
16 2.20499e-06 0
16.5 2.20499e-06 0
16.5 2.25008e-06 0
17 2.25008e-06 0
17 2.30481e-06 0
17.5 2.30481e-06 0
17.5 2.36945e-06 0
18 2.36945e-06 0
18 2.44369e-06 0
18.5 2.44369e-06 0
18.5 2.52664e-06 0
19 2.52664e-06 0
19 2.61677e-06 0
19.5 2.61677e-06 0
19.5 2.71205e-06 0
20 2.71205e-06 0
20 2.81e-06 0
20.5 2.81e-06 0
20.5 2.90795e-06 0
21 2.90795e-06 0
21 3.00323e-06 0
21.5 3.00323e-06 0
21.5 3.09336e-06 0
22 3.09336e-06 0
22 3.17631e-06 0
22.5 3.17631e-06 0
22.5 3.25055e-06 0
23 3.25055e-06 0
23 3.31519e-06 0
23.5 3.31519e-06 0
23.5 3.36992e-06 0
24 3.36992e-06 0
24 3.415e-06 0
24.5 3.415e-06 0
24.5 3.45112e-06 0
25 3.45112e-06 0
25 3.47925e-06 0
25.5 3.47925e-06 0
25.5 3.50056e-06 0
26 3.50056e-06 0
26 3.51625e-06 0
26.5 3.51625e-06 0
26.5 3.52745e-06 0
27 3.52745e-06 0
27 3.53516e-06 0
27.5 3.53516e-06 0
27.5 3.54022e-06 0
28 3.54022e-06 0
28 3.54324e-06 0
28.5 3.54324e-06 0
28.5 3.54462e-06 0
29 3.54462e-06 0
29 3.54456e-06 0
29.5 3.54456e-06 0
29.5 3.54298e-06 0
30 3.54298e-06 0
30 3.53959e-06 0
30.5 3.53959e-06 0
30.5 3.53381e-06 0
31 3.53381e-06 0
31 3.52477e-06 0
31.5 3.52477e-06 0
31.5 3.51127e-06 0
32 3.51127e-06 0
32 3.49184e-06 0
32.5 3.49184e-06 0
32.5 3.46466e-06 0
33 3.46466e-06 0
33 3.42773e-06 0
33.5 3.42773e-06 0
33.5 3.37892e-06 0
34 3.37892e-06 0
34 3.31616e-06 0
34.5 3.31616e-06 0
34.5 3.23766e-06 0
35 3.23766e-06 0
35 3.14212e-06 0
35.5 3.14212e-06 0
35.5 3.02903e-06 0
36 3.02903e-06 0
36 2.89888e-06 0
36.5 2.89888e-06 0
36.5 2.75327e-06 0
37 2.75327e-06 0
37 2.59508e-06 0
37.5 2.59508e-06 0
37.5 2.4283e-06 0
38 2.4283e-06 0
38 2.25792e-06 0
38.5 2.25792e-06 0
38.5 2.08956e-06 0
39 2.08956e-06 0
39 1.92905e-06 0
39.5 1.92905e-06 0
39.5 1.78187e-06 0
40 1.78187e-06 0
40 1.65272e-06 0
40.5 1.65272e-06 0
40.5 1.54502e-06 0
41 1.54502e-06 0
41 1.46061e-06 0
41.5 1.46061e-06 0
41.5 1.39968e-06 0
42 1.39968e-06 0
42 1.36082e-06 0
42.5 1.36082e-06 0
42.5 1.3413e-06 0
43 1.3413e-06 0
43 1.33746e-06 0
43.5 1.33746e-06 0
43.5 1.34509e-06 0
44 1.34509e-06 0
44 1.35977e-06 0
44.5 1.35977e-06 0
44.5 1.37711e-06 0
45 1.37711e-06 0
45 1.39285e-06 0
45.5 1.39285e-06 0
45.5 1.40285e-06 0
46 1.40285e-06 0
46 1.40314e-06 0
46.5 1.40314e-06 0
46.5 1.38994e-06 0
47 1.38994e-06 0
47 1.35987e-06 0
47.5 1.35987e-06 0
47.5 1.31031e-06 0
48 1.31031e-06 0
48 1.23974e-06 0
48.5 1.23974e-06 0
48.5 1.14821e-06 0
49 1.14821e-06 0
49 1.03753e-06 0
49.5 1.03753e-06 0
49.5 9.11285e-07 0
50 9.11285e-07 0
50 7.74586e-07 0
50.5 7.74586e-07 0
50.5 6.33496e-07 0
51 6.33496e-07 0
51 4.94316e-07 0
51.5 4.94316e-07 0
51.5 3.62831e-07 0
52 3.62831e-07 0
52 2.43667e-07 0
52.5 2.43667e-07 0
52.5 1.3988e-07 0
53 1.3988e-07 0
53 5.28211e-08 0
53.5 5.28211e-08 0
53.5 -1.77267e-08 0
54 -1.77267e-08 0
54 -7.32132e-08 0
54.5 -7.32132e-08 0
54.5 -1.15883e-07 0
55 -1.15883e-07 0
55 -1.48335e-07 0
55.5 -1.48335e-07 0
55.5 -1.73146e-07 0
56 -1.73146e-07 0
56 -1.92612e-07 0
56.5 -1.92612e-07 0
56.5 -2.086e-07 0
57 -2.086e-07 0
57 -2.22508e-07 0
57.5 -2.22508e-07 0
57.5 -2.35284e-07 0
58 -2.35284e-07 0
58 -2.47501e-07 0
58.5 -2.47501e-07 0
58.5 -2.59432e-07 0
59 -2.59432e-07 0
59 -2.71127e-07 0
59.5 -2.71127e-07 0
59.5 -2.82486e-07 0
60 -2.82486e-07 0
60 -2.9331e-07 0
60.5 -2.9331e-07 0
60.5 -3.03344e-07 0
61 -3.03344e-07 0
61 -3.12311e-07 0
61.5 -3.12311e-07 0
61.5 -3.19938e-07 0
62 -3.19938e-07 0
62 -3.25978e-07 0
62.5 -3.25978e-07 0
62.5 -3.30228e-07 0
63 -3.30228e-07 0
63 -3.3254e-07 0
63.5 -3.3254e-07 0
63.5 -3.32833e-07 0
64 -3.32833e-07 0
64 -3.31097e-07 0
64.5 -3.31097e-07 0
64.5 -3.27393e-07 0
65 -3.27393e-07 0
65 -3.21851e-07 0
65.5 -3.21851e-07 0
65.5 -3.14661e-07 0
66 -3.14661e-07 0
66 -3.06062e-07 0
66.5 -3.06062e-07 0
66.5 -2.96326e-07 0
67 -2.96326e-07 0
67 -2.85745e-07 0
67.5 -2.85745e-07 0
67.5 -2.74604e-07 0
68 -2.74604e-07 0
68 -2.63167e-07 0
68.5 -2.63167e-07 0
68.5 -2.51638e-07 0
69 -2.51638e-07 0
69 -2.40135e-07 0
69.5 -2.40135e-07 0
69.5 -2.28639e-07 0
70 -2.28639e-07 0
70 -2.16934e-07 0
70.5 -2.16934e-07 0
70.5 -2.04542e-07 0
71 -2.04542e-07 0
71 -1.90635e-07 0
71.5 -1.90635e-07 0
71.5 -1.73969e-07 0
72 -1.73969e-07 0
72 -1.52828e-07 0
72.5 -1.52828e-07 0
72.5 -1.25039e-07 0
73 -1.25039e-07 0
73 -8.8061e-08 0
73.5 -8.8061e-08 0
73.5 -3.91972e-08 0
74 -3.91972e-08 0
74 2.40781e-08 0
74.5 2.40781e-08 0
74.5 1.03695e-07 0
75 1.03695e-07 0
75 2.00531e-07 0
75.5 2.00531e-07 0
75.5 3.14002e-07 0
76 3.14002e-07 0
76 4.41817e-07 0
76.5 4.41817e-07 0
76.5 5.79974e-07 0
77 5.79974e-07 0
77 7.23048e-07 0
77.5 7.23048e-07 0
77.5 8.64736e-07 0
78 8.64736e-07 0
78 9.98593e-07 0
78.5 9.98593e-07 0
78.5 1.11879e-06 0
79 1.11879e-06 0
79 1.22077e-06 0
79.5 1.22077e-06 0
79.5 1.30166e-06 0
80 1.30166e-06 0
80 1.36036e-06 0
80.5 1.36036e-06 0
80.5 1.3974e-06 0
81 1.3974e-06 0
81 1.41453e-06 0
81.5 1.41453e-06 0
81.5 1.41424e-06 0
82 1.41424e-06 0
82 1.39938e-06 0
82.5 1.39938e-06 0
82.5 1.37281e-06 0
83 1.37281e-06 0
83 1.33728e-06 0
83.5 1.33728e-06 0
83.5 1.29537e-06 0
84 1.29537e-06 0
84 1.24961e-06 0
84.5 1.24961e-06 0
84.5 1.20244e-06 0
85 1.20244e-06 0
85 1.15624e-06 0
85.5 1.15624e-06 0
85.5 1.11319e-06 0
86 1.11319e-06 0
86 1.07516e-06 0
86.5 1.07516e-06 0
86.5 1.04345e-06 0
87 1.04345e-06 0
87 1.01876e-06 0
87.5 1.01876e-06 0
87.5 1.00107e-06 0
88 1.00107e-06 0
88 9.89776e-07 0
88.5 9.89776e-07 0
88.5 9.8382e-07 0
89 9.8382e-07 0
89 9.81905e-07 0
89.5 9.81905e-07 0
89.5 9.82712e-07 0
90 9.82712e-07 0
90 9.85068e-07 0
90.5 9.85068e-07 0
90.5 9.88052e-07 0
91 9.88052e-07 0
91 9.91029e-07 0
91.5 9.91029e-07 0
91.5 9.93633e-07 0
92 9.93633e-07 0
92 9.95708e-07 0
92.5 9.95708e-07 0
92.5 9.97244e-07 0
93 9.97244e-07 0
93 9.9831e-07 0
93.5 9.9831e-07 0
93.5 9.99009e-07 0
94 9.99009e-07 0
94 9.99444e-07 0
94.5 9.99444e-07 0
94.5 1e-06 0
95 1e-06 0
95 1e-06 0
95.5 1e-06 0
95.5 1e-06 0
96 1e-06 0
96 1e-06 0
96.5 1e-06 0
96.5 1e-06 0
97 1e-06 0
97 1e-06 0
97.5 1e-06 0
97.5 1e-06 0
98 1e-06 0
98 1e-06 0
98.5 1e-06 0
98.5 1e-06 0
99 1e-06 0
99 1e-06 0
99.5 1e-06 0
99.5 1e-06 0
100 1e-06 0
100 1e-06 0
110 1e-06 0
