	PCPIP2MAM0.015
0.2306	20.10092228544
0.2316	19.93206286848
0.2326	19.75454399424
0.2338	19.55104674816
0.2348	19.38651705984
0.2359	19.22631710016
0.237	19.0574576832
0.2381	18.87127935168
0.2391	18.7327280352
0.2403	18.57252807552
0.2421	18.2131605984
0.2432	17.93605796544
0.2448	17.5637013024
0.246	17.30824731264
0.247	17.087431152
0.2488	16.80166906176
0.25	16.70641503168
0.251	16.52023670016
0.2522	16.320636209856
0.2532	16.09375842912
0.2542	15.864715784064
0.2554	15.638270976192
0.2564	15.521801275776
0.2575	15.391476443712
0.2586	15.280635390528
0.2597	15.101817597696
0.2607	14.802200375808
0.2619	14.53722098304
0.2629	14.185647017472
0.2639	14.060084886912
0.2651	13.995138957312
0.2669	13.898153035776
0.2681	13.78817792832
0.2707	13.30541318496
0.2718	13.046928385152
0.2736	12.892357072704
0.2748	13.074205675584
0.2758	13.096720264512
0.2769	12.61049173824
0.278	12.323863702272
0.279	12.22514588928
0.2802	12.857719243584
0.2812	12.817452767232
0.2823	12.71224036128
0.2833	13.06944297408
0.2845	13.228776988032
0.2855	13.3530402
0.2866	13.386379110528
0.2877	13.4937563808
0.2887	13.700717409792
0.2899	13.864381152384
0.2909	13.980417879936
0.2928	14.2622832144
0.2939	14.477470727808
0.2966	14.8359722592
0.2976	15.00266681184
0.2996	15.409661304
0.3006	15.652992053568
0.3016	15.886364427264
0.3028	16.125365448192
0.3038	16.319337291264
0.3049	16.47693941376
0.306	16.58085290112
0.307	16.66744747392
0.3081	16.7410528608
0.3092	16.77569068992
0.3103	16.78867987584
0.3114	16.80166906176
0.3125	16.82331770496
0.3135	16.8492960768
0.3145	16.88393390592
0.3157	16.91857173504
0.3167	16.95320956416
0.3186	17.0008365792
0.3197	17.0657825088
0.3207	17.14804735296
0.3224	17.20433382528
0.3234	17.28659866944
0.3246	17.36020405632
0.3264	17.40350134272
0.3275	17.42947971456
0.3286	17.45978781504
0.3296	17.4987553728
0.3308	17.57236075968
0.3318	17.61132831744
0.3328	17.63297696064
0.334	17.64596614656
0.335	17.6935931616
0.3361	17.68060397568
0.3372	17.70225261888
0.3382	17.71091207616
0.3393	17.65462560384
0.3404	17.65895533248
0.3415	17.68060397568
0.3425	17.66761478976
0.3436	17.66328506112
0.3455	17.66761478976
0.3466	17.6719445184
0.3476	17.6935931616
0.3503	17.65462560384
0.3514	17.63297696064
0.3525	17.5853499456
0.3543	17.51174455872
0.3555	17.48143645824
0.3565	17.42514998592
0.3576	17.40350134272
0.3587	17.37752297088
0.3597	17.30824731264
0.3608	17.26495002624
0.3619	17.2173230112
0.363	17.16103653888
0.364	17.13505816704
0.3651	17.05279332288
0.3662	17.01382576512
0.3672	16.90125282048
0.3684	16.84063661952
0.3694	16.75837177536
0.3704	16.72373394624
0.3716	16.68043665984
0.3734	16.58518262976
0.3745	16.50724751424
0.3756	16.42065294144
0.3783	16.177322191872
0.3793	16.18251786624
0.3804	16.14138544416
0.3823	16.016689259328
0.3834	15.894157938816
0.3844	15.784615804224
0.3855	15.698887177152
0.3866	15.574623965184
0.3877	15.4421342688
0.3887	15.404465629632
0.3897	15.398404009536
0.3909	15.355972668864
0.3919	15.378487257792
0.393	15.399269955264
0.3941	15.380652122112
0.3951	15.307479708096
0.3963	15.18018568608
0.3973	15.063715985664
0.3983	15.021717617856
0.3995	14.97235871136
0.4005	14.93772088224
0.4023	14.808261995904
0.4035	14.72989390752
0.4045	14.692225268352
0.4062	14.683998783936
0.4072	14.629011230208
0.4082	14.557137734784
0.4094	14.474006944896
0.4112	14.396071829376
0.4123	14.37269129472
0.4134	14.267911861632
0.4144	14.102949200448
0.4155	13.93971843072
0.4166	13.855721695104
0.4176	13.709809839936
0.4188	13.575588252096
0.4198	13.459551524544
0.4208	13.30324832064
0.422	13.20582942624
0.423	13.233539689536
0.424	13.240900228224
0.4252	13.239601309632
0.4262	13.308876967872
0.4274	13.247394821184
0.4284	13.17768619008
0.4294	13.174655380032
0.4313	12.852090596352
0.4324	12.869409510912
0.4335	12.602698226688
0.4346	12.461982045888
0.4361	12.756836566272
0.4372	12.6819322608
0.4383	12.893655991296
0.4402	12.84646194912
0.4412	12.620883086976
0.4423	12.478867987584
0.4434	12.547277700096
0.4444	12.669809020608
0.4455	13.18201591872
0.4466	13.370792087424
0.4477	13.345679661312
0.4487	13.30757804928
0.4498	13.298918592
0.4509	13.259085088512
0.4519	13.151274845376
0.453	13.070741892672
0.4541	13.195871050368
0.4551	13.431841261248
0.4562	13.454355850176
0.4573	13.377719653248
0.4583	13.384214246208
0.4594	13.4937563808
0.4605	13.665646607808
0.4624	13.866978989568
0.4634	13.917203841792
0.4645	13.986479500032
0.4661	14.142349731072
0.4672	14.27743726464
0.4683	14.347145895744
0.4693	14.357970217344
0.4712	14.319435632448
0.4723	14.322033469632
0.4733	14.366629674624
0.4743	14.410792906752
0.4755	14.574456649344
0.4765	14.673174462336
0.4777	14.624681501568
0.4787	14.709544182912
0.4797	14.823416046144
0.4809	14.826446856192
0.4819	14.852858200896
0.4829	14.854157119488
0.4841	14.849394417984
0.4851	14.79051010848
0.4861	14.762799845184
0.4873	14.758470116544
0.4883	14.815622534592
0.4893	14.847229553664
0.4905	14.853724146624
0.4915	14.879702518464
0.4934	14.84896144512
0.4945	14.841600906432
0.4955	14.924298723456
0.4982	15.15853704288
0.4993	15.14771272128
0.5003	15.16503163584
0.5022	15.229111619712
0.5033	15.233008375488
0.5043	15.287562956352
0.5054	15.355539696
0.5065	15.430444001472
0.5075	15.501451551168
0.5087	15.59150990688
0.5097	15.677671506816
0.5107	15.727463386176
0.5119	15.727030413312
0.5129	15.720968793216
0.5139	15.739586626368
0.5151	15.696722312832
0.5161	15.622250980224
0.5171	15.607962875712
0.5183	15.624415844544
0.5193	15.659919619392
0.5203	15.742617436416
0.5215	15.858221191104
0.5225	16.008029802048
0.5235	15.96819629856
0.5254	15.969928190016
0.5265	15.965165488512
0.5275	15.926630903616
0.5286	15.873375241344
0.5302	15.854757408192
0.5313	15.862983892608
0.5324	15.878570915712
0.5334	15.936156306624
0.5353	15.953908194048
0.5363	15.903683341824
0.5375	15.8318098464
0.5385	15.827047144896
0.5395	15.789378505728
0.5407	15.768162835392
0.5417	15.821418497664
0.5427	15.807563366016
0.5439	15.778121211264
0.5449	15.72789635904
0.5459	15.703649878656
0.5471	15.651693134976
0.5481	15.614457468672
0.5491	15.578087748096
0.5503	15.540852081792
0.5513	15.527862895872
0.5524	15.45728831904
0.5535	15.487163446656
0.5545	15.43563967584
0.5555	15.35770456032
0.5566	15.28409917344
0.5577	15.271542960384
0.5596	15.226080809664
0.5606	15.136022453952
0.5616	15.094890031872
0.5628	15.076705171584
0.5643	14.969760874176
0.5655	14.926030614912
0.5665	14.922133859136
0.5675	14.983616005824
0.5694	15.003965730432
0.5705	14.892691704384
0.5716	14.763665790912
0.5726	14.629011230208
0.5737	14.638103660352
0.5748	14.60216691264
0.5758	14.518603149888
0.5768	14.496954506688
0.578	14.457553976064
0.579	14.438070197184
0.58	14.525097742848
0.5812	14.470543161984
0.5822	14.354939407296
0.5832	14.183482153152
0.5844	14.030209759296
0.5854	14.018519491968
0.5864	14.027178949248
0.5876	14.089960014528
0.5886	14.155338916992
0.5896	14.099052444672
0.5908	14.084331367296
0.5918	14.038003270848
0.5928	13.907678438784
0.5947	13.971325449792
0.5957	14.050992456768
0.5969	14.050992456768
0.5979	13.922832489024
0.5996	13.808527652928
0.6006	13.63663742592
0.6016	13.472973683328
0.6027	13.15603754688
0.6045	13.3205672352
0.6057	13.419285048192
0.6067	13.622349321408
0.6077	13.63230769728
0.6089	13.41365640096
0.6099	13.250858604096
0.6109	13.285496433216
0.612	13.401100187904
0.6131	13.318835343744
0.6141	13.284197514624
0.6151	13.246528875456
0.6163	12.810958174272
0.6173	12.946478680704
0.6183	12.584946339264
0.6195	12.705312795456
0.6205	12.060183228096
0.6216	12.11473780896
0.6227	12.125129157696
0.6237	12.014721077376
0.6248	11.829408691584
0.6258	11.920765965888
0.6269	12.469342584576
0.628	12.306544787712
0.629	11.962331360832
0.6309	11.990474596992
0.632	12.391407469056
0.633	12.537752297088
0.6341	12.488393390592
0.6351	12.897119774208
0.6367	13.190242403136
0.6378	13.220550503616
0.6388	13.094122427328
0.6399	12.335120996736
0.641	11.94804325632
0.6428	11.37435421152
0.6439	11.466577431552
0.645	12.13855131648
0.646	12.455920425792
0.6471	12.268876148544
0.6481	12.717436035648
0.6492	12.555504184512
0.6503	12.0432972864
0.6513	11.992206488448
0.6524	11.777451947904
0.6535	11.306377471872
0.6545	10.909774328448
0.6555	11.817718424256
0.6567	12.432106918272
0.6577	12.09308916576
0.6587	12.3030810048
0.6598	12.806628445632
0.6609	12.6169863312
0.662	12.615687412608
0.663	13.126162419264
0.6641	13.100617020288
0.6652	12.973322998272
0.6662	12.733456031616
0.6672	13.02614568768
0.6683	13.137419713728
0.6702	12.994105695744
0.6712	12.886728425472
0.6723	12.927860847552
0.6733	12.752506837632
0.6744	12.518268518208
0.677	12.31174046208
0.6782	12.861183026496
0.6792	13.168593759936
0.6802	13.153006736832
0.6813	12.878068968192
0.6831	12.732157113024
0.6843	12.576719854848
0.6853	12.50224852224
0.6863	11.972722709568
0.6874	11.770091409216
0.6885	11.096818605696
0.6895	11.033171594688
0.6906	11.394703936128
0.6917	11.8051622112
0.6927	11.93288920608
0.6938	11.789575188096
0.6948	12.297885330432
0.6959	11.978784329664
0.697	12.026411344704
0.698	11.443196896896
0.699	11.620282798272
0.7002	12.44163232128
0.7012	12.926994901824
0.7022	13.037402982144
0.7033	12.875038158144
0.7044	12.762898186368
0.7054	12.669809020608
0.7065	12.70141603968
0.7075	12.620450114112
0.7086	12.313472353536
0.7097	11.764895734848
0.7107	11.476535807424
0.7126	11.554903895808
0.7136	11.616386042496
0.7147	11.851923280512
0.7158	10.974720258048
0.7168	10.692854923584
0.7178	10.925361351552
0.7195	11.558800651584
0.7205	12.016885941696
0.7216	12.138118343616
0.7226	11.621148744
0.7237	11.197268310144
0.7256	11.575253620416
0.7266	12.27710263296
0.7277	11.972289736704
0.7287	11.157001833792
0.7298	11.506843907904
0.7308	11.494720667712
0.7319	11.221514790528
0.7329	11.168259128256
0.734	11.574387674688
0.7351	11.71640277408
0.7361	11.624179554048
0.7371	12.177085901376
0.7382	11.85062436192
0.7393	12.228176699328
0.7403	12.16669455264
0.7414	11.593438480704
0.7424	12.125129157696
0.7436	11.7185676384
0.7446	11.867510303616
0.7456	12.879800859648
0.7467	13.235271580992
0.7478	13.16469700416
0.7488	11.965795143744
0.7499	11.423713118016
0.7509	10.706277082368
0.752	10.739615992896
0.7531	10.704112218048
0.7541	11.031439703232
0.7551	11.457052028544
0.7562	12.033338910528
0.7573	12.303946950528
0.7591	12.697952256768
0.7602	13.17119159712
0.7612	12.927860847552
0.7622	12.745146298944
0.7633	12.00865945728
0.7644	11.922497857344
0.766	11.993072434176
0.767	12.379284228864
0.768	11.956269740736
0.7692	11.341448273856
0.7702	10.715802485376
0.7712	11.232772084992
0.7723	12.779784128064
0.7741	13.324463990976
0.7752	13.159501329792
0.7763	13.207561317696
0.7773	12.386644767552
0.7784	12.800133852672
0.7794	12.135953479296
0.7805	12.293555601792
0.7816	11.912972454336
0.7826	11.635003875648
0.7836	10.611888998016
0.7847	10.584611707584
0.7858	11.054820237888
0.7868	10.98034890528
0.7879	11.741515200192
0.7889	11.956269740736
0.7899	12.377119364544
0.7911	11.785245459456
0.7921	12.135087533568
0.7931	12.084862681344
0.7942	12.39617017056
0.7953	12.54771067296
0.7963	12.963797595264
0.7974	12.754238729088
0.7984	12.596636606592
0.7994	11.836769230272
0.8006	12.18184860288
0.8016	12.301349113344
0.8026	10.805860841088
0.8037	10.914970002816
0.8047	11.905178942784
0.8058	11.547976329984
0.8069	11.739783308736
0.8079	11.87227300512
0.8089	12.570658234752
0.8108	12.84862681344
0.8118	13.693789843968
0.8129	13.491158543616
0.814	12.785412775296
0.815	12.212589676224
0.8161	12.528659866944
0.8171	12.402231790656
0.8198	11.514637419456
0.8208	12.213455621952
0.8218	13.089792698688
0.8229	12.755970620544
0.8239	12.236836156608
0.8251	12.126428076288
0.8261	12.8551214064
0.8279	11.331489897984
0.829	11.232772084992
0.83	11.834604365952
0.831	12.613522548288
0.8321	12.70574576832
0.8332	12.565895533248
0.87	11.173887775488
0.8719	11.704712506752
0.8729	12.416952868032
0.8739	12.377552337408
0.875	12.23380534656
0.876	12.270175067136
0.877	12.6386349744
0.878	12.273205877184
0.8792	12.760733322048
0.8951	11.483896346112
0.8962	12.16452968832
0.8973	11.857984900608
0.8983	12.576286881984
0.8993	12.226011835008
0.9004	12.139850235072
0.9014	12.1840134672
0.9025	13.21881861216
0.9036	12.674138749248
0.9046	13.114039179072
0.9056	13.028310552
0.9067	12.82697817024
0.9077	12.187477250112
0.9087	12.210424811904
0.9099	11.315036929152
0.9109	11.219349926208
0.9119	11.145744539328
0.913	11.922497857344
0.914	13.352607227136
0.915	11.782647622272
0.9161	11.966661089472
0.9171	13.247827794048
0.9182	12.941283006336
0.9193	11.959300550784
0.9203	10.75953274464
0.9213	10.968658637952
0.9224	10.8309732672
0.9234	12.04979187936
0.9244	11.127992651904
0.9256	10.987709443968
0.9266	11.270007751296
0.9276	11.319799630656
0.9287	11.738484390144
0.9297	12.486661499136
0.9307	13.725829835904
0.9318	13.774322796672
0.9328	13.47860233056
0.9339	12.797536015488
0.935	13.351308308544
0.936	11.981382166848
0.937	11.312439091968
0.9381	11.327593142208
0.9391	11.830707610176
0.9401	12.820916550144
0.9412	13.728860645952
0.9423	13.904647628736
0.9433	12.704446849728
0.9444	13.283331568896
0.9454	12.803597635584
0.9464	12.117335646144
0.9475	11.073005098176
0.9485	9.655884914304
0.9495	9.714336250944
0.9506	10.347342578112
0.9517	11.576119566144
0.9535	13.294155890496
0.9545	13.392873703488
0.9556	13.336154258304
0.9567	13.176387271488
0.9577	14.080867584384
0.9587	13.390708839168
0.9598	11.914271372928
0.9608	12.468476638848
0.9618	12.5303917584
0.9629	12.828277088832
0.9639	11.738484390144
0.9649	11.61465415104
0.9661	11.807760048384
0.9671	12.703147931136
0.9697	12.746445217536
0.9707	11.161331562432
0.9717	10.275036109824
0.9728	9.957234027648
0.9738	9.760664347392
0.9748	9.749840025792
0.976	11.00849214144
0.977	11.610757395264
0.978	10.995935928384
0.9791	11.713371964032
0.9801	12.0865945728
0.9811	13.006228935936
0.9822	12.676303613568
0.9832	11.606860639488
0.9842	11.046593753472
0.9853	12.436869619776
0.9863	13.362565603008
