# "wavelength": 5.0
# "wavelength_resolution": 0.015
# "columns": ["Qz", "Intensity", "uncertainty", "resolution"]
# "units": ["1/Ang", "counts per monitor", "counts per monitor", "1/Ang"]
9.587503484704924e-03  2.921263014765077e-01  3.282797591182310e-02  3.687501340271112e-04
9.971003624093120e-03  2.522370231077504e-01  1.310477559370172e-02  3.835001393881955e-04
1.036984376905685e-02  2.367260810562407e-01  1.042776289780214e-02  3.988401449637234e-04
1.078463751981912e-02  2.138788338973590e-01  8.251874227851431e-03  4.147937507622723e-04
1.121602302061188e-02  2.100981543176877e-01  6.939738766740987e-03  4.313855007927632e-04
1.166466394143636e-02  1.962695788098647e-01  5.928661750483183e-03  4.486409208244738e-04
1.213125049909381e-02  1.720606298435606e-01  4.873196217204831e-03  4.665865576574527e-04
1.261650051905757e-02  1.701223140333986e-01  4.381156782629940e-03  4.852500199637509e-04
1.312116053981987e-02  1.525574663617783e-01  3.991409804242604e-03  5.046600207623008e-04
1.364600696141266e-02  1.450305514507139e-01  3.776828401870129e-03  5.248464215927928e-04
1.419184723986917e-02  1.323256274632381e-01  3.276380774130451e-03  5.458402784565046e-04
1.475952112946394e-02  1.119113068276095e-01  2.650535664711106e-03  5.676738895947648e-04
1.534990197464249e-02  1.006872127680816e-01  2.286108690072052e-03  5.903808451785553e-04
1.596389805362820e-02  8.930307315523769e-02  1.956766715905543e-03  6.139960789856977e-04
1.660245397577332e-02  8.072424934981864e-02  1.693658461656241e-03  6.385559221451255e-04
1.726655213480426e-02  7.050353889138407e-02  1.453847824038590e-03  6.640981590309306e-04
1.795721422019643e-02  6.031328080774599e-02  1.212660319777710e-03  6.906620853921678e-04
1.867550278900428e-02  5.316361139254422e-02  1.055571672854230e-03  7.182885688078544e-04
1.942252290056445e-02  4.758769144108638e-02  9.257113646595721e-04  7.470201115601687e-04
2.019942381658704e-02  4.015520239842847e-02  7.826066203679306e-04  7.769009160225755e-04
2.100740076925051e-02  3.442586097258986e-02  6.750759631162384e-04  8.079769526634784e-04
2.184769680002054e-02  2.837484472889971e-02  5.687103171368651e-04  8.402960307700176e-04
2.272160467202135e-02  2.315982716251186e-02  4.802450466088583e-04  8.739078720008183e-04
2.363046885890221e-02  2.028498730926288e-02  4.255260920218734e-04  9.088641868808510e-04
2.457568761325830e-02  1.566734432477244e-02  3.513717435249496e-04  9.452187543560850e-04
2.555871511778863e-02  1.292472727755411e-02  2.459335961819867e-04  9.830275045303284e-04
2.658106372250017e-02  1.041511664591032e-02  2.090001747993111e-04  1.022348604711541e-03
2.764430627140018e-02  7.752501946966672e-03  1.685787417289081e-04  1.063242548900003e-03
2.875007852225619e-02  6.328013866917402e-03  1.435700558341762e-04  1.105772250856003e-03
2.990008166314644e-02  4.680313892899509e-03  1.148308623280493e-04  1.150003140890243e-03
3.109608492967229e-02  3.609178177552147e-03  9.397514323557162e-05  1.196003266525853e-03
3.233992832685918e-02  2.626800177340263e-03  7.625653212970487e-05  1.243843397186887e-03
3.363352545993355e-02  1.837774723949476e-03  5.922284681185706e-05  1.293597133074363e-03
3.497886647833089e-02  1.233880959689106e-03  4.527729705279983e-05  1.345341018397337e-03
3.637802113746412e-02  8.242594140467002e-04  3.439048709162379e-05  1.399154659133230e-03
3.783314198296268e-02  5.700689949794213e-04  2.528399103552848e-05  1.455120845498560e-03
3.934646766228119e-02  4.586660709711191e-04  2.112840129985903e-05  1.513325679318502e-03
4.092032636877244e-02  3.526742116909631e-04  1.734464115300867e-05  1.573858706491242e-03
4.255713942352334e-02  3.364585499775661e-04  1.597786739804928e-05  1.636813054750892e-03
4.425942500046427e-02  3.260140043211388e-04  1.488445276544064e-05  1.702285576940928e-03
4.602980200048284e-02  3.083928000307499e-04  1.376011027452936e-05  1.770377000018565e-03
4.787099408050216e-02  3.460453969485727e-04  1.381351606022659e-05  1.841192080019307e-03
4.978583384372225e-02  3.905598293938460e-04  1.413349232911875e-05  1.914839763220080e-03
5.177726719747114e-02  3.838501633941357e-04  1.332373366071148e-05  1.991433353748883e-03
5.384835788536999e-02  3.877381550145492e-04  1.283353485197971e-05  2.071090687898838e-03
5.600229220078479e-02  3.687281758343690e-04  1.219795431671936e-05  2.153934315414792e-03
5.824238388881618e-02  3.112414828453872e-04  1.062668572201276e-05  2.240091688031383e-03
6.057207924436882e-02  2.579559324962271e-04  9.452688287839325e-06  2.329695355552639e-03
6.299496241414357e-02  2.184758991647554e-04  8.266758851730076e-06  2.422883169774744e-03
6.551476091070932e-02  1.906704910193296e-04  7.469749500270362e-06  2.519798496565734e-03
6.813535134713769e-02  1.350794799260785e-04  5.900869399694543e-06  2.620590436428363e-03
7.086076540102321e-02  1.061897580806544e-04  4.966723563240992e-06  2.725414053885498e-03
7.369519601706413e-02  9.320894657809741e-05  4.395593671210391e-06  2.834430616040918e-03
7.664300385774669e-02  7.658205924717580e-05  3.801926032574253e-06  2.947807840682555e-03
7.970872401205657e-02  6.542892851606042e-05  3.340424714059282e-06  3.065720154309858e-03
8.289707297253884e-02  5.250563655536446e-05  2.899996884609770e-06  3.188348960482252e-03
8.621295589144039e-02  4.121417966451845e-05  2.482838090664109e-06  3.315882918901542e-03
8.966147412709800e-02  3.116204324103063e-05  2.037275487114604e-06  3.448518235657603e-03
9.324793309218193e-02  1.675382928516300e-05  1.613663217297811e-06  3.586458965083908e-03
9.697785041586920e-02  1.476970590034892e-05  1.406605616696248e-06  3.729917323687264e-03
1.008569644325040e-01  1.207234166954691e-05  1.291426598816450e-06  3.879114016634754e-03
1.048912430098041e-01  1.138458847873661e-05  1.222685761830658e-06  4.034278577300144e-03
1.090868927301963e-01  1.956764408533873e-05  1.497647167502907e-06  4.195649720392150e-03
1.134503684394041e-01  2.656969237384466e-05  1.728210872356025e-06  4.363475709207836e-03
1.179883831769803e-01  2.895161503116521e-05  1.773003328371744e-06  4.538014737576149e-03
1.227079185040595e-01  2.676621245778715e-05  1.721696328054728e-06  4.719535327079196e-03
1.276162352442219e-01  1.673197725355802e-05  1.404927567235434e-06  4.908316740162363e-03
1.327208846539908e-01  1.003463330770905e-05  1.144346606986796e-06  5.104649409768857e-03
1.380297200401504e-01  5.148958775525627e-06  9.069741445406152e-07  5.308835386159612e-03
1.435509088417564e-01  5.265775413907548e-06  8.799302817998154e-07  5.521188801605997e-03
1.492929451954267e-01  8.389331994267791e-06  9.931048213933095e-07  5.742036353670235e-03
1.552646630032437e-01  6.414388977582058e-06  8.861767573691265e-07  5.971717807817045e-03
1.614752495233735e-01  2.476901070338597e-06  6.994083996087806e-07  6.210586520129727e-03
1.679342595043084e-01  9.485463371176956e-07  6.387061252329397e-07  6.459009980934916e-03
1.746516298844807e-01  1.390763481391527e-06  6.251082302934332e-07  6.717370380172312e-03
1.816376950798600e-01  -7.712404059906917e-07  5.857883681535519e-07  6.986065195379206e-03
1.889032028830544e-01  -7.585163257090581e-07  5.408503623309520e-07  7.265507803194374e-03
1.964593309983766e-01  -2.365197174229539e-07  6.132611015510429e-07  7.556128115322149e-03
2.043177042383116e-01  -1.659134840407399e-08  6.667469084422407e-07  7.858373239935035e-03
2.124904124078441e-01  7.931391263237174e-07  7.399996925712225e-07  8.172708169532436e-03
2.209900289041578e-01  6.682897008496624e-07  7.503861432885180e-07  8.499616496313733e-03
2.298296300603241e-01  -2.008942084953816e-07  8.456003994030751e-07  8.839601156166282e-03
2.390228152627371e-01  1.483026665305094e-06  1.010582857093333e-06  9.193185202412933e-03
2.485837278732466e-01  1.736707857804406e-07  9.619661238612393e-07  9.560912610509450e-03
2.585270769881765e-01  -6.762209874180330e-08  1.263468506784453e-06  9.943349114929828e-03
2.688681600677035e-01  -1.811958896061622e-06  1.292202901403898e-06  1.034108307952702e-02
2.796228864704117e-01  -3.199087171538752e-07  1.346666668560012e-06  1.075472640270810e-02
2.908078019292282e-01  8.172211542465248e-07  1.435460381134560e-06  1.118491545881643e-02
3.024401140063973e-01  -3.657868664739894e-06  1.494576020728625e-06  1.163231207716908e-02
3.145377185666531e-01  5.131874019419473e-06  2.042431813844430e-06  1.209760456025585e-02
3.283901605223026e-01  -2.117409162768280e-06  1.639775179597751e-06  1.263039078931929e-02
