# bilayer.tether_hg_zaxis bilayer.tether_hg_area bilayer.tether_hg_msigma_area bilayer.tether_hg_psigma_area
0.000000000000000000e+00 0.000000000000000000e+00 0.000000000000000000e+00 0.000000000000000000e+00
5.000000000000000000e-01 1.920833404692365816e-15 0.000000000000000000e+00 0.000000000000000000e+00
1.000000000000000000e+00 9.091647817931552006e-15 0.000000000000000000e+00 0.000000000000000000e+00
1.500000000000000000e+00 3.863941673101725432e-14 0.000000000000000000e+00 0.000000000000000000e+00
2.000000000000000000e+00 1.600910089794038553e-13 0.000000000000000000e+00 0.000000000000000000e+00
2.500000000000000000e+00 6.413348079403900323e-13 0.000000000000000000e+00 0.000000000000000000e+00
3.000000000000000000e+00 2.490778175610908599e-12 0.000000000000000000e+00 0.000000000000000000e+00
3.500000000000000000e+00 9.442526480435171705e-12 0.000000000000000000e+00 0.000000000000000000e+00
4.000000000000000000e+00 3.466744681415703568e-11 0.000000000000000000e+00 0.000000000000000000e+00
4.500000000000000000e+00 1.218458659186588094e-10 0.000000000000000000e+00 0.000000000000000000e+00
5.000000000000000000e+00 4.137847158744881116e-10 0.000000000000000000e+00 0.000000000000000000e+00
5.500000000000000000e+00 1.390351531652831823e-09 0.000000000000000000e+00 0.000000000000000000e+00
6.000000000000000000e+00 4.528764370753641165e-09 0.000000000000000000e+00 0.000000000000000000e+00
6.500000000000000000e+00 1.425411579305002384e-08 0.000000000000000000e+00 0.000000000000000000e+00
7.000000000000000000e+00 4.330990756036706274e-08 0.000000000000000000e+00 0.000000000000000000e+00
7.500000000000000000e+00 1.280930911620456285e-07 0.000000000000000000e+00 0.000000000000000000e+00
8.000000000000000000e+00 3.679819631510319209e-07 0.000000000000000000e+00 0.000000000000000000e+00
8.500000000000000000e+00 1.004467378298480552e-06 0.000000000000000000e+00 0.000000000000000000e+00
9.000000000000000000e+00 2.644522292796029515e-06 0.000000000000000000e+00 0.000000000000000000e+00
9.500000000000000000e+00 6.839483032460205471e-06 0.000000000000000000e+00 0.000000000000000000e+00
1.000000000000000000e+01 1.722977912380016529e-05 0.000000000000000000e+00 0.000000000000000000e+00
1.050000000000000000e+01 4.185821449827969792e-05 0.000000000000000000e+00 0.000000000000000000e+00
1.100000000000000000e+01 9.616257688155793650e-05 0.000000000000000000e+00 0.000000000000000000e+00
1.150000000000000000e+01 2.174568173078597231e-04 0.000000000000000000e+00 0.000000000000000000e+00
1.200000000000000000e+01 4.765716939036349249e-04 0.000000000000000000e+00 0.000000000000000000e+00
1.250000000000000000e+01 1.030195687938427387e-03 0.000000000000000000e+00 0.000000000000000000e+00
1.300000000000000000e+01 2.156445696715171556e-03 0.000000000000000000e+00 0.000000000000000000e+00
1.350000000000000000e+01 4.330192744212589193e-03 0.000000000000000000e+00 0.000000000000000000e+00
1.400000000000000000e+01 8.305659116475620773e-03 0.000000000000000000e+00 0.000000000000000000e+00
1.450000000000000000e+01 1.536259243559404131e-02 0.000000000000000000e+00 0.000000000000000000e+00
1.500000000000000000e+01 2.803577249555259249e-02 0.000000000000000000e+00 0.000000000000000000e+00
1.550000000000000000e+01 5.027447317281036332e-02 0.000000000000000000e+00 0.000000000000000000e+00
1.600000000000000000e+01 8.670767895682590654e-02 0.000000000000000000e+00 0.000000000000000000e+00
1.650000000000000000e+01 1.446339807024733526e-01 0.000000000000000000e+00 0.000000000000000000e+00
1.700000000000000000e+01 2.345218833727663599e-01 0.000000000000000000e+00 0.000000000000000000e+00
1.750000000000000000e+01 3.654629546729045719e-01 0.000000000000000000e+00 0.000000000000000000e+00
1.800000000000000000e+01 5.502922050118481678e-01 0.000000000000000000e+00 0.000000000000000000e+00
1.850000000000000000e+01 8.127249566816839854e-01 0.000000000000000000e+00 0.000000000000000000e+00
1.900000000000000000e+01 1.170764663005084527e+00 0.000000000000000000e+00 0.000000000000000000e+00
1.950000000000000000e+01 1.630353614200648504e+00 0.000000000000000000e+00 0.000000000000000000e+00
2.000000000000000000e+01 2.189921572577552489e+00 0.000000000000000000e+00 0.000000000000000000e+00
2.050000000000000000e+01 2.901697871929655115e+00 0.000000000000000000e+00 0.000000000000000000e+00
2.100000000000000000e+01 3.765879675396803350e+00 0.000000000000000000e+00 0.000000000000000000e+00
2.150000000000000000e+01 4.711854934265029549e+00 0.000000000000000000e+00 0.000000000000000000e+00
2.200000000000000000e+01 5.812899551349128835e+00 0.000000000000000000e+00 0.000000000000000000e+00
2.250000000000000000e+01 6.993003344731484106e+00 0.000000000000000000e+00 0.000000000000000000e+00
2.300000000000000000e+01 8.167913253639554227e+00 0.000000000000000000e+00 0.000000000000000000e+00
2.350000000000000000e+01 9.260993749529173868e+00 0.000000000000000000e+00 0.000000000000000000e+00
2.400000000000000000e+01 1.025831944289229369e+01 0.000000000000000000e+00 0.000000000000000000e+00
2.450000000000000000e+01 1.105101215175092122e+01 0.000000000000000000e+00 0.000000000000000000e+00
2.500000000000000000e+01 1.162713587813422222e+01 0.000000000000000000e+00 0.000000000000000000e+00
2.550000000000000000e+01 1.192440529491669388e+01 0.000000000000000000e+00 0.000000000000000000e+00
2.600000000000000000e+01 1.191497246689456091e+01 0.000000000000000000e+00 0.000000000000000000e+00
2.650000000000000000e+01 1.158490139618746184e+01 0.000000000000000000e+00 0.000000000000000000e+00
2.700000000000000000e+01 1.111221289782050192e+01 0.000000000000000000e+00 0.000000000000000000e+00
2.750000000000000000e+01 1.026345362393049143e+01 0.000000000000000000e+00 0.000000000000000000e+00
2.800000000000000000e+01 9.293077419846246912e+00 0.000000000000000000e+00 0.000000000000000000e+00
2.850000000000000000e+01 8.118395396320170931e+00 0.000000000000000000e+00 0.000000000000000000e+00
2.900000000000000000e+01 6.967801480905311706e+00 0.000000000000000000e+00 0.000000000000000000e+00
2.950000000000000000e+01 5.911765858218133829e+00 0.000000000000000000e+00 0.000000000000000000e+00
3.000000000000000000e+01 4.843321971784448010e+00 0.000000000000000000e+00 0.000000000000000000e+00
3.050000000000000000e+01 3.862535235887844642e+00 0.000000000000000000e+00 0.000000000000000000e+00
3.100000000000000000e+01 3.023925333111645131e+00 0.000000000000000000e+00 0.000000000000000000e+00
3.150000000000000000e+01 2.301484829265817655e+00 0.000000000000000000e+00 0.000000000000000000e+00
3.200000000000000000e+01 1.705433551284579075e+00 0.000000000000000000e+00 0.000000000000000000e+00
3.250000000000000000e+01 1.206987269968789800e+00 0.000000000000000000e+00 0.000000000000000000e+00
3.300000000000000000e+01 8.419974111143019302e-01 0.000000000000000000e+00 0.000000000000000000e+00
3.350000000000000000e+01 5.725151925638196637e-01 0.000000000000000000e+00 0.000000000000000000e+00
3.400000000000000000e+01 3.800544304872272572e-01 0.000000000000000000e+00 0.000000000000000000e+00
3.450000000000000000e+01 2.429002114642714316e-01 0.000000000000000000e+00 0.000000000000000000e+00
3.500000000000000000e+01 1.496911925572679825e-01 0.000000000000000000e+00 0.000000000000000000e+00
3.550000000000000000e+01 9.010792862842857687e-02 0.000000000000000000e+00 0.000000000000000000e+00
3.600000000000000000e+01 5.245063855673892661e-02 0.000000000000000000e+00 0.000000000000000000e+00
3.650000000000000000e+01 2.978986535417641607e-02 0.000000000000000000e+00 0.000000000000000000e+00
3.700000000000000000e+01 1.651963875259268577e-02 0.000000000000000000e+00 0.000000000000000000e+00
3.750000000000000000e+01 8.787312657064103028e-03 0.000000000000000000e+00 0.000000000000000000e+00
3.800000000000000000e+01 4.540867759152515670e-03 0.000000000000000000e+00 0.000000000000000000e+00
3.850000000000000000e+01 2.297271487006826395e-03 0.000000000000000000e+00 0.000000000000000000e+00
3.900000000000000000e+01 1.111148539617606628e-03 0.000000000000000000e+00 0.000000000000000000e+00
3.950000000000000000e+01 5.355381755912992127e-04 0.000000000000000000e+00 0.000000000000000000e+00
4.000000000000000000e+01 2.440770160793676426e-04 0.000000000000000000e+00 0.000000000000000000e+00
4.050000000000000000e+01 1.084715634435062467e-04 0.000000000000000000e+00 0.000000000000000000e+00
4.100000000000000000e+01 4.699855574035156447e-05 0.000000000000000000e+00 0.000000000000000000e+00
4.150000000000000000e+01 1.965546524943410581e-05 0.000000000000000000e+00 0.000000000000000000e+00
4.200000000000000000e+01 7.743758321739526026e-06 0.000000000000000000e+00 0.000000000000000000e+00
4.250000000000000000e+01 2.959661572651620493e-06 0.000000000000000000e+00 0.000000000000000000e+00
4.300000000000000000e+01 1.108237566517381635e-06 0.000000000000000000e+00 0.000000000000000000e+00
4.350000000000000000e+01 4.044326182946279664e-07 0.000000000000000000e+00 0.000000000000000000e+00
4.400000000000000000e+01 1.450610074576050002e-07 0.000000000000000000e+00 0.000000000000000000e+00
4.450000000000000000e+01 4.958560503216219961e-08 0.000000000000000000e+00 0.000000000000000000e+00
4.500000000000000000e+01 1.619806777399650108e-08 0.000000000000000000e+00 0.000000000000000000e+00
4.550000000000000000e+01 5.259213391172976523e-09 0.000000000000000000e+00 0.000000000000000000e+00
4.600000000000000000e+01 1.624575635701855804e-09 0.000000000000000000e+00 0.000000000000000000e+00
4.650000000000000000e+01 4.876513087102516243e-10 0.000000000000000000e+00 0.000000000000000000e+00
4.700000000000000000e+01 1.406056507763183647e-10 0.000000000000000000e+00 0.000000000000000000e+00
4.750000000000000000e+01 3.923973687199060302e-11 0.000000000000000000e+00 0.000000000000000000e+00
4.800000000000000000e+01 1.082082069161734999e-11 0.000000000000000000e+00 0.000000000000000000e+00
4.850000000000000000e+01 2.857158641553237040e-12 0.000000000000000000e+00 0.000000000000000000e+00
4.900000000000000000e+01 7.259035354289594550e-13 0.000000000000000000e+00 0.000000000000000000e+00
4.950000000000000000e+01 1.815777060203782247e-13 0.000000000000000000e+00 0.000000000000000000e+00
5.000000000000000000e+01 4.419195187405802930e-14 0.000000000000000000e+00 0.000000000000000000e+00
5.050000000000000000e+01 1.034243894698245822e-14 0.000000000000000000e+00 0.000000000000000000e+00
5.100000000000000000e+01 2.582690455245452574e-15 0.000000000000000000e+00 0.000000000000000000e+00
5.150000000000000000e+01 8.452524659466641759e-16 0.000000000000000000e+00 0.000000000000000000e+00
5.200000000000000000e+01 0.000000000000000000e+00 0.000000000000000000e+00 0.000000000000000000e+00
5.250000000000000000e+01 0.000000000000000000e+00 0.000000000000000000e+00 0.000000000000000000e+00
5.300000000000000000e+01 0.000000000000000000e+00 0.000000000000000000e+00 0.000000000000000000e+00
5.350000000000000000e+01 0.000000000000000000e+00 0.000000000000000000e+00 0.000000000000000000e+00
5.400000000000000000e+01 0.000000000000000000e+00 0.000000000000000000e+00 0.000000000000000000e+00
5.450000000000000000e+01 0.000000000000000000e+00 0.000000000000000000e+00 9.534890960186868892e-04
5.500000000000000000e+01 0.000000000000000000e+00 0.000000000000000000e+00 6.163373334980338375e-03
5.550000000000000000e+01 0.000000000000000000e+00 0.000000000000000000e+00 1.494324296399907395e-02
5.600000000000000000e+01 0.000000000000000000e+00 0.000000000000000000e+00 2.635096576096285920e-02
5.650000000000000000e+01 0.000000000000000000e+00 0.000000000000000000e+00 4.101263237610809631e-02
5.700000000000000000e+01 0.000000000000000000e+00 0.000000000000000000e+00 5.981026289036300153e-02
5.750000000000000000e+01 0.000000000000000000e+00 0.000000000000000000e+00 8.177627314151704463e-02
5.800000000000000000e+01 0.000000000000000000e+00 0.000000000000000000e+00 1.062216091235674703e-01
5.850000000000000000e+01 0.000000000000000000e+00 0.000000000000000000e+00 1.382454564914820661e-01
5.900000000000000000e+01 0.000000000000000000e+00 0.000000000000000000e+00 1.725781592575242329e-01
5.950000000000000000e+01 0.000000000000000000e+00 0.000000000000000000e+00 2.110958098055691623e-01
6.000000000000000000e+01 0.000000000000000000e+00 0.000000000000000000e+00 2.540496451130015987e-01
6.050000000000000000e+01 0.000000000000000000e+00 2.161826061272977082e-03 2.992446230028205090e-01
6.100000000000000000e+01 0.000000000000000000e+00 2.644586461310830666e-02 3.528721654491301929e-01
6.150000000000000000e+01 0.000000000000000000e+00 6.049661256852992275e-02 4.065532741569113928e-01
6.200000000000000000e+01 0.000000000000000000e+00 1.063753272352329776e-01 4.681750736135290580e-01
6.250000000000000000e+01 0.000000000000000000e+00 1.545909952330690174e-01 5.399111865365120444e-01
6.300000000000000000e+01 0.000000000000000000e+00 1.986190322126234198e-01 6.050816397620651932e-01
6.350000000000000000e+01 0.000000000000000000e+00 2.464828046133640260e-01 6.837122406010729403e-01
6.400000000000000000e+01 0.000000000000000000e+00 2.943660748674739591e-01 7.618148408144472805e-01
6.450000000000000000e+01 0.000000000000000000e+00 3.386903891509748243e-01 8.384046103609045231e-01
6.500000000000000000e+01 0.000000000000000000e+00 3.940058708266437337e-01 9.180863754768741058e-01
6.550000000000000000e+01 0.000000000000000000e+00 4.534811093288876327e-01 1.004146391859413345e+00
6.600000000000000000e+01 0.000000000000000000e+00 5.067236190222893510e-01 1.085778440903589770e+00
6.650000000000000000e+01 0.000000000000000000e+00 5.717716917523334441e-01 1.177611221933142716e+00
6.700000000000000000e+01 0.000000000000000000e+00 6.305558087642838538e-01 1.274929565860633218e+00
6.750000000000000000e+01 0.000000000000000000e+00 6.998597041965884946e-01 1.373967230663676764e+00
6.800000000000000000e+01 0.000000000000000000e+00 7.746878969711415985e-01 1.480107380700695474e+00
6.850000000000000000e+01 0.000000000000000000e+00 8.418307315123593204e-01 1.579973053062317723e+00
6.900000000000000000e+01 0.000000000000000000e+00 9.188244770009535989e-01 1.684187542102367985e+00
6.950000000000000000e+01 0.000000000000000000e+00 1.001547739851841756e+00 1.783961377729785358e+00
7.000000000000000000e+01 0.000000000000000000e+00 1.086681355672443505e+00 1.883517955586281989e+00
7.050000000000000000e+01 0.000000000000000000e+00 1.177632321885901057e+00 1.992398846267816603e+00
7.100000000000000000e+01 0.000000000000000000e+00 1.281683306374278075e+00 2.107980161862154311e+00
7.150000000000000000e+01 0.000000000000000000e+00 1.394162113647579915e+00 2.227577081559481087e+00
7.200000000000000000e+01 0.000000000000000000e+00 1.517691903188032043e+00 2.348761513990481387e+00
7.250000000000000000e+01 0.000000000000000000e+00 1.643115212774592937e+00 2.477688496235199711e+00
7.300000000000000000e+01 0.000000000000000000e+00 1.769408825841565225e+00 2.613565068592922813e+00
7.350000000000000000e+01 0.000000000000000000e+00 1.895510392095282715e+00 2.745010522788535745e+00
7.400000000000000000e+01 0.000000000000000000e+00 2.028679641919898469e+00 2.873848564548632467e+00
7.450000000000000000e+01 0.000000000000000000e+00 2.163788688201502719e+00 3.014798979207955476e+00
7.500000000000000000e+01 0.000000000000000000e+00 2.322688273832288264e+00 3.156953424602389813e+00
7.550000000000000000e+01 0.000000000000000000e+00 2.482187472007893803e+00 3.318936081979373398e+00
7.600000000000000000e+01 0.000000000000000000e+00 2.662836681189234334e+00 3.495157383268952422e+00
7.650000000000000000e+01 0.000000000000000000e+00 2.852354842247819100e+00 3.658331059579927658e+00
7.700000000000000000e+01 0.000000000000000000e+00 3.041870644984726368e+00 3.839636335977325121e+00
7.750000000000000000e+01 0.000000000000000000e+00 3.245324828753673785e+00 4.045307850664533689e+00
7.800000000000000000e+01 0.000000000000000000e+00 3.465410776502510615e+00 4.254126809854436253e+00
7.850000000000000000e+01 0.000000000000000000e+00 3.699103048343337363e+00 4.481396445812473317e+00
7.900000000000000000e+01 0.000000000000000000e+00 3.932954588064106360e+00 4.697705012074758990e+00
7.950000000000000000e+01 0.000000000000000000e+00 4.143357216844385960e+00 4.939345836834160508e+00
8.000000000000000000e+01 0.000000000000000000e+00 4.364812512898909702e+00 5.189523913630791796e+00
8.050000000000000000e+01 0.000000000000000000e+00 4.591448293710386430e+00 5.428337770463923739e+00
8.100000000000000000e+01 0.000000000000000000e+00 4.837034708265489868e+00 5.679413351554962297e+00
8.150000000000000000e+01 0.000000000000000000e+00 5.063775871554977215e+00 5.926618531959497282e+00
8.200000000000000000e+01 0.000000000000000000e+00 5.268212085450240778e+00 6.181486224725794898e+00
8.250000000000000000e+01 0.000000000000000000e+00 5.483290473107331309e+00 6.430906987023224275e+00
8.300000000000000000e+01 0.000000000000000000e+00 5.681661566544700115e+00 6.643829482802927622e+00
8.350000000000000000e+01 0.000000000000000000e+00 5.886838987389532818e+00 6.857558631632266533e+00
8.400000000000000000e+01 0.000000000000000000e+00 6.092353328728926876e+00 7.082066913548201725e+00
8.450000000000000000e+01 0.000000000000000000e+00 6.294909355441243193e+00 7.318628937400275092e+00
8.500000000000000000e+01 0.000000000000000000e+00 6.508284867297405185e+00 7.543422039791062517e+00
8.550000000000000000e+01 0.000000000000000000e+00 6.725623726360193011e+00 7.755666931291388622e+00
8.600000000000000000e+01 0.000000000000000000e+00 6.944837395945678615e+00 7.946527743316212700e+00
8.650000000000000000e+01 0.000000000000000000e+00 7.155081025886294022e+00 8.150044305011011403e+00
8.700000000000000000e+01 0.000000000000000000e+00 7.350050250198012947e+00 8.348949553828717285e+00
8.750000000000000000e+01 0.000000000000000000e+00 7.535039140262932200e+00 8.513982400033095033e+00
8.800000000000000000e+01 0.000000000000000000e+00 7.728848969632457155e+00 8.661533518289138200e+00
8.850000000000000000e+01 0.000000000000000000e+00 7.929599821138238802e+00 8.830666640424642111e+00
8.900000000000000000e+01 0.000000000000000000e+00 8.130843583893064164e+00 8.993188393172545148e+00
8.950000000000000000e+01 0.000000000000000000e+00 8.327908298333841941e+00 9.135081767503686834e+00
9.000000000000000000e+01 0.000000000000000000e+00 8.512559111993626360e+00 9.281403409719912290e+00
9.050000000000000000e+01 0.000000000000000000e+00 8.703009081005012249e+00 9.447101775839794158e+00
9.100000000000000000e+01 0.000000000000000000e+00 8.859572156154612799e+00 9.613251916000431052e+00
9.150000000000000000e+01 0.000000000000000000e+00 9.015484881832117381e+00 9.800707831946795068e+00
9.200000000000000000e+01 0.000000000000000000e+00 9.159740614013735183e+00 9.999872319055663539e+00
9.250000000000000000e+01 0.000000000000000000e+00 9.304755913064465034e+00 1.020428070490707562e+01
9.300000000000000000e+01 0.000000000000000000e+00 9.441336858082697958e+00 1.041345856534933922e+01
9.350000000000000000e+01 0.000000000000000000e+00 9.539480220640902175e+00 1.061506620095053144e+01
9.400000000000000000e+01 0.000000000000000000e+00 9.634893137731369350e+00 1.085144466899815718e+01
9.450000000000000000e+01 0.000000000000000000e+00 9.730649819784851218e+00 1.104945719225183609e+01
9.500000000000000000e+01 0.000000000000000000e+00 9.816675242231720944e+00 1.124458578842071610e+01
9.550000000000000000e+01 0.000000000000000000e+00 9.894067012318412679e+00 1.141198523703573464e+01
9.600000000000000000e+01 0.000000000000000000e+00 9.992381367354814969e+00 1.157042549575145785e+01
9.650000000000000000e+01 0.000000000000000000e+00 1.006351439355875499e+01 1.171277839691838984e+01
9.700000000000000000e+01 0.000000000000000000e+00 1.015340272862189508e+01 1.185380645129347066e+01
9.750000000000000000e+01 0.000000000000000000e+00 1.022465227281915467e+01 1.193893767061351951e+01
9.800000000000000000e+01 0.000000000000000000e+00 1.026974447523801892e+01 1.199555887588286929e+01
9.850000000000000000e+01 0.000000000000000000e+00 1.032890135020707589e+01 1.203642071330421714e+01
9.900000000000000000e+01 0.000000000000000000e+00 1.039296295390643010e+01 1.204565471623796391e+01
9.950000000000000000e+01 0.000000000000000000e+00 1.043915521768756705e+01 1.202884406014954344e+01
1.000000000000000000e+02 0.000000000000000000e+00 1.047760993993098211e+01 1.199302940660303562e+01
1.005000000000000000e+02 0.000000000000000000e+00 1.051334802495241938e+01 1.192470963420273833e+01
1.010000000000000000e+02 0.000000000000000000e+00 1.054448712245165964e+01 1.189238448778514368e+01
1.015000000000000000e+02 0.000000000000000000e+00 1.056919575562671199e+01 1.185634153259153756e+01
1.020000000000000000e+02 0.000000000000000000e+00 1.057704450124018081e+01 1.181451891789285469e+01
1.025000000000000000e+02 0.000000000000000000e+00 1.055660711395928786e+01 1.171886923774325417e+01
1.030000000000000000e+02 0.000000000000000000e+00 1.049506443971320913e+01 1.158424858542003122e+01
1.035000000000000000e+02 0.000000000000000000e+00 1.038729941956903069e+01 1.142785702833609029e+01
1.040000000000000000e+02 0.000000000000000000e+00 1.025654271060869682e+01 1.129954205078225549e+01
1.045000000000000000e+02 0.000000000000000000e+00 1.009733595458472877e+01 1.122425779881435481e+01
1.050000000000000000e+02 0.000000000000000000e+00 9.902127333777329454e+00 1.111630745326346315e+01
1.055000000000000000e+02 0.000000000000000000e+00 9.648430115501096083e+00 1.098480726063778867e+01
1.060000000000000000e+02 0.000000000000000000e+00 9.359406097973167249e+00 1.080472716654655763e+01
1.065000000000000000e+02 0.000000000000000000e+00 9.066499495507665429e+00 1.053083767426207551e+01
1.070000000000000000e+02 0.000000000000000000e+00 8.754135346816630303e+00 1.024734727508182708e+01
1.075000000000000000e+02 0.000000000000000000e+00 8.427511851771097184e+00 9.942422605785269596e+00
1.080000000000000000e+02 0.000000000000000000e+00 8.094188617348434533e+00 9.582737907242103503e+00
1.085000000000000000e+02 0.000000000000000000e+00 7.743622202998156290e+00 9.227768131058056156e+00
1.090000000000000000e+02 0.000000000000000000e+00 7.393184832548635121e+00 8.854661251821106305e+00
1.095000000000000000e+02 0.000000000000000000e+00 7.037300343756070831e+00 8.436690320440668245e+00
1.100000000000000000e+02 0.000000000000000000e+00 6.659637313172273920e+00 8.005933643683166068e+00
1.105000000000000000e+02 0.000000000000000000e+00 6.271348019715038191e+00 7.533276072560585845e+00
1.110000000000000000e+02 0.000000000000000000e+00 5.897217924225096830e+00 7.074512409483260988e+00
1.115000000000000000e+02 0.000000000000000000e+00 5.543134094219594132e+00 6.640262534539646211e+00
1.120000000000000000e+02 0.000000000000000000e+00 5.219773471809030063e+00 6.192752588204006869e+00
1.125000000000000000e+02 0.000000000000000000e+00 4.914984309135387974e+00 5.805754470536399481e+00
1.130000000000000000e+02 0.000000000000000000e+00 4.599175349472071517e+00 5.439158695762380091e+00
1.135000000000000000e+02 0.000000000000000000e+00 4.294729402584634315e+00 5.075011064299196129e+00
1.140000000000000000e+02 0.000000000000000000e+00 3.986853067024310970e+00 4.737298180669870185e+00
1.145000000000000000e+02 0.000000000000000000e+00 3.739900452175051626e+00 4.431713340208925267e+00
1.150000000000000000e+02 0.000000000000000000e+00 3.445454014173579438e+00 4.160930643924364070e+00
1.155000000000000000e+02 0.000000000000000000e+00 3.159536402079646145e+00 3.899913505741424924e+00
1.160000000000000000e+02 0.000000000000000000e+00 2.874628222653170972e+00 3.668679615963660989e+00
1.165000000000000000e+02 0.000000000000000000e+00 2.633473068635956427e+00 3.457895935112248686e+00
1.170000000000000000e+02 0.000000000000000000e+00 2.388377060544582431e+00 3.257278804828347418e+00
1.175000000000000000e+02 0.000000000000000000e+00 2.139537902531638114e+00 3.063838166801770679e+00
1.180000000000000000e+02 0.000000000000000000e+00 1.929571683824624184e+00 2.879053692485408433e+00
1.185000000000000000e+02 0.000000000000000000e+00 1.721917482897876939e+00 2.694124610657889551e+00
1.190000000000000000e+02 0.000000000000000000e+00 1.560055863758065930e+00 2.524798367316610559e+00
1.195000000000000000e+02 0.000000000000000000e+00 1.422492506390122591e+00 2.352353582464590254e+00
1.200000000000000000e+02 0.000000000000000000e+00 1.284469290336065939e+00 2.189067745364227324e+00
1.205000000000000000e+02 0.000000000000000000e+00 1.144332428122591727e+00 2.024601451475025016e+00
1.210000000000000000e+02 0.000000000000000000e+00 1.039972033776449978e+00 1.865943722469774801e+00
1.215000000000000000e+02 0.000000000000000000e+00 9.387412226385071223e-01 1.720424988173779646e+00
1.220000000000000000e+02 0.000000000000000000e+00 8.445759269016046566e-01 1.576111571675191447e+00
1.225000000000000000e+02 0.000000000000000000e+00 7.408774690675968833e-01 1.430976555623176383e+00
1.230000000000000000e+02 0.000000000000000000e+00 6.485075744109309870e-01 1.294173949916886945e+00
1.235000000000000000e+02 0.000000000000000000e+00 5.597079486625677891e-01 1.161350709307873652e+00
1.240000000000000000e+02 0.000000000000000000e+00 4.740397946123981465e-01 1.034208250990570566e+00
1.245000000000000000e+02 0.000000000000000000e+00 3.953662522358588616e-01 9.095028296744419594e-01
1.250000000000000000e+02 0.000000000000000000e+00 3.129479113648050426e-01 7.851791919596213809e-01
1.255000000000000000e+02 0.000000000000000000e+00 2.385232606173589287e-01 6.818442913381639325e-01
1.260000000000000000e+02 0.000000000000000000e+00 1.679776247071050055e-01 5.851945331528330962e-01
1.265000000000000000e+02 0.000000000000000000e+00 9.976343765559847476e-02 4.886188847903293331e-01
1.270000000000000000e+02 0.000000000000000000e+00 3.625557321022770257e-02 4.143256634356873302e-01
1.275000000000000000e+02 0.000000000000000000e+00 0.000000000000000000e+00 3.390132697901228065e-01
1.280000000000000000e+02 0.000000000000000000e+00 0.000000000000000000e+00 2.741589775923085615e-01
1.285000000000000000e+02 0.000000000000000000e+00 0.000000000000000000e+00 2.095072168706103855e-01
1.290000000000000000e+02 0.000000000000000000e+00 0.000000000000000000e+00 1.634304246550206396e-01
1.295000000000000000e+02 0.000000000000000000e+00 0.000000000000000000e+00 1.189835329818128146e-01
1.300000000000000000e+02 0.000000000000000000e+00 0.000000000000000000e+00 8.488010042709133451e-02
1.305000000000000000e+02 0.000000000000000000e+00 0.000000000000000000e+00 5.435984589283029272e-02
1.310000000000000000e+02 0.000000000000000000e+00 0.000000000000000000e+00 2.896370185203229683e-02
1.315000000000000000e+02 0.000000000000000000e+00 0.000000000000000000e+00 1.201202616480692535e-02
1.320000000000000000e+02 0.000000000000000000e+00 0.000000000000000000e+00 3.223329919439581366e-03
1.325000000000000000e+02 0.000000000000000000e+00 0.000000000000000000e+00 0.000000000000000000e+00
1.330000000000000000e+02 0.000000000000000000e+00 0.000000000000000000e+00 0.000000000000000000e+00
1.335000000000000000e+02 0.000000000000000000e+00 0.000000000000000000e+00 0.000000000000000000e+00
1.340000000000000000e+02 0.000000000000000000e+00 0.000000000000000000e+00 0.000000000000000000e+00
1.345000000000000000e+02 0.000000000000000000e+00 0.000000000000000000e+00 0.000000000000000000e+00
1.350000000000000000e+02 0.000000000000000000e+00 0.000000000000000000e+00 0.000000000000000000e+00
1.355000000000000000e+02 0.000000000000000000e+00 0.000000000000000000e+00 0.000000000000000000e+00
1.360000000000000000e+02 0.000000000000000000e+00 0.000000000000000000e+00 0.000000000000000000e+00
1.365000000000000000e+02 0.000000000000000000e+00 0.000000000000000000e+00 0.000000000000000000e+00
1.370000000000000000e+02 0.000000000000000000e+00 0.000000000000000000e+00 0.000000000000000000e+00
1.375000000000000000e+02 0.000000000000000000e+00 0.000000000000000000e+00 0.000000000000000000e+00
1.380000000000000000e+02 0.000000000000000000e+00 0.000000000000000000e+00 0.000000000000000000e+00
1.385000000000000000e+02 0.000000000000000000e+00 0.000000000000000000e+00 0.000000000000000000e+00
1.390000000000000000e+02 0.000000000000000000e+00 0.000000000000000000e+00 0.000000000000000000e+00
1.395000000000000000e+02 0.000000000000000000e+00 0.000000000000000000e+00 0.000000000000000000e+00
1.400000000000000000e+02 0.000000000000000000e+00 0.000000000000000000e+00 0.000000000000000000e+00
1.405000000000000000e+02 0.000000000000000000e+00 0.000000000000000000e+00 0.000000000000000000e+00
1.410000000000000000e+02 0.000000000000000000e+00 0.000000000000000000e+00 0.000000000000000000e+00
1.415000000000000000e+02 0.000000000000000000e+00 0.000000000000000000e+00 0.000000000000000000e+00
1.420000000000000000e+02 0.000000000000000000e+00 0.000000000000000000e+00 0.000000000000000000e+00
1.425000000000000000e+02 0.000000000000000000e+00 0.000000000000000000e+00 0.000000000000000000e+00
1.430000000000000000e+02 0.000000000000000000e+00 0.000000000000000000e+00 0.000000000000000000e+00
1.435000000000000000e+02 0.000000000000000000e+00 0.000000000000000000e+00 0.000000000000000000e+00
1.440000000000000000e+02 0.000000000000000000e+00 0.000000000000000000e+00 0.000000000000000000e+00
1.445000000000000000e+02 0.000000000000000000e+00 0.000000000000000000e+00 0.000000000000000000e+00
1.450000000000000000e+02 0.000000000000000000e+00 0.000000000000000000e+00 0.000000000000000000e+00
1.455000000000000000e+02 0.000000000000000000e+00 0.000000000000000000e+00 0.000000000000000000e+00
1.460000000000000000e+02 0.000000000000000000e+00 0.000000000000000000e+00 0.000000000000000000e+00
1.465000000000000000e+02 0.000000000000000000e+00 0.000000000000000000e+00 0.000000000000000000e+00
1.470000000000000000e+02 0.000000000000000000e+00 0.000000000000000000e+00 0.000000000000000000e+00
1.475000000000000000e+02 0.000000000000000000e+00 0.000000000000000000e+00 0.000000000000000000e+00
1.480000000000000000e+02 0.000000000000000000e+00 0.000000000000000000e+00 0.000000000000000000e+00
1.485000000000000000e+02 0.000000000000000000e+00 0.000000000000000000e+00 0.000000000000000000e+00
1.490000000000000000e+02 0.000000000000000000e+00 0.000000000000000000e+00 0.000000000000000000e+00
1.495000000000000000e+02 0.000000000000000000e+00 0.000000000000000000e+00 0.000000000000000000e+00
