Model 0x101f7b9c0
  size 505 out of 539
  interface=0x101f7ba98
  repeats=0 at 0x101f7ba14
  # d rho mu rough P Prough theta thetarough
  0 0 2.07e-06 0 3 0 3 270 3
  1 14.5191 3.61031e-06 0 3 0 3 270 3
  2 28.6878 3.04667e-06 0 3 0 3 270 3
  3 120.012 4.59459e-06 0 17.005 0 7 270 7
  4 0.5 4.59459e-06 0 0 0 0 270 0
  5 0.5 4.59459e-06 0 0 0 0 270 0
  6 0.5 4.59459e-06 0 0 0 0 270 0
  7 0.5 4.59459e-06 0 0 0 0 270 0
  8 0.5 4.59458e-06 0 0 0 0 270 0
  9 0.5 4.59458e-06 0 0 0 0 270 0
  10 0.5 4.59458e-06 0 0 0 0 270 0
  11 0.5 4.59458e-06 0 0 0 0 270 0
  12 0.5 4.59457e-06 0 0 0 0 270 0
  13 0.5 4.59455e-06 0 0 0 0 270 0
  14 0.5 4.59451e-06 0 0 0 0 270 0
  15 0.5 4.59446e-06 0 0 0 0 270 0
  16 0.5 4.59436e-06 0 0 0 0 270 0
  17 0.5 4.59379e-06 0 0 0 0 270 0
  18 0.5 4.59375e-06 0 0 0 0 270 0
  19 0.5 4.59339e-06 0 0 0 0 270 0
  20 0.5 4.5927e-06 0 0 0 0 270 0
  21 0.5 4.59157e-06 0 0 0 0 270 0
  22 0.5 4.5898e-06 0 0 0 0 270 0
  23 0.5 4.58714e-06 0 0 0 0 270 0
  24 0.5 4.58318e-06 0 0 0 0 270 0
  25 0.5 4.57743e-06 0 0 0 0 270 0
  26 0.5 4.56921e-06 0 0 0 0 270 0
  27 0.5 4.55772e-06 0 0 0 0 270 0
  28 0.5 4.54194e-06 0 0 0 0 270 0
  29 0.5 4.52069e-06 0 0 0 0 270 0
  30 0.5 4.49263e-06 0 0 0 0 270 0
  31 0.5 4.45628e-06 0 0 0 0 270 0
  32 0.5 4.41012e-06 0 0 0 0 270 0
  33 0.5 4.35264e-06 0 0 0 0 270 0
  34 0.5 4.28248e-06 0 0 0 0 270 0
  35 0.5 4.19856e-06 0 0 0 0 270 0
  36 0.5 4.10018e-06 0 0 0 0 270 0
  37 0.5 3.98721e-06 0 0 0 0 270 0
  38 0.5 3.86015e-06 0 0 0 0 270 0
  39 0.5 3.72023e-06 0 0 0 0 270 0
  40 0.5 3.56945e-06 0 0 0 0 270 0
  41 0.5 3.41046e-06 0 0 0 0 270 0
  42 0.5 3.24654e-06 0 0 0 0 270 0
  43 0.5 3.08134e-06 0 0 0 0 270 0
  44 0.5 2.91872e-06 0 0 0 0 270 0
  45 0.5 2.76248e-06 0 0 0 0 270 0
  46 0.5 2.61611e-06 0 0 0 0 270 0
  47 0.5 2.48263e-06 0 0 0 0 270 0
  48 0.5 2.3644e-06 0 0 0 0 270 0
  49 0.5 2.26305e-06 0 0 0 0 270 0
  50 0.5 2.17941e-06 0 0 0 0 270 0
  51 0.5 2.11355e-06 0 0 0 0 270 0
  52 0.5 2.06479e-06 0 0 0 0 270 0
  53 0.5 2.03176e-06 0 0 0 0 270 0
  54 0.5 2.01245e-06 0 0 0 0 270 0
  55 0.5 2.00432e-06 0 0 0 0 270 0
  56 0.5 2.00428e-06 0 0 0 0 270 0
  57 0.5 2.00878e-06 0 0 0 0 270 0
  58 0.5 2.01366e-06 0 0 0 0 270 0
  59 0.5 2.01412e-06 0 0 0 0 270 0
  60 0.5 2.00463e-06 0 0 0 0 270 0
  61 0.5 1.98208e-06 0 0 0 0 270 0
  62 0.5 1.93888e-06 0 0 0 0 270 0
  63 0.5 1.86738e-06 0 0 0 0 270 0
  64 0.5 1.76349e-06 0 0 0 0 270 0
  65 0.5 1.62597e-06 0 0 0 0 270 0
  66 0.5 1.45739e-06 0 0 0 0 270 0
  67 0.5 1.26435e-06 0 0 0 0 270 0
  68 0.5 1.05688e-06 0 0 0 0 270 0
  69 0.5 8.46978e-07 0 0 0 0 270 0
  70 0.5 6.46721e-07 0 0 0 0 270 0
  71 0.5 4.6631e-07 0 0 0 0 270 0
  72 0.5 3.12664e-07 0 0 0 0 270 0
  73 0.5 1.88821e-07 0 0 0 0 270 0
  74 0.5 9.4186e-08 0 0 0 0 270 0
  75 0.5 5.54974e-08 0 0 0 0 270 0
  76 0.5 3.36497e-08 0 0 0 0 270 0
  77 0.5 2.08714e-08 0 0 0 0 270 0
  78 0.5 1.4147e-08 0 0 0 0 270 0
  79 0.5 1.09857e-08 0 0 0 0 270 0
  80 0.5 9.50019e-09 0 0 0 0 270 0
  81 0.5 8.36066e-09 0 0 0 0 270 0
  82 0.5 6.68506e-09 0 0 0 0 270 0
  83 0.5 3.91702e-09 0 0 0 0 270 0
  84 0.5 -2.77531e-10 0 0 0 0 270 0
  85 0.5 -6.08325e-09 0 0 0 0 270 0
  86 0.5 -1.35791e-08 0 0 0 0 270 0
  87 0.5 -2.27596e-08 0 0 0 0 270 0
  88 0.5 -3.35433e-08 0 0 0 0 270 0
  89 0.5 -4.57732e-08 0 0 0 0 270 0
  90 0.5 -5.92176e-08 0 0 0 0 270 0
  91 0.5 -7.35716e-08 0 0 0 0 270 0
  92 0.5 -8.84638e-08 0 0 0 0 270 0
  93 0.5 -1.03468e-07 0 0 0 0 270 0
  94 0.5 -1.18118e-07 0 0 0 0 270 0
  95 0.5 -1.31931e-07 0 0 0 0 270 0
  96 0.5 -1.44432e-07 0 0 0 0 270 0
  97 0.5 -1.55178e-07 0 0 0 0 270 0
  98 0.5 -1.63784e-07 0 0 0 0 270 0
  99 0.5 -1.6995e-07 0 0 0 0 270 0
  100 0.5 -1.73475e-07 0 0 0 0 270 0
  101 0.5 -1.73774e-07 0 0 0 0 270 0
  102 0.5 -1.70227e-07 0 0 0 0 270 0
  103 0.5 -1.63035e-07 0 0 0 0 270 0
  104 0.5 -1.52502e-07 0 0 0 0 270 0
  105 0.5 -1.3901e-07 0 0 0 0 270 0
  106 0.5 -1.23003e-07 0 0 0 0 270 0
  107 0.5 -1.04956e-07 0 0 0 0 270 0
  108 0.5 -8.53542e-08 0 0 0 0 270 0
  109 0.5 -6.466e-08 0 0 0 0 270 0
  110 0.5 -4.32883e-08 0 0 0 0 270 0
  111 0.5 -2.15721e-08 0 0 0 0 270 0
  112 0.5 2.78415e-10 0 0 0 0 270 0
  113 0.5 2.22322e-08 0 0 0 0 270 0
  114 0.5 4.4516e-08 0 0 0 0 270 0
  115 0.5 6.77173e-08 0 0 0 0 270 0
  116 0.5 9.29057e-08 0 0 0 0 270 0
  117 0.5 1.21755e-07 0 0 0 0 270 0
  118 0.5 1.56637e-07 0 0 0 0 270 0
  119 0.5 2.0066e-07 0 0 0 0 270 0
  120 0.5 2.57613e-07 0 0 0 0 270 0
  121 0.5 3.31822e-07 0 0 0 0 270 0
  122 0.5 5.10742e-07 0 0 0 0 270 0
  123 0.5 7.61118e-07 0 0 0 0 270 0
  124 0.5 1.05198e-06 0 0 0 0 270 0
  125 0.5 1.37227e-06 0 0 0 0 270 0
  126 0.5 1.70622e-06 0 0 0 0 270 0
  127 0.5 2.03557e-06 0 0 0 0 270 0
  128 0.5 2.34256e-06 0 0 0 0 270 0
  129 0.5 2.61288e-06 0 0 0 0 270 0
  130 0.5 2.83767e-06 0 0 0 0 270 0
  131 0.5 3.01433e-06 0 0 0 0 270 0
  132 0.5 3.14589e-06 0 0 0 0 270 0
  133 0.5 3.23937e-06 0 0 0 0 270 0
  134 0.5 3.30374e-06 0 0 0 0 270 0
  135 0.5 3.34805e-06 0 0 0 0 270 0
  136 0.5 3.3802e-06 0 0 0 0 270 0
  137 0.5 3.4063e-06 0 0 0 0 270 0
  138 0.5 3.43066e-06 0 0 0 0 270 0
  139 0.5 3.45614e-06 0 0 0 0 270 0
  140 0.5 3.4845e-06 0 0 0 0 270 0
  141 0.5 3.51674e-06 0 0 0 0 270 0
  142 0.5 3.5532e-06 0 0 0 0 270 0
  143 0.5 3.59353e-06 0 0 0 0 270 0
  144 0.5 3.63669e-06 0 0 0 0 270 0
  145 0.5 3.68103e-06 0 0 0 0 270 0
  146 0.5 3.72451e-06 0 0 0 0 270 0
  147 0.5 3.76499e-06 0 0 0 0 270 0
  148 0.5 3.80063e-06 0 0 0 0 270 0
  149 0.5 3.83018e-06 0 0 0 0 270 0
  150 0.5 3.85311e-06 0 0 0 0 270 0
  151 0.5 3.8696e-06 0 0 0 0 270 0
  152 0.5 3.88041e-06 0 0 0 0 270 0
  153 0.5 3.88661e-06 0 0 0 0 270 0
  154 0.5 3.88939e-06 0 0 0 0 270 0
  155 0.5 3.88987e-06 0 0 0 0 270 0
  156 0.5 3.88895e-06 0 0 0 0 270 0
  157 0.5 3.88731e-06 0 0 0 0 270 0
  158 0.5 3.88609e-06 0 0 0 0 270 0
  159 0.5 3.88388e-06 0 0 0 0 270 0
  160 0.5 3.88206e-06 0 0 0 0 270 0
  161 0.5 3.88062e-06 0 0 0 0 270 0
  162 0.5 3.87952e-06 0 0 0 0 270 0
  163 0.5 3.87873e-06 0 0 0 0 270 0
  164 0.5 3.87821e-06 0 0 0 0 270 0
  165 0.5 3.87791e-06 0 0 0 0 270 0
  166 0.5 3.8778e-06 0 0 0 0 270 0
  167 0.5 3.87783e-06 0 0 0 0 270 0
  168 0.5 3.87794e-06 0 0 0 0 270 0
  169 0.5 3.87811e-06 0 0 0 0 270 0
  170 0.5 3.87829e-06 0 0 0 0 270 0
  171 0.5 3.87845e-06 0 0 0 0 270 0
  172 0.5 3.87855e-06 0 0 0 0 270 0
  173 0.5 3.87859e-06 0 0 0 0 270 0
  174 0.5 3.87855e-06 0 0 0 0 270 0
  175 0.5 3.87846e-06 0 0 0 0 270 0
  176 0.5 3.87831e-06 0 0 0 0 270 0
  177 0.5 3.87811e-06 0 0 0 0 270 0
  178 0.5 3.87786e-06 0 0 0 0 270 0
  179 0.5 3.87756e-06 0 0 0 0 270 0
  180 0.5 3.87721e-06 0 0 0 0 270 0
  181 0.5 3.87681e-06 0 0 0 0 270 0
  182 0.5 3.87637e-06 0 0 0 0 270 0
  183 0.5 3.87589e-06 0 0 0 0 270 0
  184 0.5 3.87537e-06 0 0 0 0 270 0
  185 0.5 3.87482e-06 0 0 0 0 270 0
  186 0.5 3.87423e-06 0 0 0 0 270 0
  187 0.5 3.87361e-06 0 0 0 0 270 0
  188 0.5 3.87296e-06 0 0 0 0 270 0
  189 0.5 3.87228e-06 0 0 0 0 270 0
  190 0.5 3.87157e-06 0 0 0 0 270 0
  191 0.5 3.87084e-06 0 0 0 0 270 0
  192 0.5 3.87009e-06 0 0 0 0 270 0
  193 0.5 3.86933e-06 0 0 0 0 270 0
  194 0.5 3.86855e-06 0 0 0 0 270 0
  195 0.5 3.86775e-06 0 0 0 0 270 0
  196 0.5 3.86695e-06 0 0 0 0 270 0
  197 0.5 3.86615e-06 0 0 0 0 270 0
  198 0.5 3.86534e-06 0 0 0 0 270 0
  199 0.5 3.86453e-06 0 0 0 0 270 0
  200 0.5 3.86373e-06 0 0 0 0 270 0
  201 0.5 3.86294e-06 0 0 0 0 270 0
  202 0.5 3.86216e-06 0 0 0 0 270 0
  203 0.5 3.8614e-06 0 0 0 0 270 0
  204 0.5 3.86066e-06 0 0 0 0 270 0
  205 0.5 3.85995e-06 0 0 0 0 270 0
  206 0.5 3.85926e-06 0 0 0 0 270 0
  207 0.5 3.85861e-06 0 0 0 0 270 0
  208 0.5 3.858e-06 0 0 0 0 270 0
  209 0.5 3.85743e-06 0 0 0 0 270 0
  210 0.5 3.8569e-06 0 0 0 0 270 0
  211 0.5 3.85643e-06 0 0 0 0 270 0
  212 0.5 3.85601e-06 0 0 0 0 270 0
  213 0.5 3.85565e-06 0 0 0 0 270 0
  214 0.5 3.85536e-06 0 0 0 0 270 0
  215 0.5 3.85513e-06 0 0 0 0 270 0
  216 0.5 3.85498e-06 0 0 0 0 270 0
  217 0.5 3.85491e-06 0 0 0 0 270 0
  218 0.5 3.85491e-06 0 0 0 0 270 0
  219 0.5 3.855e-06 0 0 0 0 270 0
  220 0.5 3.85518e-06 0 0 0 0 270 0
  221 0.5 3.85545e-06 0 0 0 0 270 0
  222 0.5 3.85581e-06 0 0 0 0 270 0
  223 0.5 3.85627e-06 0 0 0 0 270 0
  224 0.5 3.85682e-06 0 0 0 0 270 0
  225 0.5 3.85748e-06 0 0 0 0 270 0
  226 0.5 3.85824e-06 0 0 0 0 270 0
  227 0.5 3.85911e-06 0 0 0 0 270 0
  228 0.5 3.86008e-06 0 0 0 0 270 0
  229 0.5 3.86115e-06 0 0 0 0 270 0
  230 0.5 3.86237e-06 0 0 0 0 270 0
  231 0.5 3.8638e-06 0 0 0 0 270 0
  232 0.5 3.86541e-06 0 0 0 0 270 0
  233 0.5 3.86718e-06 0 0 0 0 270 0
  234 0.5 3.86909e-06 0 0 0 0 270 0
  235 0.5 3.8711e-06 0 0 0 0 270 0
  236 0.5 3.87319e-06 0 0 0 0 270 0
  237 0.5 3.87533e-06 0 0 0 0 270 0
  238 0.5 3.87751e-06 0 0 0 0 270 0
  239 0.5 3.87969e-06 0 0 0 0 270 0
  240 0.5 3.88185e-06 0 0 0 0 270 0
  241 0.5 3.88399e-06 0 0 0 0 270 0
  242 0.5 3.88607e-06 0 0 0 0 270 0
  243 0.5 3.88808e-06 0 0 0 0 270 0
  244 0.5 3.89002e-06 0 0 0 0 270 0
  245 0.5 3.89186e-06 0 0 0 0 270 0
  246 0.5 3.8936e-06 0 0 0 0 270 0
  247 0.5 3.89524e-06 0 0 0 0 270 0
  248 0.5 3.89676e-06 0 0 0 0 270 0
  249 0.5 3.89817e-06 0 0 0 0 270 0
  250 0.5 3.89948e-06 0 0 0 0 270 0
  251 0.5 3.90067e-06 0 0 0 0 270 0
  252 0.5 3.90177e-06 0 0 0 0 270 0
  253 0.5 3.90277e-06 0 0 0 0 270 0
  254 0.5 3.90369e-06 0 0 0 0 270 0
  255 0.5 3.90454e-06 0 0 0 0 270 0
  256 0.5 3.90534e-06 0 0 0 0 270 0
  257 0.5 3.90609e-06 0 0 0 0 270 0
  258 0.5 3.90682e-06 0 0 0 0 270 0
  259 0.5 3.90755e-06 0 0 0 0 270 0
  260 0.5 3.90829e-06 0 0 0 0 270 0
  261 0.5 3.90905e-06 0 0 0 0 270 0
  262 0.5 3.90983e-06 0 0 0 0 270 0
  263 0.5 3.91063e-06 0 0 0 0 270 0
  264 0.5 3.91145e-06 0 0 0 0 270 0
  265 0.5 3.91229e-06 0 0 0 0 270 0
  266 0.5 3.91314e-06 0 0 0 0 270 0
  267 0.5 3.91401e-06 0 0 0 0 270 0
  268 0.5 3.9149e-06 0 0 0 0 270 0
  269 0.5 3.91579e-06 0 0 0 0 270 0
  270 0.5 3.9167e-06 0 0 0 0 270 0
  271 0.5 3.91762e-06 0 0 0 0 270 0
  272 0.5 3.91855e-06 0 0 0 0 270 0
  273 0.5 3.91948e-06 0 0 0 0 270 0
  274 0.5 3.92041e-06 0 0 0 0 270 0
  275 0.5 3.92135e-06 0 0 0 0 270 0
  276 0.5 3.92228e-06 0 0 0 0 270 0
  277 0.5 3.92321e-06 0 0 0 0 270 0
  278 0.5 3.92414e-06 0 0 0 0 270 0
  279 0.5 3.92505e-06 0 0 0 0 270 0
  280 0.5 3.92595e-06 0 0 0 0 270 0
  281 0.5 3.92683e-06 0 0 0 0 270 0
  282 0.5 3.92769e-06 0 0 0 0 270 0
  283 0.5 3.92853e-06 0 0 0 0 270 0
  284 0.5 3.92933e-06 0 0 0 0 270 0
  285 0.5 3.93011e-06 0 0 0 0 270 0
  286 0.5 3.93085e-06 0 0 0 0 270 0
  287 0.5 3.93155e-06 0 0 0 0 270 0
  288 0.5 3.93221e-06 0 0 0 0 270 0
  289 0.5 3.93282e-06 0 0 0 0 270 0
  290 0.5 3.93338e-06 0 0 0 0 270 0
  291 0.5 3.93389e-06 0 0 0 0 270 0
  292 0.5 3.93433e-06 0 0 0 0 270 0
  293 0.5 3.93471e-06 0 0 0 0 270 0
  294 0.5 3.93503e-06 0 0 0 0 270 0
  295 0.5 3.93527e-06 0 0 0 0 270 0
  296 0.5 3.93545e-06 0 0 0 0 270 0
  297 0.5 3.93557e-06 0 0 0 0 270 0
  298 0.5 3.93562e-06 0 0 0 0 270 0
  299 0.5 3.93562e-06 0 0 0 0 270 0
  300 0.5 3.93555e-06 0 0 0 0 270 0
  301 0.5 3.93543e-06 0 0 0 0 270 0
  302 0.5 3.93525e-06 0 0 0 0 270 0
  303 0.5 3.93501e-06 0 0 0 0 270 0
  304 0.5 3.93472e-06 0 0 0 0 270 0
  305 0.5 3.93439e-06 0 0 0 0 270 0
  306 0.5 3.934e-06 0 0 0 0 270 0
  307 0.5 3.93356e-06 0 0 0 0 270 0
  308 0.5 3.93308e-06 0 0 0 0 270 0
  309 0.5 3.93256e-06 0 0 0 0 270 0
  310 0.5 3.932e-06 0 0 0 0 270 0
  311 0.5 3.93139e-06 0 0 0 0 270 0
  312 0.5 3.93076e-06 0 0 0 0 270 0
  313 0.5 3.93008e-06 0 0 0 0 270 0
  314 0.5 3.92938e-06 0 0 0 0 270 0
  315 0.5 3.92865e-06 0 0 0 0 270 0
  316 0.5 3.92789e-06 0 0 0 0 270 0
  317 0.5 3.92711e-06 0 0 0 0 270 0
  318 0.5 3.92631e-06 0 0 0 0 270 0
  319 0.5 3.92548e-06 0 0 0 0 270 0
  320 0.5 3.92464e-06 0 0 0 0 270 0
  321 0.5 3.92379e-06 0 0 0 0 270 0
  322 0.5 3.92292e-06 0 0 0 0 270 0
  323 0.5 3.92205e-06 0 0 0 0 270 0
  324 0.5 3.92116e-06 0 0 0 0 270 0
  325 0.5 3.92027e-06 0 0 0 0 270 0
  326 0.5 3.91938e-06 0 0 0 0 270 0
  327 0.5 3.91849e-06 0 0 0 0 270 0
  328 0.5 3.9176e-06 0 0 0 0 270 0
  329 0.5 3.91672e-06 0 0 0 0 270 0
  330 0.5 3.91584e-06 0 0 0 0 270 0
  331 0.5 3.91497e-06 0 0 0 0 270 0
  332 0.5 3.91412e-06 0 0 0 0 270 0
  333 0.5 3.91327e-06 0 0 0 0 270 0
  334 0.5 3.91244e-06 0 0 0 0 270 0
  335 0.5 3.91163e-06 0 0 0 0 270 0
  336 0.5 3.91084e-06 0 0 0 0 270 0
  337 0.5 3.91007e-06 0 0 0 0 270 0
  338 0.5 3.90932e-06 0 0 0 0 270 0
  339 0.5 3.90861e-06 0 0 0 0 270 0
  340 0.5 3.90791e-06 0 0 0 0 270 0
  341 0.5 3.90725e-06 0 0 0 0 270 0
  342 0.5 3.90663e-06 0 0 0 0 270 0
  343 0.5 3.90603e-06 0 0 0 0 270 0
  344 0.5 3.90548e-06 0 0 0 0 270 0
  345 0.5 3.90496e-06 0 0 0 0 270 0
  346 0.5 3.90448e-06 0 0 0 0 270 0
  347 0.5 3.90405e-06 0 0 0 0 270 0
  348 0.5 3.90367e-06 0 0 0 0 270 0
  349 0.5 3.90333e-06 0 0 0 0 270 0
  350 0.5 3.90304e-06 0 0 0 0 270 0
  351 0.5 3.90281e-06 0 0 0 0 270 0
  352 0.5 3.90263e-06 0 0 0 0 270 0
  353 0.5 3.90251e-06 0 0 0 0 270 0
  354 0.5 3.90246e-06 0 0 0 0 270 0
  355 0.5 3.90245e-06 0 0 0 0 270 0
  356 0.5 3.90245e-06 0 0 0 0 270 0
  357 0.5 3.90245e-06 0 0 0 0 270 0
  358 0.5 3.90245e-06 0 0 0 0 270 0
  359 0.5 3.90245e-06 0 0 0 0 270 0
  360 0.5 3.90245e-06 0 0 0 0 270 0
  361 0.5 3.90245e-06 0 0 0 0 270 0
  362 0.5 3.90245e-06 0 0 0 0 270 0
  363 0.5 3.90245e-06 0 0 0 0 270 0
  364 0.5 3.90245e-06 0 0 0 0 270 0
  365 0.5 3.90245e-06 0 0 0 0 270 0
  366 0.5 3.90245e-06 0 0 0 0 270 0
  367 0.5 3.90245e-06 0 0 0 0 270 0
  368 0.5 3.90245e-06 0 0 0 0 270 0
  369 0.5 3.90245e-06 0 0 0 0 270 0
  370 0.5 3.90245e-06 0 0 0 0 270 0
  371 0.5 3.90245e-06 0 0 0 0 270 0
  372 0.5 3.90245e-06 0 0 0 0 270 0
  373 0.5 3.90245e-06 0 0 0 0 270 0
  374 0.5 3.90245e-06 0 0 0 0 270 0
  375 0.5 3.90245e-06 0 0 0 0 270 0
  376 0.5 3.90245e-06 0 0 0 0 270 0
  377 0.5 3.90245e-06 0 0 0 0 270 0
  378 0.5 3.90245e-06 0 0 0 0 270 0
  379 0.5 3.90245e-06 0 0 0 0 270 0
  380 0.5 3.90245e-06 0 0 0 0 270 0
  381 0.5 3.90245e-06 0 0 0 0 270 0
  382 0.5 3.90245e-06 0 0 0 0 270 0
  383 0.5 3.90245e-06 0 0 0 0 270 0
  384 0.5 3.90245e-06 0 0 0 0 270 0
  385 0.5 3.90245e-06 0 0 0 0 270 0
  386 0.5 3.90245e-06 0 0 0 0 270 0
  387 0.5 3.90245e-06 0 0 0 0 270 0
  388 0.5 3.90245e-06 0 0 0 0 270 0
  389 0.5 3.90245e-06 0 0 0 0 270 0
  390 0.5 3.90245e-06 0 0 0 0 270 0
  391 0.5 3.90245e-06 0 0 0 0 270 0
  392 0.5 3.90245e-06 0 0 0 0 270 0
  393 0.5 3.90245e-06 0 0 0 0 270 0
  394 0.5 3.90245e-06 0 0 0 0 270 0
  395 0.5 3.90245e-06 0 0 0 0 270 0
  396 0.5 3.90245e-06 0 0 0 0 270 0
  397 0.5 3.90245e-06 0 0 0 0 270 0
  398 0.5 3.90245e-06 0 0 0 0 270 0
  399 0.5 3.90245e-06 0 0 0 0 270 0
  400 0.5 3.90245e-06 0 0 0 0 270 0
  401 0.5 3.90245e-06 0 0 0 0 270 0
  402 0.5 3.90245e-06 0 0 0 0 270 0
  403 0.5 3.90245e-06 0 0 0 0 270 0
  404 0.5 3.90245e-06 0 0 0 0 270 0
  405 0.5 3.90245e-06 0 0 0 0 270 0
  406 0.5 3.90245e-06 0 0 0 0 270 0
  407 0.5 3.90245e-06 0 0 0 0 270 0
  408 0.5 3.90245e-06 0 0 0 0 270 0
  409 0.5 3.90245e-06 0 0 0 0 270 0
  410 0.5 3.90245e-06 0 0 0 0 270 0
  411 0.5 3.90245e-06 0 0 0 0 270 0
  412 0.5 3.90245e-06 0 0 0 0 270 0
  413 0.5 3.90245e-06 0 0 0 0 270 0
  414 0.5 3.90245e-06 0 0 0 0 270 0
  415 0.5 3.90245e-06 0 0 0 0 270 0
  416 0.5 3.90245e-06 0 0 0 0 270 0
  417 0.5 3.90245e-06 0 0 0 0 270 0
  418 0.5 3.90245e-06 0 0 0 0 270 0
  419 0.5 3.90245e-06 0 0 0 0 270 0
  420 0.5 3.90245e-06 0 0 0 0 270 0
  421 0.5 3.90245e-06 0 0 0 0 270 0
  422 0.5 3.90245e-06 0 0 0 0 270 0
  423 0.5 3.90245e-06 0 0 0 0 270 0
  424 0.5 3.90245e-06 0 0 0 0 270 0
  425 0.5 3.90245e-06 0 0 0 0 270 0
  426 0.5 3.90245e-06 0 0 0 0 270 0
  427 0.5 3.90245e-06 0 0 0 0 270 0
  428 0.5 3.90245e-06 0 0 0 0 270 0
  429 0.5 3.90245e-06 0 0 0 0 270 0
  430 0.5 3.90245e-06 0 0 0 0 270 0
  431 0.5 3.90245e-06 0 0 0 0 270 0
  432 0.5 3.90245e-06 0 0 0 0 270 0
  433 0.5 3.90245e-06 0 0 0 0 270 0
  434 0.5 3.90245e-06 0 0 0 0 270 0
  435 0.5 3.90245e-06 0 0 0 0 270 0
  436 0.5 3.90245e-06 0 0 0 0 270 0
  437 0.5 3.90245e-06 0 0 0 0 270 0
  438 0.5 3.90245e-06 0 0 0 0 270 0
  439 0.5 3.90245e-06 0 0 0 0 270 0
  440 0.5 3.90245e-06 0 0 0 0 270 0
  441 0.5 3.90245e-06 0 0 0 0 270 0
  442 0.5 3.90245e-06 0 0 0 0 270 0
  443 0.5 3.90245e-06 0 0 0 0 270 0
  444 0.5 3.90245e-06 0 0 0 0 270 0
  445 0.5 3.90245e-06 0 0 0 0 270 0
  446 0.5 3.90245e-06 0 0 0 0 270 0
  447 0.5 3.90245e-06 0 0 0 0 270 0
  448 0.5 3.90245e-06 0 0 0 0 270 0
  449 0.5 3.90245e-06 0 0 0 0 270 0
  450 0.5 3.90245e-06 0 0 0 0 270 0
  451 0.5 3.90245e-06 0 0 0 0 270 0
  452 0.5 3.90245e-06 0 0 0 0 270 0
  453 0.5 3.90245e-06 0 0 0 0 270 0
  454 0.5 3.90245e-06 0 0 0 0 270 0
  455 0.5 3.90245e-06 0 0 0 0 270 0
  456 0.5 3.90245e-06 0 0 0 0 270 0
  457 0.5 3.90245e-06 0 0 0 0 270 0
  458 0.5 3.90245e-06 0 0 0 0 270 0
  459 0.5 3.90245e-06 0 0 0 0 270 0
  460 0.5 3.90245e-06 0 0 0 0 270 0
  461 0.5 3.90245e-06 0 0 0 0 270 0
  462 0.5 3.90245e-06 0 0 0 0 270 0
  463 0.5 3.90245e-06 0 0 0 0 270 0
  464 0.5 3.90245e-06 0 0 0 0 270 0
  465 0.5 3.90245e-06 0 0 0 0 270 0
  466 0.5 3.90245e-06 0 0 0 0 270 0
  467 0.5 3.90245e-06 0 0 0 0 270 0
  468 0.5 3.90245e-06 0 0 0 0 270 0
  469 0.5 3.90245e-06 0 0 0 0 270 0
  470 0.5 3.90245e-06 0 0 0 0 270 0
  471 0.5 3.90245e-06 0 0 0 0 270 0
  472 0.5 3.90245e-06 0 0 0 0 270 0
  473 0.5 3.90245e-06 0 0 0 0 270 0
  474 0.5 3.90245e-06 0 0 0 0 270 0
  475 0.5 3.90245e-06 0 0 0 0 270 0
  476 0.5 3.90245e-06 0 0 0 0 270 0
  477 0.5 3.90245e-06 0 0 0 0 270 0
  478 0.5 3.90245e-06 0 0 0 0 270 0
  479 0.5 3.90245e-06 0 0 0 0 270 0
  480 0.5 3.90245e-06 0 0 0 0 270 0
  481 0.5 3.90245e-06 0 0 0 0 270 0
  482 0.5 3.90245e-06 0 0 0 0 270 0
  483 0.5 3.90245e-06 0 0 0 0 270 0
  484 0.5 3.90245e-06 0 0 0 0 270 0
  485 0.5 3.90245e-06 0 0 0 0 270 0
  486 0.5 3.90245e-06 0 0 0 0 270 0
  487 0.5 3.90245e-06 0 0 0 0 270 0
  488 0.5 3.90245e-06 0 0 0 0 270 0
  489 0.5 3.90245e-06 0 0 0 0 270 0
  490 0.5 3.90245e-06 0 0 0 0 270 0
  491 0.5 3.90245e-06 0 0 0 0 270 0
  492 0.5 3.90245e-06 0 0 0 0 270 0
  493 0.5 3.90245e-06 0 0 0 0 270 0
  494 0.5 3.90245e-06 0 0 0 0 270 0
  495 0.5 3.90245e-06 0 0 0 0 270 0
  496 0.5 3.90245e-06 0 0 0 0 270 0
  497 0.5 3.90245e-06 0 0 0 0 270 0
  498 0.5 3.90245e-06 0 0 0 0 270 0
  499 0.5 3.90245e-06 0 0 0 0 270 0
  500 0.5 3.90245e-06 0 0 0 0 270 0
  501 0.5 3.90245e-06 0 0 0 0 270 0
  502 0.5 3.90245e-06 0 0 0 0 270 0
  503 0.5 3.90245e-06 0 0 0 0 270 0
  504 100 3.90245e-06 0 0 0 0 270 0
