# intensity: 0.999490203861788
# background: 4.07960054156008e-06
#           Q (1/A)             dQ (1/A)                    R                   dR               theory              fresnel
  0.0079800591548812 0.000105656998978322    0.784904091237531  0.00332232473464614    0.783471226868761     0.99949428346233
 0.00848888947700419 0.000111630513955277    0.765439353408815  0.00309363167270375    0.769408320253067     0.99949428346233
 0.00898897458638603 0.000118014722520973    0.753539392885282   0.0028881192755638    0.752455848822074     0.99949428346233
  0.0094802298537056 0.000123766799552839    0.734961900557091   0.0027062041540714    0.735400787247845     0.99949428346233
 0.00998905909006394 0.000130310272471102    0.718744163965935  0.00253552135579959    0.717338083381883     0.99949428346233
  0.0104978879169773 0.000136130318330311    0.699458443468817  0.00238031153156054    0.698895954333371    0.999493583539081
  0.0109935558348259 0.000142577049916549    0.679664092029387  0.00224195844666522    0.680598984915365    0.990639260718795
  0.0114893289127357 0.000148208010446489    0.662873204000764   0.0021146198260633    0.661996413373434    0.859333378562369
  0.0119936258776032 0.000154765812462213    0.643088270381622  0.00199503446093544    0.642802430305472    0.367029974437289
   0.012489333605595 0.000160538846276992    0.620479597762873  0.00188611513316039    0.623706280426678    0.197777020303452
  0.0129894218136977 0.000167080465964693    0.605113288659432  0.00178392962268537    0.604250790548392    0.135176668699784
  0.0134850899551271 0.000172822799354245    0.584537993923325  0.00168946335598279    0.584820186873648   0.0992685883602534
  0.0139938626642141 0.000179241115210568    0.562260078405267  0.00159883251982547    0.564768321901822   0.0754772249545007
  0.0144895939216084 0.000185359450933049    0.545701077779813  0.00151609243136295    0.545170556562072   0.0594774402476848
  0.0149895964140366 0.000191338185094708    0.526228374726442  0.00143768334192554     0.52538915985464    0.047817070437986
  0.0154940297242077 0.000197708697308689    0.505582079253577  0.00136325356157504    0.505463874354266   0.0390450997988206
  0.0159940605192166 0.000203875051984655    0.485907963863323  0.00129370922061144    0.485789396204728   0.0323927749337897
  0.0164897153619401 0.000209915869199483    0.467275223501075  0.00122859516629776    0.466407285232904   0.0272357552202996
  0.0169897955752963 0.000216004293074535    0.446553447982207  0.00116645466778678    0.447017216393149   0.0230972848583151
  0.0174942181301353 0.000222343614050663    0.427808282874562  0.00110712007539815    0.427669612842593   0.0197337295514037
   0.017994299490552 0.000228136783390309    0.405461557395534  0.00105137337528359      0.4087385622449   0.0170131714282665
  0.0184899372996772 0.000234878138145983      0.3914850595043 0.000998937796912349    0.390260654925716   0.0147873089996235
  0.0189855747736125 0.000240436319268083    0.373073377003175  0.00094912139776753    0.372102742237824   0.0129308489331139
  0.0194944146690901 0.000247010588825946    0.353627908688201 0.000900528324314602    0.353828333107503   0.0113309930091645
  0.0199900175972125 0.000252600448061563    0.336086138912711 0.000855530200120024    0.336417406584641   0.0100126552885858
  0.0204901181041341 0.000259296112017903    0.319162755455357 0.000812320280109778    0.319268113169929  0.00887904367784037
  0.0209945632806478 0.000265107053147567    0.302715593175167 0.000770840235250798    0.302421227132308  0.00789895394732707
  0.0214902383994332 0.000271474555113304    0.286714637263161 0.000732025957528416     0.28633009163413  0.00706849821158067
  0.0219814708309879 0.000277389777484751    0.269926754745672 0.000695369481893906    0.270859066634923  0.00635422620670868
  0.0224946713067138 0.000283607890230474    0.254714152475696 0.000658881409919585    0.255215788828823  0.00570463405338703
  0.0229947269672016 0.000289588690393616    0.240776311737702 0.000625023568749954    0.240496438308371  0.00515160805228899
  0.0234903613118966 0.000296079981434713    0.225561532730269 0.000593035084531267    0.226430650940156  0.00467002646520877
  0.0239859835664938  0.00030226077125553    0.213389169204889 0.000562534890378897    0.212893658278862  0.00424502506365898
  0.0244948508232352 0.000308275873169707    0.200307953128168 0.000532707169948338    0.199561398786845   0.0038597171468695
  0.0249904158770341 0.000314580553213956    0.186952110166201 0.000505320357427761    0.187339265738221  0.00353833264026801
  0.0274029110604347  0.00034367816559747    0.134726025801012 0.000388205338698523    0.134508523766866  0.00235949146615695
  0.0297889245943176 0.000373632950401928   0.0938683280324437 0.000296123887096565   0.0936483678308874  0.00163730905520113
  0.0321925906758901 0.000402665342762324   0.0624433392761993 0.000222829934892745   0.0627665433981959  0.00117206696078573
  0.0345961771520174 0.000432501803896288   0.0402311924580151 0.000165242105821609    0.040433550796831 0.000862773656896297
  0.0369909960388498 0.000461932014448155   0.0247972553001473 0.000120384321047323   0.0249020805008698 0.000650867422303407
  0.0393901210804413 0.000491347637493213   0.0144030741973539 8.54606796046031e-05   0.0144515389417113 0.000500719656460169
  0.0417804453621166  0.00052069708132659  0.00766639322155606 5.86178396476152e-05  0.00776875067982542 0.000392338931857913
   0.044183889554009 0.000550344432381038  0.00368019115663692 3.80245681145755e-05  0.00370981879961668 0.000311774611055176
   0.046596068871186 0.000579994224540459  0.00149191857676497 2.25662343945661e-05  0.00146699138694206 0.000250972372670145
  0.0489862800420412 0.000609186288347816 0.000416244093351731 1.17166676873903e-05 0.000429621809874819 0.000204913141592709
   0.051393958648393   0.0006390324241532 0.000125407401536661  6.2821091673194e-06 0.000122364377694443 0.000168932599836066
  0.0537928785455874 0.000668071715808787 0.000236369701817235 7.88562291372827e-06 0.000231974926390521 0.000140780309314628
   0.056191695864071 0.000698034660867354 0.000536042598450473 1.10830665968911e-05 0.000538796385228381 0.000118414209146471
  0.0585992648446524 0.000727105932092388 0.000915099938084343 1.34809807724094e-05 0.000901046118879784 0.000100396351950647
  0.0609935924317188 0.000756709357841427  0.00120310194532573 1.48996072376068e-05  0.00122697394379332  8.5875323866605e-05
  0.0633966823203354 0.000786715915310161  0.00147063115129025 1.54968301460551e-05  0.00147063467410605 7.39605803577446e-05
  0.0658040462705197 0.000815751640088525  0.00159808484042577 1.54359103154522e-05  0.00160994872474205 6.41268898535226e-05
  0.0681894656718302 0.000845315599814399  0.00163118309784288 1.48765201510388e-05  0.00164289806787393  5.6036159440415e-05
  0.0705879492671345 0.000874683149285446  0.00160492993815539  1.3943988504571e-05  0.00158181383205248  4.9233903177199e-05
  0.0729995242294569  0.00090437803616847  0.00145469663864722 1.27445344480937e-05  0.00144464302599541 4.34824724257742e-05
  0.0753935099479746 0.000933539916900804  0.00124613732572442 1.13870611106136e-05  0.00125636064791098 3.86525897138561e-05
  0.0777961683202245 0.000963350130001683  0.00103322326136307 9.93547911671088e-06  0.00103892630270604 3.45286620295293e-05
  0.0801900431698863 0.000992323539249023 0.000807457100545808 8.46552025704156e-06 0.000815872386715958 3.10145415927859e-05
  0.0825837966898568  0.00102209491739726 0.000612681010576739  7.0262863102116e-06 0.000604800112378427 2.79943666585792e-05
  0.0849818751357809  0.00105166606896108 0.000416123857037458  5.6612402779754e-06 0.000419183215367838 2.53822669802876e-05
  0.0873842597906357  0.00108091378411713 0.000275793786255097 4.41142789072642e-06 0.000267967141495284 2.31139948239094e-05
  0.0897865645081744  0.00111086694959934 0.000157377880371878 3.31957471034428e-06   0.0001553633107499 2.11402408037481e-05
  0.0921844148260895   0.0011396928273538 8.16638881594804e-05 2.43596661993158e-06 8.08998440913614e-05 1.94191577495614e-05
  0.0945865520105082  0.00116945640627043 3.99978776821566e-05 1.82768880567368e-06 4.02591979258387e-05 1.79075791462437e-05
  0.0969885974277831  0.00119887922845636 2.67327336951466e-05 1.56639717434745e-06 2.71559778481661e-05 1.65779728456075e-05
  0.0993949170249184  0.00122847041774378  3.2987895743025e-05 1.60987871234624e-06 3.39706132753275e-05  1.5402618143509e-05
   0.101792418567134  0.00125765569643115 5.23429219496717e-05 1.79334266961844e-06 5.28374154656549e-05 1.43659569628485e-05
   0.104189825689135  0.00128702264845565 7.60745812961961e-05 1.98635960065067e-06 7.67351125029796e-05 1.34454787122492e-05
   0.106591497708542  0.00131677292347355  0.00010338825768391 2.13109173888062e-06 9.99979917066799e-05 1.26245177117516e-05
   0.108997473043812  0.00134619966376301 0.000116945270890364  2.2093431634724e-06 0.000118550585353428 1.18903524556862e-05
   0.111394570950158  0.00137592708883301 0.000130021211745726 2.22063709562681e-06 0.000129955180255826 1.12357545151231e-05
   0.113800337235373  0.00140494845741912 0.000131838933160826 2.17264736611754e-06 0.000133510925200667 1.06463605647914e-05
   0.116192851535561  0.00143475988329438 0.000127911537062162 2.07669437584806e-06 0.000129666291581771 1.01192585814704e-05
   0.118598400613518  0.00146366785183988 0.000117815257580778 1.94365694374348e-06 0.000119716110472003  9.6415911344203e-06
    0.12099946659664  0.00149343094003336 0.000106870551695453 1.78615122083425e-06 0.000105508457807664 9.21101671208066e-06
   0.123391642506091  0.00152294111340314 9.14908536140371e-05 1.61565744062332e-06  8.9015130204005e-05 8.82273221871538e-06
   0.125792509880424  0.00155192988888326 6.97400627021638e-05 1.44081517362707e-06 7.18775679561464e-05 8.46930503098034e-06
   0.128193228618642  0.00158177531743471 5.56081601897071e-05  1.2708246564102e-06 5.55877982296911e-05 8.14823727760381e-06
   0.130593801644359  0.00161100280144816 4.09324871103604e-05 1.11283193653719e-06 4.11577013151455e-05 7.85602785834127e-06
   0.132994319541588  0.00164065716702617 3.06452698900772e-05 9.72519386377776e-07 2.91743914553133e-05 7.58961115594191e-06
   0.135385937791409  0.00166968991028403 1.83204027044272e-05 8.54439847498368e-07 1.98839597216106e-05 7.34716305126008e-06
    0.13779493455051  0.00169946357004623 1.29697885911652e-05 7.59842381336619e-07  1.3127930883619e-05  7.1237669406709e-06
   0.140190670072187  0.00172838385311292 8.17853897962449e-06 6.90381075498058e-07 8.73812463922152e-06 6.92022112179669e-06
   0.142590669093821   0.0017581155812381 5.96651061929524e-06 6.43641506188108e-07 6.31040887582592e-06  6.7331084436615e-06
   0.144990536361891  0.00178726056261406 6.69271991221425e-06 6.16029287160474e-07 5.45871954577068e-06 6.56116791161962e-06
   0.147399010411416  0.00181665109206102 5.66814668686319e-06 6.02690726614622e-07 5.80400074892673e-06 6.40239154452711e-06
    0.14978546854928  0.00184665690189576 7.29223461638642e-06 5.98829315115443e-07 6.98942363504178e-06 6.25740677699796e-06
   0.152189293260182  0.00187562324874346    9.46407103056e-06 6.00142146825731e-07 8.72989797113692e-06 6.12263102758636e-06
   0.154584232428549  0.00190528743537678 1.14247146664046e-05 6.03393633179536e-07 1.07483749528494e-05 5.99856890001555e-06
   0.156983408569722  0.00193444344453664 1.31482511198419e-05  6.0623839588708e-07 1.28275069682245e-05 5.88359340708816e-06
   0.159382441105715  0.00196393261248374 1.52132917190007e-05 6.07038979321816e-07 1.47652582896282e-05 5.77711991604879e-06
   0.161781336770617  0.00199304950452488 1.65047710981281e-05 6.04731592988362e-07 1.63932070094528e-05 5.67838861782598e-06
   0.164175686737351  0.00202251260877275 1.65780397019407e-05 5.98705226923961e-07 1.75743105319286e-05 5.58690560320745e-06
   0.166583033050675  0.00205174749287503 1.77216470689519e-05 5.88644666542725e-07 1.82209128376377e-05 5.50143114011118e-06
   0.168990227535782  0.00208137665623578 1.80662083219482e-05 5.74648931683234e-07 1.82800541690702e-05 5.42193672870947e-06
   0.171388500885604  0.00211087461915692 1.82151604164705e-05 5.57160658732914e-07 1.77638679418764e-05 5.34818798679423e-06
   0.173790994165279  0.00213986448905714 1.80721270773562e-05 5.36725406953466e-07 1.67343462139965e-05 5.27932007037712e-06
   0.176184588834316  0.00216979572473262 1.44998572800004e-05 5.14302446342566e-07 1.53081925427121e-05 5.21529703145276e-06
   0.178591137578992  0.00219854825899299 1.32505409617465e-05 4.90686574373307e-07 1.36171764217912e-05  5.1551754602944e-06
   0.180993154179201  0.00222841283590844 1.20150242791817e-05 4.67123390092045e-07  1.1835330626242e-05  5.0990845835032e-06
   0.183390628159616   0.0022574585949215 1.02181198850439e-05 4.44672028770379e-07  1.0124332525514e-05 5.04669890878911e-06
   0.185774811385847  0.00228669282605038 8.99525166023244e-06 4.24323460699009e-07 8.62905568079342e-06 4.99790129424951e-06
   0.188180701123648  0.00231616144827432 7.75052389759489e-06 4.06481846036444e-07 7.43407773792353e-06 4.95174142133672e-06
    0.19057327515433  0.00234538976471699 6.42179666400563e-06 3.91785497541837e-07 6.61848599976862e-06 4.90867855940953e-06
   0.192983187789839  0.00237486578894447  6.6698098114593e-06 3.80052308818641e-07 6.18463720911385e-06 4.86795796436374e-06
   0.195379793729783  0.00240394795138984 6.16292243145174e-06 3.71094051927315e-07 6.10525459115875e-06 4.82991194280622e-06
   0.197776222674233  0.00243354573256251 6.59212756213898e-06 3.64242453659373e-07 6.30691365920941e-06 4.79413756040381e-06
    0.20017686202819  0.00246242064270014 6.34878284423967e-06 3.58762631357702e-07 6.69631311536071e-06 4.76041314363711e-06
   0.202581667309806  0.00249225635666562 7.62239816941707e-06 3.53931027396925e-07 7.17032545314617e-06 4.72860269374281e-06
   0.204981909744637  0.00252112059535912 7.32528421211675e-06 3.49134259302178e-07 7.62791921989272e-06 4.69868352295718e-06
   0.207377612311141  0.00255048249077489 7.54019229395556e-06 3.43904336738126e-07 7.98690318781788e-06 4.67052152955098e-06
   0.209781853403341  0.00258011830825014 8.34097067995273e-06 3.37925964211144e-07 8.19124398265282e-06 4.64385161159001e-06
   0.212177172728151  0.00260913283384064 8.70375895750838e-06 3.31134123908032e-07 8.21034345382047e-06 4.61876284348615e-06
   0.214581020525155  0.00263863495701259 8.06304866193989e-06 3.23527366517707e-07 8.04421893910604e-06 4.59496962497651e-06
   0.216980295438565  0.00266777759356165 7.46903881727549e-06 3.15305371837576e-07  7.7165876268397e-06 4.57251633988624e-06
    0.21937941295226  0.00269725106601978 6.85397370186781e-06 3.06690748826252e-07 7.26815438441907e-06 4.55127451067576e-06
   0.221787055611537  0.00272620238723598  6.7053412142935e-06 2.97921759065376e-07 6.74730058590774e-06 4.53109511151829e-06
   0.224176996502749  0.00275572164333483 6.22104588358868e-06 2.89358218946604e-07 6.21155357957737e-06 4.51212086329571e-06
   0.226584216186684  0.00278456932909772 5.60624962065581e-06 2.81103746036624e-07 5.69945671890763e-06 4.49400629267037e-06
   0.228982485143194  0.00281395799442004 6.09262833670374e-06 2.73419064599375e-07 5.25252223055229e-06  4.4768928552086e-06
   0.231380544638221  0.00284334057554674 5.13216667216132e-06 2.66370358473064e-07  4.8913219028453e-06 4.46065537471888e-06
   0.233778398038382  0.00287265578804029 4.47221059363263e-06 2.59982971965908e-07 4.62476163478715e-06 4.44524051618522e-06
   0.236180396414137  0.00290213461769518 4.37087363331568e-06 2.54210658647843e-07 4.44941641280882e-06 4.43057289478685e-06
   0.238582177124417  0.00293081319736818 4.03923965088049e-06 2.48983997266032e-07 4.35333195859524e-06 4.41663449029477e-06
   0.240975022116212  0.00296055067971886 3.84963160305603e-06 2.44213643587979e-07 4.31835928467483e-06 4.40345813742892e-06
   0.243376362920678   0.0029894914214125 4.05619542993702e-06 2.39750593101663e-07 4.32329250791964e-06 4.39113353872251e-06
    0.24578182713406  0.00301887000168162 4.58037052623892e-06 2.35493731001745e-07  4.3467607449642e-06 4.38047287304323e-06
   0.248182731464899  0.00304779767444347 4.36683493225855e-06 2.31368987320292e-07 4.37091452877609e-06 4.37252707063711e-06
   0.250583404353081   0.0030771464560367 4.33456895094812e-06  2.2732757925892e-07 4.38819358606251e-06 4.36735492447578e-06
