Q dQ R dR fit
0.008196289671724 0.08701237404207242 0.0010750021603010138 0.0 
0.0087051198485302 0.07870206409265015 0.0009629250183160007 0.0 
0.0092139496685193 0.06715771459450735 0.0008428669076846199 0.0 
0.0097008258830338 0.05728613333770004 0.0007370864346509824 0.0 
0.0101987035533871 0.05220631909985922 0.000676810396042166 0.0 
0.0107141176281727 0.04598954848970172 0.0005971711116466785 0.0 
0.0112053954139154 0.040973463057440186 0.0005404965210534758 0.0 
0.0116988789008997 0.03713547476061732 0.0004923473259236578 0.0 
0.0122055093974296 0.03258175928485926 0.0004395420043833024 0.0 
0.0127143355438769 0.030803031165331334 0.00040850805047386166 0.0 
0.0131990173807373 0.025255497759196655 0.00036042384018939507 0.0 
0.0137012854115403 0.02289697416620994 0.0003292403267224118 0.0 
0.0142144944185407 0.020522087473346044 0.0003032462419455868 0.0 
0.0147101686863954 0.01860441186382711 0.00027835285424140417 0.0 
0.0152036159400691 0.01715720639260297 0.00025595435023600846 0.0 
0.0157102939320026 0.015392076117019217 0.00023167516332428097 0.0 
0.0162146974093956 0.013578874993943767 0.00021355883901462435 0.0 
0.016708154463484 0.011870888268900223 0.0001922607995611508 0.0 
0.0172016025004921 0.010998159098870783 0.00017893143749581956 0.0 
0.01770606941579 0.00952354175779115 0.00016060662988916618 0.0 
0.0182148901297126 0.008487834986438693 0.00014952250161865053 0.0 
0.0187083408892684 0.007966921579431267 0.0001405315319097051 0.0 
0.0192105694577064 0.006509009262816312 0.0001251795115120842 0.0 
0.0197150265141478 0.005571803902640543 0.00011129187512739529 0.0 
0.0202062919439822 0.0055708053412609855 0.00010766067700535967 0.0 
0.0207019641439975 0.0049389815398852305 9.832528762088244e-05 0.0 
0.0212063843637422 0.004419211526851335 9.271163642725511e-05 0.0 
0.0217151982124568 0.0037217756982139325 8.366495804832454e-05 0.0 
0.0222108604921818 0.003577131733956906 7.990418333986534e-05 0.0 
0.0227043052662478 0.0031306846528343165 7.352921512226493e-05 0.0 
0.023215319989844 0.0029415105837726527 6.89413243957901e-05 0.0 
0.0237066531496113 0.0026517138567338457 6.361628837322318e-05 0.0 
0.0242066225821695 0.00232007399225268 5.818142669467161e-05 0.0 
0.0247154295741226 0.002121042893457367 5.3926867307003795e-05 0.0 
0.0252154667861626 0.0019525057094812144 5.009428297856433e-05 0.0 
0.0276125519773784 0.0010780474699389878 3.4800706922762684e-05 0.0 
0.0300029936207524 0.0007030518072447367 2.5242393129415625e-05 0.0 
0.0324044638368299 0.000406414414038625 1.7322964315037023e-05 0.0 
0.0348036452788909 0.00026785269577119897 1.3586561332375676e-05 0.0 
0.0372050021701597 0.00018733552446970674 1.1050911783713267e-05 0.0 
0.0396041437889189 0.00018386006245704905 9.514692842925956e-06 0.0 
0.0420054201756272 0.00015240659458397126 8.245275913387456e-06 0.0 
0.0444023050244828 0.00013142967069969619 7.079023402684084e-06 0.0 
0.0468056734031084 0.0001089281804150754 6.334788999508144e-06 0.0 
0.0492024710530069 0.00011051563147361192 5.946110995167694e-06 0.0 
0.0516079795736884 0.00011350113598314587 5.63307181416409e-06 0.0 
0.0540090457569474 0.0001046706488817242 5.1147268703136815e-06 0.0 
0.0564078732409281 9.18678851625064e-05 4.599083046138218e-06 0.0 
0.0588198120525403 8.844260593316565e-05 4.233579830947091e-06 0.0 
0.0612097825383513 8.945024936220582e-05 3.82830750674038e-06 0.0 
0.0636172047491882 6.46894112388506e-05 3.2447363042165876e-06 0.0 
0.066018008928694 5.640202892952691e-05 2.9848645443475822e-06 0.0 
0.0684077610615343 4.351289159554223e-05 2.4618152973032575e-06 0.0 
0.0708084816778407 3.673885342654876e-05 2.2427763280412463e-06 0.0 
0.0732134514086199 2.1888176376873774e-05 1.6802591065492093e-06 0.0 
0.075600896526772 1.519249496363159e-05 1.2701628328832942e-06 0.0 
0.0780057450981228 9.613789741099782e-06 1.0815518600373931e-06 0.0 
0.080403969036088 1.030005528341257e-05 1.0666255202498956e-06 0.0 
0.0828042969927746 6.4819092207677555e-06 8.906418492582846e-07 0.0 
0.0851979828098431 1.415360705852664e-05 1.1138220593001829e-06 0.0 
0.0876003603639563 1.4486217872189302e-05 1.0813673114201786e-06 0.0 
0.0900048453166656 1.9142218120230534e-05 1.1682983091781448e-06 0.0 
0.0924004893994399 2.006898384473608e-05 1.1863033091467887e-06 0.0 
0.0948026288180596 2.5992726315591124e-05 1.2434540045925583e-06 0.0 
0.0972068400152995 2.2459779169291912e-05 1.1272117422904783e-06 0.0 
0.0996153776239398 1.977613868908935e-05 1.0443987863932767e-06 0.0 
0.1020019086249159 2.429201384255707e-05 1.0613539038930468e-06 0.0 
0.1044080604339325 2.2894126399021303e-05 1.0137251306226423e-06 0.0 
0.1068097268385237 1.554131542232164e-05 8.696737328599333e-07 0.0 
0.1092134960793963 9.922197414545778e-06 6.719692160772087e-07 0.0 
0.111614971858566 1.0993410507339228e-05 6.554016086513569e-07 0.0 
0.1140185366425738 3.852800904647369e-06 4.469156412328987e-07 0.0 
0.11640665803609 3.87450854660952e-06 4.4677525346269897e-07 0.0 
0.1188078134689021 4.623179462697752e-06 4.4955139692393394e-07 0.0 
0.1212066707773041 4.167560642795805e-06 4.1812262797788476e-07 0.0 
0.1236098139160785 3.998417650589388e-06 4.05949428130672e-07 0.0 
0.1260062569292443 3.972192530841431e-06 3.8338533222988294e-07 0.0 
0.1284091783168269 5.814667802096699e-06 4.163342750086302e-07 0.0 
0.130805392985394 3.3887226462031757e-06 3.535693875099749e-07 0.0 
0.1332080656528589 6.180827718568492e-06 3.968532486788227e-07 0.0 
0.1356084195168723 4.13820737884069e-06 3.466119247854294e-07 0.0 
0.1380086473038341 8.80502041910485e-06 4.403971993121697e-07 0.0 
0.140408750341406 3.9900095583562266e-06 3.193909226066815e-07 0.0 
0.1428065437052304 5.993311302420848e-06 3.6608919389969865e-07 0.0 
0.1452042091083158 6.43998427397907e-06 3.610403394680406e-07 0.0 
0.1476104930141231 5.095101025445543e-06 3.225227003835695e-07 0.0 
0.150007887629669 5.455705151035157e-06 3.2151148510794843e-07 0.0 
0.1524007596075325 5.95777195802385e-06 3.134098273989784e-07 0.0 
0.1548058955263224 8.445419619081637e-06 3.5809563492385534e-07 0.0 
0.1571963015146383 4.945562048694441e-06 2.9179213208253214e-07 0.0 
0.1596011604390952 6.2835643988707525e-06 3.0576760088788677e-07 0.0 
0.1620058666167221 5.638818303600566e-06 2.773421520207002e-07 0.0 
0.1644016757774011 2.633787948384875e-06 2.2001108436789085e-07 0.0 
0.1668090039587086 4.37842163837638e-06 2.504068083221409e-07 0.0 
0.169210331665853 2.083440731448022e-06 1.9810788966392775e-07 0.0 
0.1716085981101752 4.726204230368316e-06 2.4259091380633247e-07 0.0 
0.1740067075704959 4.820303039105813e-06 2.3216155684929708e-07 0.0 
0.1764017304953035 6.104399553685476e-06 2.5060763447509e-07 0.0 
0.1788053539433949 7.501736698020819e-06 2.6124044060135097e-07 0.0 
0.1811942391004037 5.2074391236741985e-06 2.25756656181771e-07 0.0 
0.1836004411626638 6.26437560850853e-06 2.2881911418552128e-07 0.0 
0.1859948126238664 7.79085829900194e-06 2.466741288388122e-07 0.0 
0.188406520647641 7.142556573629834e-06 2.3020013228886122e-07 0.0 
0.1907947084983362 7.216735846992836e-06 2.3664499346915258e-07 0.0 
0.1932089755941468 7.203796088467446e-06 2.2608099116548342e-07 0.0 
0.1955997419781472 7.252342936918672e-06 2.2202149014411003e-07 0.0 
0.197996161282195 6.7658594179140955e-06 2.118578290649031e-07 0.0 
0.2004011445531896 6.625857787070305e-06 2.0559296328948527e-07 0.0 
0.2027971946108029 5.300015700407766e-06 1.9036022479857055e-07 0.0 
0.2052047243126886 3.770318248532828e-06 1.6849987174856766e-07 0.0 
0.2075974764136743 4.44664391924053e-06 1.6930442227745323e-07 0.0 
0.2099958869154215 3.7897041977562596e-06 1.5754202708875125e-07 0.0 
0.2123940933209748 4.585998698560201e-06 1.6609046800205792e-07 0.0 
0.2147920947232431 4.89125751397878e-06 1.6381609273617998e-07 0.0 
0.2171899123659326 6.105526157816784e-06 1.7213127113395027e-07 0.0 
0.2195991966456625 5.714272554380028e-06 1.63749553686394e-07 0.0 
0.2220053532351283 5.4885495470817636e-06 1.5603363815857155e-07 0.0 
0.2243909072917483 4.722427198806183e-06 1.5140084773953594e-07 0.0 
0.2267995664344737 5.529711321490635e-06 1.551358261494284e-07 0.0 
0.2291963691201248 5.239385584662714e-06 1.4997575967884753e-07 0.0 
0.2315958571144538 5.975064385500301e-06 1.506587780326551e-07 0.0 
0.2339980606913276 4.320458902471598e-06 1.364160435462474e-07 0.0 
0.2363971295979063 6.397838124056265e-06 1.5005223026375676e-07 0.0 
0.2387959839904581 5.590791327456356e-06 1.3983859259897148e-07 0.0 
0.2411946260973177 5.116879706523075e-06 1.3546870294724503e-07 0.0 
0.2435872064060812 4.536935096701945e-06 1.2607812823043556e-07 0.0 
0.2459941293788541 4.4324778740377035e-06 1.2436419345976257e-07 0.0 
0.2483891842566369 5.119757817137629e-06 1.2732239285033918e-07 0.0 
0.2507956541519204 4.598375967951032e-06 1.2144282445237214e-07 0.0 
