Q I dI dQ
0.0029689032449782098 2.5793195378032028 0.26858287984323453 0.0010470639774331392
0.0032088757757470594 2.3367282242557597 0.1910088823544039 0.0010492440220195882
0.0034682449694489344 2.4391465668937458 0.17652475381643576 0.0010517850072177368
0.0037485786327479177 2.415422690960779 0.1631079773354435 0.001054745609932615
0.004051571296051481 2.7804958405063527 0.15067753777295642 0.00105819366833299
0.004379054456423398 2.2258173736879017 0.13915838576672424 0.0010622074830282284
0.004733007648417785 2.545134448586508 0.12848100665030335 0.0010668772598245793
0.005115570409754071 2.4582137701655298 0.11858103543553616 0.0010723066950819617
0.0055290552141616725 2.323517541127324 0.10939883146043171 0.001078614699263799
0.005975961449569428 2.385134753172862 0.10087913814088857 0.001085937247138347
0.006458990526133614 2.4773433690598257 0.0929707910831856 0.0010944293341665135
0.006981062205427993 2.2777422167730674 0.08562637661075737 0.0011042670080087605
0.007545332249500647 2.3522166691494863 0.07880201897491816 0.00111564943221051
0.008155211496480883 2.251155710498761 0.07245709699150182 0.0011288009267987817
0.008814386478042153 2.300990711549969 0.06655410141144213 0.0011439729190635178
0.009526841703347425 2.2142231089240374 0.061058306933790114 0.001161445729068678
0.010296883744176293 2.2339617161690204 0.05593780223025369 0.0011815301107766585
0.01112916726682128 2.138503977824939 0.05116318570411301 0.0012045684736488932
0.012028723168107826 2.020042249518383 0.046707620725347836 0.0012309357235807483
0.013000988985611722 1.9577684699665079 0.042546652097626286 0.0012610396875889288
0.013000988985611722 1.9553446147877447 0.03871409110756281 0.002147209995990484
0.014051841765894248 1.9517308559518498 0.029944547284263705 0.0021675208158054345
0.014051841765894248 1.9678295590186157 0.03865824431389129 0.001295321123792392
0.015187633589433378 1.8542214313162189 0.02712849716881522 0.002191009291285045
0.015187633589433378 1.881085475126352 0.03502273924748547 0.001334253364728875
0.016415229966988295 1.7914188804202467 0.024495049386721337 0.002218133336086609
0.016415229966988295 1.7687580007393755 0.03162297277976665 0.0013783416932864065
0.01774205133949137 1.7023861541543372 0.028444329247660237 0.0014281225997354627
0.01774205133949137 1.696089489676166 0.022032882694045727 0.0022494052176258166
0.01917611793232162 1.5861933150184093 0.025474928472008038 0.0014841631076912012
0.01917611793232162 1.585679679951138 0.019732794743582454 0.002285394890043879
0.020726098235089918 1.473886602743878 0.017587850082242954 0.0023267327929350863
0.020726098235089918 1.5065039984009205 0.022705816821373237 0.001547060379077829
0.02240136139998123 1.344007734333546 0.015593571537022306 0.002374111976529169
0.02240136139998123 1.333379520624682 0.020131214290260456 0.0016174418085026013
0.024212033875385695 1.2076919191701763 0.01374815867865984 0.002428289449548039
0.024212033875385695 1.2218845038398873 0.017748796534488843 0.0016959657949319753
0.026169060617151418 1.0972906037871462 0.01205265645201313 0.002490086704526087
0.026169060617151418 1.0728983774292662 0.018992665002056236 0.0017833233365967375
0.02828427124746191 0.9869985334868567 0.010511012485670053 0.0025603894555312344
0.02828427124746191 1.0121072393918351 0.02143443920943515 0.0018802405406725124
0.03057045156124839 0.8665529456081335 0.009129822046520828 0.0026401467189067127
0.03057045156124839 0.9140586923375476 0.02438219190145197 0.0019874820814655943
0.03304142081237099 0.756885353760885 0.007917405614359753 0.0027303694681022374
0.03304142081237099 0.781879175799485 0.03170721922743502 0.0021058555883863034
0.035712115246739916 0.5393461563720194 0.08584918387361211 0.002236216904687587
0.035712115246739916 0.6681165196020137 0.006881724227124726 0.0028321291845566656
0.03859867838730863 0.6015613511852245 0.0060266392859936475 0.0029465566926258064
0.0417185586166838 0.553523204991731 0.005346733569093342 0.0030748416949206254
0.045090614647208836 0.531642041428374 0.004822669394871232 0.0032182334082853387
0.048735229516055134 0.5128466801072662 0.00442072907891869 0.0033780426413153033
0.052674433794385946 0.5140914402399552 0.0028916262227502445 0.006338721516352649
0.052674433794385946 0.5168158202685673 0.004098921922687872 0.0035556455613553308
0.056932038755354526 0.5242771324414013 0.002545040266714752 0.006451197637657481
0.056932038755354526 0.517260400924443 0.0038175604000721276 0.003752489287956903
0.06153378030589564 0.5220991040568056 0.002366007005447289 0.006580156826644261
0.06153378030589564 0.5151854814398547 0.003549010508170934 0.003970099338725282
0.06650747455233393 0.5182657801248579 0.0021883021024188295 0.006727675921150852
0.06650747455233393 0.5226777555860531 0.003282453153628245 0.004210088858462109
0.07188318594015501 0.5184109588635524 0.002014818514629659 0.006896011004249535
0.07188318594015501 0.5202403522911697 0.0030222277719444885 0.004474169494648647
0.07769340898429236 0.5145011738864023 0.0019195506883245216 0.007087597005058689
0.07769340898429236 0.514394940254682 0.0027802166051114833 0.0047641637463704724
0.08397326468843358 0.5105385368770814 0.0018481005374656751 0.00730504539622655
0.08397326468843358 0.5131873021611915 0.0029950790236800266 0.005082018608490583
0.09076071284063958 0.5098078322963444 0.0036367119387944384 0.005429820352611447
0.09076071284063958 0.509797558262373 0.0017565052010551129 0.007551140587058332
0.09809678146853884 0.5101703618108672 0.004387310199159862 0.005809810323321395
0.09809678146853884 0.5098936533993476 0.0016621660379448286 0.007828835871115068
0.10602581484108199 0.5123369149107478 0.005937311501411817 0.006224401674398877
0.10602581484108199 0.5098310939003727 0.0015650732046681272 0.00814124998437867
0.114595741515951 0.5092315810206052 0.001468825445375302 0.008491665427374685
0.114595741515951 0.5273532502551704 0.014650830232179467 0.0066761970182570496
0.12385836405288624 0.5120568136351147 0.0013780496190978495 0.008883529679771312
0.13386967214416046 0.5095272416683775 0.0012924400619528532 0.009320460288799518
0.14469018105497397 0.5117978260982109 0.0012095266125930857 0.009806254566577705
0.15638529741954232 0.5095503799108735 0.0011309491195990067 0.010344904327483896
0.16902571460399735 0.5087404186401409 0.0010571785081626842 0.010940615784697646
0.18268784002594982 0.5102645723975984 0.0009870752266581085 0.011597834451214277
0.19745425701372998 0.5103261834544097 0.0009212231363695923 0.012321274688592189
0.21341422399709822 0.5101271038402647 0.000859180414112649 0.01311595343250933
0.230664214046885 0.5089695170677627 0.0008008515300246323 0.013987227596771191
0.2493084980249047 0.5099827338778974 0.0007462216503621687 0.014940834702619905
0.2694597748691106 0.5096931866932534 0.000694912428390878 0.015982936376897225
0.29123985282386344 0.5096749514878497 0.0006468407043110385 0.017120164488344403
0.3147803857331475 0.5096004530454358 0.0006342418656565737 0.018359669826483987
0.3402236688473911 0.5096266464694735 0.0006904361785659002 0.019709173357608252
0.3677234989543068 0.5089339708847844 0.0006893356895085966 0.02117702020847016
0.39744610403296704 0.5084456195440438 0.0006799196036977404 0.022772236626310453
0.42957114805059743 0.5085283249923535 0.0006672464838187565 0.02450459024351779
0.46429281697576213 0.5094777198951392 0.0006531021503016975 0.02638465403850802
0.501820992572569 0.5088609609340412 0.0006396683087766124 0.028423874434541623
0.5423825210711031 0.5099642188783321 0.0009330355686693948 0.03063464401875318
0.5862225843828245 0.5131020924397486 0.0035519159798381495 0.0330303793980692
