# z rho mu P theta
-16.3183 2.07e-06 0 0 270
-6.31829 2.07e-06 0 0 270
-6.31829 2.07001e-06 0 0 270
-4.98147 2.07001e-06 0 0 270
-4.98147 2.07038e-06 0 0 270
-3.90156 2.07038e-06 0 0 270
-3.90156 2.07419e-06 0 0 270
-3.18219 2.07419e-06 0 0 270
-3.18219 2.08752e-06 0 0 270
-2.62178 2.08752e-06 0 0 270
-2.62178 2.11705e-06 0 0 270
-2.15038 2.11705e-06 0 0 270
-2.15038 2.16809e-06 0 0 270
-1.7345 2.16809e-06 0 0 270
-1.7345 2.24354e-06 0 0 270
-1.35502 2.24354e-06 0 0 270
-1.35502 2.34374e-06 0 0 270
-0.999696 2.34374e-06 0 0 270
-0.999696 2.46654e-06 0 0 270
-0.659791 2.46654e-06 0 0 270
-0.659791 2.60766e-06 0 0 270
-0.328507 2.60766e-06 0 0 270
-0.328507 2.76115e-06 0 0 270
-1.88738e-15 2.76115e-06 0 0 270
-1.88738e-15 2.91982e-06 0 0 270
0.331284 2.91982e-06 0 0 270
0.331284 3.07581e-06 0 0 270
0.671188 3.07581e-06 0 0 270
0.671188 3.22119e-06 0 0 270
1.02652 3.22119e-06 0 0 270
1.02652 3.34864e-06 0 0 270
1.40599 3.34864e-06 0 0 270
1.40599 3.45224e-06 0 0 270
1.82188 3.45224e-06 0 0 270
1.82188 3.52843e-06 0 0 270
2.29327 3.52843e-06 0 0 270
2.29327 3.57689e-06 0 0 270
2.85368 3.57689e-06 0 0 270
2.85368 3.60133e-06 0 0 270
3.57305 3.60133e-06 0 0 270
3.57305 3.60935e-06 0 0 270
4.65296 3.60935e-06 0 0 270
4.65296 3.61029e-06 0 0 270
5.98978 3.61029e-06 0 0 270
5.98978 3.61031e-06 0 0 270
8.20079 3.61031e-06 0 0 270
8.20079 3.61031e-06 0 0 270
9.53761 3.61031e-06 0 0 270
9.53761 3.61017e-06 0 0 270
10.6175 3.61017e-06 0 0 270
10.6175 3.60878e-06 0 0 270
11.3369 3.60878e-06 0 0 270
11.3369 3.6039e-06 0 0 270
11.8973 3.6039e-06 0 0 270
11.8973 3.59309e-06 0 0 270
12.3687 3.59309e-06 0 0 270
12.3687 3.57442e-06 0 0 270
12.7846 3.57442e-06 0 0 270
12.7846 3.54681e-06 0 0 270
13.1641 3.54681e-06 0 0 270
13.1641 3.51014e-06 0 0 270
13.5194 3.51014e-06 0 0 270
13.5194 3.46521e-06 0 0 270
13.8593 3.46521e-06 0 0 270
13.8593 3.41357e-06 0 0 270
14.1906 3.41357e-06 0 0 270
14.1906 3.3574e-06 0 0 270
14.5191 3.3574e-06 0 0 270
14.5191 3.269e-06 0 0 270
15.2021 3.269e-06 0 0 270
15.2021 3.12672e-06 0 0 270
16.5682 3.12672e-06 0 0 270
16.5682 3.05594e-06 0 0 270
17.9343 3.05594e-06 0 0 270
17.9343 3.04755e-06 0 0 270
19.3004 3.04755e-06 0 0 270
19.3004 3.04769e-06 0 0 270
20.6665 3.04769e-06 0 0 270
20.6665 3.04859e-06 0 0 270
22.0325 3.04859e-06 0 0 270
22.0325 3.05019e-06 0 0 270
23.3986 3.05019e-06 0 0 270
23.3986 3.05294e-06 0 0 270
24.7647 3.05294e-06 0 0 270
24.7647 3.05745e-06 0 0 270
26.1308 3.05745e-06 0 0 270
26.1308 3.06464e-06 0 0 270
27.4969 3.06464e-06 0 0 270
27.4969 3.07566e-06 0 0 270
28.863 3.07566e-06 0 0 270
28.863 3.09198e-06 0 0 270
30.2291 3.09198e-06 0 0 270
30.2291 3.1153e-06 0 0 270
31.5951 3.1153e-06 0 0 270
31.5951 3.14745e-06 0 0 270
32.9612 3.14745e-06 0 0 270
32.9612 3.19021e-06 0 0 270
34.3273 3.19021e-06 0 0 270
34.3273 3.24511e-06 0 0 270
35.6934 3.24511e-06 0 0 270
35.6934 3.31311e-06 0 0 270
37.0595 3.31311e-06 0 0 270
37.0595 3.39439e-06 0 0 270
38.4256 3.39439e-06 0 0 270
38.4256 3.48813e-06 0 0 270
39.7916 3.48813e-06 0 0 270
39.7916 3.59246e-06 0 0 270
41.1577 3.59246e-06 0 0 270
41.1577 3.70451e-06 0 0 270
42.5238 3.70451e-06 0 0 270
42.5238 3.79144e-06 0 0 270
43.2069 3.79144e-06 0 0 270
43.2069 3.85366e-06 0 0 270
43.9799 3.85366e-06 0 0 270
43.9799 3.9202e-06 0 0 270
44.773 3.9202e-06 0 0 270
44.773 3.98789e-06 0 0 270
45.6021 3.98789e-06 0 0 270
45.6021 4.05719e-06 0 0 270
46.4875 4.05719e-06 0 0 270
46.4875 4.12862e-06 0 0 270
47.4579 4.12862e-06 0 0 270
47.4579 4.20282e-06 0 0 270
48.5578 4.20282e-06 0 0 270
48.5578 4.28059e-06 0 0 270
49.8654 4.28059e-06 0 0 270
49.8654 4.36304e-06 0 0 270
51.544 4.36304e-06 0 0 270
51.544 4.45227e-06 0 0 270
54.0638 4.45227e-06 0 0 270
54.0638 4.52837e-06 0 0 270
57.183 4.52837e-06 0 0 270
57.183 4.56607e-06 0 0 270
59.3825 4.56607e-06 0 0 270
59.3825 4.58556e-06 0 0 270
63.4601 4.58556e-06 0 0 270
63.4601 4.59362e-06 0 0 270
69.5814 4.59362e-06 0 0 270
69.5814 4.59456e-06 0 0 270
77.159 4.59456e-06 0 0 270
77.159 4.59459e-06 0 0 270
162.287 4.59459e-06 0 0 270
162.287 4.59459e-06 0 0 270
162.787 4.59459e-06 0 0 270
162.787 4.59459e-06 0 0 270
163.287 4.59459e-06 0 0 270
163.287 4.59459e-06 0 0 270
163.787 4.59459e-06 0 0 270
163.787 4.59459e-06 0 0 270
164.287 4.59459e-06 0 0 270
164.287 4.59458e-06 0 0 270
164.787 4.59458e-06 0 0 270
164.787 4.59458e-06 0 0 270
165.287 4.59458e-06 0 0 270
165.287 4.59458e-06 0 0 270
165.787 4.59458e-06 0 0 270
165.787 4.59457e-06 0 0 270
166.287 4.59457e-06 0 0 270
166.287 4.59456e-06 0 0 270
166.787 4.59456e-06 0 0 270
166.787 4.59454e-06 0 0 270
167.287 4.59454e-06 0 0 270
167.287 4.59451e-06 0 0 270
167.787 4.59451e-06 0 0 270
167.787 4.59445e-06 0 0 270
168.287 4.59445e-06 0 0 270
168.287 4.59434e-06 0 0 270
168.787 4.59434e-06 0 0 270
168.787 4.59515e-06 0 0 270
169.287 4.59515e-06 0 0 270
169.287 4.59426e-06 0 0 270
169.787 4.59426e-06 0 0 270
169.787 4.59351e-06 0 0 270
170.287 4.59351e-06 0 0 270
170.287 4.59263e-06 0 0 270
170.787 4.59263e-06 0 0 270
170.787 4.59135e-06 0 0 270
171.287 4.59135e-06 0 0 270
171.287 4.58944e-06 0 0 270
171.787 4.58944e-06 0 0 270
171.787 4.58656e-06 0 0 270
172.287 4.58656e-06 0 0 270
172.287 4.5823e-06 0 0 270
172.787 4.5823e-06 0 0 270
172.787 4.57612e-06 0 0 270
173.287 4.57612e-06 0 0 270
173.287 4.56732e-06 0 0 270
173.787 4.56732e-06 0 0 270
173.787 4.55503e-06 0 0 270
174.287 4.55503e-06 0 0 270
174.287 4.53818e-06 0 0 270
174.787 4.53818e-06 0 0 270
174.787 4.51556e-06 0 0 270
175.287 4.51556e-06 0 0 270
175.287 4.48578e-06 0 0 270
175.787 4.48578e-06 0 0 270
175.787 4.44734e-06 0 0 270
176.287 4.44734e-06 0 0 270
176.287 4.39873e-06 0 0 270
176.787 4.39873e-06 0 0 270
176.787 4.3385e-06 0 0 270
177.287 4.3385e-06 0 0 270
177.287 4.26542e-06 0 0 270
177.787 4.26542e-06 0 0 270
177.787 4.17859e-06 0 0 270
178.287 4.17859e-06 0 0 270
178.287 4.07763e-06 0 0 270
178.787 4.07763e-06 0 0 270
178.787 3.96281e-06 0 0 270
179.287 3.96281e-06 0 0 270
179.287 3.83514e-06 0 0 270
179.787 3.83514e-06 0 0 270
179.787 3.69644e-06 0 0 270
180.287 3.69644e-06 0 0 270
180.287 3.54936e-06 0 0 270
180.787 3.54936e-06 0 0 270
180.787 3.3972e-06 0 0 270
181.287 3.3972e-06 0 0 270
181.287 3.2438e-06 0 0 270
181.787 3.2438e-06 0 0 270
181.787 3.09324e-06 0 0 270
182.287 3.09324e-06 0 0 270
182.287 2.94956e-06 0 0 270
182.787 2.94956e-06 0 0 270
182.787 2.81645e-06 0 0 270
183.287 2.81645e-06 0 0 270
183.287 2.69701e-06 0 0 270
183.787 2.69701e-06 0 0 270
183.787 2.59356e-06 0 0 270
184.287 2.59356e-06 0 0 270
184.287 2.50765e-06 0 0 270
184.787 2.50765e-06 0 0 270
184.787 2.44001e-06 0 0 270
185.287 2.44001e-06 0 0 270
185.287 2.39069e-06 0 0 270
185.787 2.39069e-06 0 0 270
185.787 2.35913e-06 0 0 270
186.287 2.35913e-06 0 0 270
186.287 2.34417e-06 0 0 270
186.787 2.34417e-06 0 0 270
186.787 2.34402e-06 0 0 270
187.287 2.34402e-06 0 0 270
187.287 2.35622e-06 0 0 270
187.787 2.35622e-06 0 0 270
187.787 2.37751e-06 0 0 270
188.287 2.37751e-06 0 0 270
188.287 2.40382e-06 0 0 270
188.787 2.40382e-06 0 0 270
188.787 2.43029e-06 0 0 270
189.287 2.43029e-06 0 0 270
189.287 2.45131e-06 0 0 270
189.787 2.45131e-06 0 0 270
189.787 2.46065e-06 0 0 270
190.287 2.46065e-06 0 0 270
190.287 2.45165e-06 0 0 270
190.787 2.45165e-06 0 0 270
190.787 2.41752e-06 0 0 270
191.287 2.41752e-06 0 0 270
191.287 2.35194e-06 0 0 270
191.787 2.35194e-06 0 0 270
191.787 2.24984e-06 0 0 270
192.287 2.24984e-06 0 0 270
192.287 2.10845e-06 0 0 270
192.787 2.10845e-06 0 0 270
192.787 1.92833e-06 0 0 270
193.287 1.92833e-06 0 0 270
193.287 1.71411e-06 0 0 270
193.787 1.71411e-06 0 0 270
193.787 1.47452e-06 0 0 270
194.287 1.47452e-06 0 0 270
194.287 1.22159e-06 0 0 270
194.787 1.22159e-06 0 0 270
194.787 9.69142e-07 0 0 270
195.287 9.69142e-07 0 0 270
195.287 7.30646e-07 0 0 270
195.787 7.30646e-07 0 0 270
195.787 5.17287e-07 0 0 270
196.287 5.17287e-07 0 0 270
196.287 3.36484e-07 0 0 270
196.787 3.36484e-07 0 0 270
196.787 1.91307e-07 0 0 270
197.287 1.91307e-07 0 0 270
197.287 8.07973e-08 0 0 270
197.787 8.07973e-08 0 0 270
197.787 9.71568e-10 0 0 270
198.287 9.71568e-10 0 0 270
198.287 -5.38695e-08 0 0 270
198.787 -5.38695e-08 0 0 270
198.787 -8.98867e-08 0 0 270
199.287 -8.98867e-08 0 0 270
199.287 -1.12765e-07 0 0 270
199.787 -1.12765e-07 0 0 270
199.787 -1.27187e-07 0 0 270
200.287 -1.27187e-07 0 0 270
200.287 -1.36669e-07 0 0 270
200.787 -1.36669e-07 0 0 270
200.787 -1.43665e-07 0 0 270
201.287 -1.43665e-07 0 0 270
201.287 -1.4978e-07 0 0 270
201.787 -1.4978e-07 0 0 270
201.787 -1.56015e-07 0 0 270
202.287 -1.56015e-07 0 0 270
202.287 -1.62977e-07 0 0 270
202.787 -1.62977e-07 0 0 270
202.787 -1.71025e-07 0 0 270
203.287 -1.71025e-07 0 0 270
203.287 -1.80364e-07 0 0 270
203.787 -1.80364e-07 0 0 270
203.787 -1.91096e-07 0 0 270
204.287 -1.91096e-07 0 0 270
204.287 -2.03237e-07 0 0 270
204.787 -2.03237e-07 0 0 270
204.787 -2.16728e-07 0 0 270
205.287 -2.16728e-07 0 0 270
205.287 -2.31429e-07 0 0 270
205.787 -2.31429e-07 0 0 270
205.787 -2.47121e-07 0 0 270
206.287 -2.47121e-07 0 0 270
206.287 -2.63508e-07 0 0 270
206.787 -2.63508e-07 0 0 270
206.787 -2.8022e-07 0 0 270
207.287 -2.8022e-07 0 0 270
207.287 -2.96828e-07 0 0 270
207.787 -2.96828e-07 0 0 270
207.787 -3.12858e-07 0 0 270
208.287 -3.12858e-07 0 0 270
208.287 -3.27821e-07 0 0 270
208.787 -3.27821e-07 0 0 270
208.787 -3.41231e-07 0 0 270
209.287 -3.41231e-07 0 0 270
209.287 -3.52637e-07 0 0 270
209.787 -3.52637e-07 0 0 270
209.787 -3.61653e-07 0 0 270
210.287 -3.61653e-07 0 0 270
210.287 -3.67976e-07 0 0 270
210.787 -3.67976e-07 0 0 270
210.787 -3.71411e-07 0 0 270
211.287 -3.71411e-07 0 0 270
211.287 -3.71882e-07 0 0 270
211.787 -3.71882e-07 0 0 270
211.787 -3.69434e-07 0 0 270
212.287 -3.69434e-07 0 0 270
212.287 -3.64232e-07 0 0 270
212.787 -3.64232e-07 0 0 270
212.787 -3.56547e-07 0 0 270
213.287 -3.56547e-07 0 0 270
213.287 -3.46738e-07 0 0 270
213.787 -3.46738e-07 0 0 270
213.787 -3.35226e-07 0 0 270
214.287 -3.35226e-07 0 0 270
214.287 -3.22469e-07 0 0 270
214.787 -3.22469e-07 0 0 270
214.787 -3.08926e-07 0 0 270
215.287 -3.08926e-07 0 0 270
215.287 -2.95029e-07 0 0 270
215.787 -2.95029e-07 0 0 270
215.787 -2.81136e-07 0 0 270
216.287 -2.81136e-07 0 0 270
216.287 -2.67475e-07 0 0 270
216.787 -2.67475e-07 0 0 270
216.787 -2.54059e-07 0 0 270
217.287 -2.54059e-07 0 0 270
217.287 -2.40537e-07 0 0 270
217.787 -2.40537e-07 0 0 270
217.787 -2.25976e-07 0 0 270
218.287 -2.25976e-07 0 0 270
218.287 -2.08545e-07 0 0 270
218.787 -2.08545e-07 0 0 270
218.787 -1.85105e-07 0 0 270
219.287 -1.85105e-07 0 0 270
219.287 -1.50792e-07 0 0 270
219.787 -1.50792e-07 0 0 270
219.787 -9.87049e-08 0 0 270
220.287 -9.87049e-08 0 0 270
220.287 -1.9919e-08 0 0 270
220.787 -1.9919e-08 0 0 270
220.787 9.59447e-08 0 0 270
221.287 9.59447e-08 0 0 270
221.287 2.59435e-07 0 0 270
221.787 2.59435e-07 0 0 270
221.787 4.79294e-07 0 0 270
222.287 4.79294e-07 0 0 270
222.287 7.60077e-07 0 0 270
222.787 7.60077e-07 0 0 270
222.787 1.09998e-06 0 0 270
223.287 1.09998e-06 0 0 270
223.287 1.48954e-06 0 0 270
223.787 1.48954e-06 0 0 270
223.787 1.91194e-06 0 0 270
224.287 1.91194e-06 0 0 270
224.287 2.34495e-06 0 0 270
224.787 2.34495e-06 0 0 270
224.787 2.76449e-06 0 0 270
225.287 2.76449e-06 0 0 270
225.287 3.14867e-06 0 0 270
225.787 3.14867e-06 0 0 270
225.787 3.48145e-06 0 0 270
226.287 3.48145e-06 0 0 270
226.287 3.75492e-06 0 0 270
226.787 3.75492e-06 0 0 270
226.787 3.96965e-06 0 0 270
227.287 3.96965e-06 0 0 270
227.287 4.13334e-06 0 0 270
227.787 4.13334e-06 0 0 270
227.787 4.25825e-06 0 0 270
228.287 4.25825e-06 0 0 270
228.287 4.35836e-06 0 0 270
228.787 4.35836e-06 0 0 270
228.787 4.44691e-06 0 0 270
229.287 4.44691e-06 0 0 270
229.287 4.53482e-06 0 0 270
229.787 4.53482e-06 0 0 270
229.787 4.62991e-06 0 0 270
230.287 4.62991e-06 0 0 270
230.287 4.73693e-06 0 0 270
230.787 4.73693e-06 0 0 270
230.787 4.85781e-06 0 0 270
231.287 4.85781e-06 0 0 270
231.287 4.99217e-06 0 0 270
231.787 4.99217e-06 0 0 270
231.787 5.13766e-06 0 0 270
232.287 5.13766e-06 0 0 270
232.287 5.29044e-06 0 0 270
232.787 5.29044e-06 0 0 270
232.787 5.44553e-06 0 0 270
233.287 5.44553e-06 0 0 270
233.287 5.59744e-06 0 0 270
233.787 5.59744e-06 0 0 270
233.787 5.7407e-06 0 0 270
234.287 5.7407e-06 0 0 270
234.287 5.87056e-06 0 0 270
234.787 5.87056e-06 0 0 270
234.787 5.9835e-06 0 0 270
235.287 5.9835e-06 0 0 270
235.287 6.07759e-06 0 0 270
235.787 6.07759e-06 0 0 270
235.787 6.15258e-06 0 0 270
236.287 6.15258e-06 0 0 270
236.287 6.20965e-06 0 0 270
236.787 6.20965e-06 0 0 270
236.787 6.25109e-06 0 0 270
237.287 6.25109e-06 0 0 270
237.287 6.27977e-06 0 0 270
237.787 6.27977e-06 0 0 270
237.787 6.29865e-06 0 0 270
238.287 6.29865e-06 0 0 270
238.287 6.31049e-06 0 0 270
238.787 6.31049e-06 0 0 270
238.787 6.31754e-06 0 0 270
239.287 6.31754e-06 0 0 270
239.287 6.32152e-06 0 0 270
239.787 6.32152e-06 0 0 270
239.787 6.32366e-06 0 0 270
240.287 6.32366e-06 0 0 270
240.287 6.3257e-06 0 0 270
240.787 6.3257e-06 0 0 270
240.787 6.3257e-06 0 0 270
241.287 6.3257e-06 0 0 270
241.287 6.3257e-06 0 0 270
241.787 6.3257e-06 0 0 270
241.787 6.3257e-06 0 0 270
242.287 6.3257e-06 0 0 270
242.287 6.3257e-06 0 0 270
242.787 6.3257e-06 0 0 270
242.787 6.3257e-06 0 0 270
243.287 6.3257e-06 0 0 270
243.287 6.3257e-06 0 0 270
243.787 6.3257e-06 0 0 270
243.787 6.3257e-06 0 0 270
244.287 6.3257e-06 0 0 270
244.287 6.3257e-06 0 0 270
244.787 6.3257e-06 0 0 270
244.787 6.3257e-06 0 0 270
245.287 6.3257e-06 0 0 270
245.287 6.3257e-06 0 0 270
245.787 6.3257e-06 0 0 270
245.787 6.3257e-06 0 0 270
246.287 6.3257e-06 0 0 270
246.287 6.3257e-06 0 0 270
246.787 6.3257e-06 0 0 270
246.787 6.3257e-06 0 0 270
247.287 6.3257e-06 0 0 270
247.287 6.3257e-06 0 0 270
247.787 6.3257e-06 0 0 270
247.787 6.3257e-06 0 0 270
248.287 6.3257e-06 0 0 270
248.287 6.3257e-06 0 0 270
248.787 6.3257e-06 0 0 270
248.787 6.3257e-06 0 0 270
249.287 6.3257e-06 0 0 270
249.287 6.3257e-06 0 0 270
249.787 6.3257e-06 0 0 270
249.787 6.3257e-06 0 0 270
250.287 6.3257e-06 0 0 270
250.287 6.3257e-06 0 0 270
250.787 6.3257e-06 0 0 270
250.787 6.3257e-06 0 0 270
251.287 6.3257e-06 0 0 270
251.287 6.3257e-06 0 0 270
251.787 6.3257e-06 0 0 270
251.787 6.3257e-06 0 0 270
252.287 6.3257e-06 0 0 270
252.287 6.3257e-06 0 0 270
252.787 6.3257e-06 0 0 270
252.787 6.3257e-06 0 0 270
253.287 6.3257e-06 0 0 270
253.287 6.3257e-06 0 0 270
253.787 6.3257e-06 0 0 270
253.787 6.3257e-06 0 0 270
254.287 6.3257e-06 0 0 270
254.287 6.3257e-06 0 0 270
254.787 6.3257e-06 0 0 270
254.787 6.3257e-06 0 0 270
255.287 6.3257e-06 0 0 270
255.287 6.3257e-06 0 0 270
255.787 6.3257e-06 0 0 270
255.787 6.3257e-06 0 0 270
256.287 6.3257e-06 0 0 270
256.287 6.3257e-06 0 0 270
256.787 6.3257e-06 0 0 270
256.787 6.3257e-06 0 0 270
257.287 6.3257e-06 0 0 270
257.287 6.3257e-06 0 0 270
257.787 6.3257e-06 0 0 270
257.787 6.3257e-06 0 0 270
258.287 6.3257e-06 0 0 270
258.287 6.3257e-06 0 0 270
258.787 6.3257e-06 0 0 270
258.787 6.3257e-06 0 0 270
259.287 6.3257e-06 0 0 270
259.287 6.3257e-06 0 0 270
259.787 6.3257e-06 0 0 270
259.787 6.3257e-06 0 0 270
260.287 6.3257e-06 0 0 270
260.287 6.3257e-06 0 0 270
260.787 6.3257e-06 0 0 270
260.787 6.3257e-06 0 0 270
261.287 6.3257e-06 0 0 270
261.287 6.3257e-06 0 0 270
261.787 6.3257e-06 0 0 270
261.787 6.3257e-06 0 0 270
262.287 6.3257e-06 0 0 270
262.287 6.3257e-06 0 0 270
262.787 6.3257e-06 0 0 270
262.787 6.3257e-06 0 0 270
263.287 6.3257e-06 0 0 270
263.287 6.3257e-06 0 0 270
263.787 6.3257e-06 0 0 270
263.787 6.3257e-06 0 0 270
264.287 6.3257e-06 0 0 270
264.287 6.3257e-06 0 0 270
264.787 6.3257e-06 0 0 270
264.787 6.3257e-06 0 0 270
265.287 6.3257e-06 0 0 270
265.287 6.3257e-06 0 0 270
265.787 6.3257e-06 0 0 270
265.787 6.3257e-06 0 0 270
266.287 6.3257e-06 0 0 270
266.287 6.3257e-06 0 0 270
266.787 6.3257e-06 0 0 270
266.787 6.3257e-06 0 0 270
267.287 6.3257e-06 0 0 270
267.287 6.3257e-06 0 0 270
267.787 6.3257e-06 0 0 270
267.787 6.3257e-06 0 0 270
268.287 6.3257e-06 0 0 270
268.287 6.3257e-06 0 0 270
268.787 6.3257e-06 0 0 270
268.787 6.3257e-06 0 0 270
269.287 6.3257e-06 0 0 270
269.287 6.3257e-06 0 0 270
269.787 6.3257e-06 0 0 270
269.787 6.3257e-06 0 0 270
270.287 6.3257e-06 0 0 270
270.287 6.3257e-06 0 0 270
270.787 6.3257e-06 0 0 270
270.787 6.3257e-06 0 0 270
271.287 6.3257e-06 0 0 270
271.287 6.3257e-06 0 0 270
271.787 6.3257e-06 0 0 270
271.787 6.3257e-06 0 0 270
272.287 6.3257e-06 0 0 270
272.287 6.3257e-06 0 0 270
272.787 6.3257e-06 0 0 270
272.787 6.3257e-06 0 0 270
273.287 6.3257e-06 0 0 270
273.287 6.3257e-06 0 0 270
273.787 6.3257e-06 0 0 270
273.787 6.3257e-06 0 0 270
274.287 6.3257e-06 0 0 270
274.287 6.3257e-06 0 0 270
274.787 6.3257e-06 0 0 270
274.787 6.3257e-06 0 0 270
275.287 6.3257e-06 0 0 270
275.287 6.3257e-06 0 0 270
275.787 6.3257e-06 0 0 270
275.787 6.3257e-06 0 0 270
276.287 6.3257e-06 0 0 270
276.287 6.3257e-06 0 0 270
276.787 6.3257e-06 0 0 270
276.787 6.3257e-06 0 0 270
277.287 6.3257e-06 0 0 270
277.287 6.3257e-06 0 0 270
277.787 6.3257e-06 0 0 270
277.787 6.3257e-06 0 0 270
278.287 6.3257e-06 0 0 270
278.287 6.3257e-06 0 0 270
278.787 6.3257e-06 0 0 270
278.787 6.3257e-06 0 0 270
279.287 6.3257e-06 0 0 270
279.287 6.3257e-06 0 0 270
279.787 6.3257e-06 0 0 270
279.787 6.3257e-06 0 0 270
280.287 6.3257e-06 0 0 270
280.287 6.3257e-06 0 0 270
280.787 6.3257e-06 0 0 270
280.787 6.3257e-06 0 0 270
281.287 6.3257e-06 0 0 270
281.287 6.3257e-06 0 0 270
281.787 6.3257e-06 0 0 270
281.787 6.3257e-06 0 0 270
282.287 6.3257e-06 0 0 270
282.287 6.3257e-06 0 0 270
282.787 6.3257e-06 0 0 270
282.787 6.3257e-06 0 0 270
283.287 6.3257e-06 0 0 270
283.287 6.3257e-06 0 0 270
283.787 6.3257e-06 0 0 270
283.787 6.3257e-06 0 0 270
284.287 6.3257e-06 0 0 270
284.287 6.3257e-06 0 0 270
284.787 6.3257e-06 0 0 270
284.787 6.3257e-06 0 0 270
285.287 6.3257e-06 0 0 270
285.287 6.3257e-06 0 0 270
285.787 6.3257e-06 0 0 270
285.787 6.3257e-06 0 0 270
286.287 6.3257e-06 0 0 270
286.287 6.3257e-06 0 0 270
286.787 6.3257e-06 0 0 270
286.787 6.3257e-06 0 0 270
287.287 6.3257e-06 0 0 270
287.287 6.3257e-06 0 0 270
287.787 6.3257e-06 0 0 270
287.787 6.3257e-06 0 0 270
288.287 6.3257e-06 0 0 270
288.287 6.3257e-06 0 0 270
288.787 6.3257e-06 0 0 270
288.787 6.3257e-06 0 0 270
289.287 6.3257e-06 0 0 270
289.287 6.3257e-06 0 0 270
289.787 6.3257e-06 0 0 270
289.787 6.3257e-06 0 0 270
290.287 6.3257e-06 0 0 270
290.287 6.3257e-06 0 0 270
290.787 6.3257e-06 0 0 270
290.787 6.3257e-06 0 0 270
291.287 6.3257e-06 0 0 270
291.287 6.3257e-06 0 0 270
291.787 6.3257e-06 0 0 270
291.787 6.3257e-06 0 0 270
292.287 6.3257e-06 0 0 270
292.287 6.3257e-06 0 0 270
292.787 6.3257e-06 0 0 270
292.787 6.3257e-06 0 0 270
293.287 6.3257e-06 0 0 270
293.287 6.3257e-06 0 0 270
293.787 6.3257e-06 0 0 270
293.787 6.3257e-06 0 0 270
294.287 6.3257e-06 0 0 270
294.287 6.3257e-06 0 0 270
294.787 6.3257e-06 0 0 270
294.787 6.3257e-06 0 0 270
295.287 6.3257e-06 0 0 270
295.287 6.3257e-06 0 0 270
295.787 6.3257e-06 0 0 270
295.787 6.3257e-06 0 0 270
296.287 6.3257e-06 0 0 270
296.287 6.3257e-06 0 0 270
296.787 6.3257e-06 0 0 270
296.787 6.3257e-06 0 0 270
297.287 6.3257e-06 0 0 270
297.287 6.3257e-06 0 0 270
297.787 6.3257e-06 0 0 270
297.787 6.3257e-06 0 0 270
298.287 6.3257e-06 0 0 270
298.287 6.3257e-06 0 0 270
298.787 6.3257e-06 0 0 270
298.787 6.3257e-06 0 0 270
299.287 6.3257e-06 0 0 270
299.287 6.3257e-06 0 0 270
299.787 6.3257e-06 0 0 270
299.787 6.3257e-06 0 0 270
300.287 6.3257e-06 0 0 270
300.287 6.3257e-06 0 0 270
300.787 6.3257e-06 0 0 270
300.787 6.3257e-06 0 0 270
301.287 6.3257e-06 0 0 270
301.287 6.3257e-06 0 0 270
301.787 6.3257e-06 0 0 270
301.787 6.3257e-06 0 0 270
302.287 6.3257e-06 0 0 270
302.287 6.3257e-06 0 0 270
302.787 6.3257e-06 0 0 270
302.787 6.3257e-06 0 0 270
303.287 6.3257e-06 0 0 270
303.287 6.3257e-06 0 0 270
303.787 6.3257e-06 0 0 270
303.787 6.3257e-06 0 0 270
304.287 6.3257e-06 0 0 270
304.287 6.3257e-06 0 0 270
304.787 6.3257e-06 0 0 270
304.787 6.3257e-06 0 0 270
305.287 6.3257e-06 0 0 270
305.287 6.3257e-06 0 0 270
305.787 6.3257e-06 0 0 270
305.787 6.3257e-06 0 0 270
306.287 6.3257e-06 0 0 270
306.287 6.3257e-06 0 0 270
306.787 6.3257e-06 0 0 270
306.787 6.3257e-06 0 0 270
307.287 6.3257e-06 0 0 270
307.287 6.3257e-06 0 0 270
307.787 6.3257e-06 0 0 270
307.787 6.3257e-06 0 0 270
308.287 6.3257e-06 0 0 270
308.287 6.3257e-06 0 0 270
308.787 6.3257e-06 0 0 270
308.787 6.3257e-06 0 0 270
309.287 6.3257e-06 0 0 270
309.287 6.3257e-06 0 0 270
309.787 6.3257e-06 0 0 270
309.787 6.3257e-06 0 0 270
310.287 6.3257e-06 0 0 270
310.287 6.3257e-06 0 0 270
310.787 6.3257e-06 0 0 270
310.787 6.3257e-06 0 0 270
311.287 6.3257e-06 0 0 270
311.287 6.3257e-06 0 0 270
311.787 6.3257e-06 0 0 270
311.787 6.3257e-06 0 0 270
312.287 6.3257e-06 0 0 270
312.287 6.3257e-06 0 0 270
312.787 6.3257e-06 0 0 270
312.787 6.3257e-06 0 0 270
313.287 6.3257e-06 0 0 270
313.287 6.3257e-06 0 0 270
313.787 6.3257e-06 0 0 270
313.787 6.3257e-06 0 0 270
314.287 6.3257e-06 0 0 270
314.287 6.3257e-06 0 0 270
314.787 6.3257e-06 0 0 270
314.787 6.3257e-06 0 0 270
315.287 6.3257e-06 0 0 270
315.287 6.3257e-06 0 0 270
315.787 6.3257e-06 0 0 270
315.787 6.3257e-06 0 0 270
316.287 6.3257e-06 0 0 270
316.287 6.3257e-06 0 0 270
316.787 6.3257e-06 0 0 270
316.787 6.3257e-06 0 0 270
317.287 6.3257e-06 0 0 270
317.287 6.3257e-06 0 0 270
317.787 6.3257e-06 0 0 270
317.787 6.3257e-06 0 0 270
318.287 6.3257e-06 0 0 270
318.287 6.3257e-06 0 0 270
318.787 6.3257e-06 0 0 270
318.787 6.3257e-06 0 0 270
319.287 6.3257e-06 0 0 270
319.287 6.3257e-06 0 0 270
319.787 6.3257e-06 0 0 270
319.787 6.3257e-06 0 0 270
320.287 6.3257e-06 0 0 270
320.287 6.3257e-06 0 0 270
320.787 6.3257e-06 0 0 270
320.787 6.3257e-06 0 0 270
321.287 6.3257e-06 0 0 270
321.287 6.3257e-06 0 0 270
321.787 6.3257e-06 0 0 270
321.787 6.3257e-06 0 0 270
322.287 6.3257e-06 0 0 270
322.287 6.3257e-06 0 0 270
322.787 6.3257e-06 0 0 270
322.787 6.3257e-06 0 0 270
323.287 6.3257e-06 0 0 270
323.287 6.3257e-06 0 0 270
323.787 6.3257e-06 0 0 270
323.787 6.3257e-06 0 0 270
324.287 6.3257e-06 0 0 270
324.287 6.3257e-06 0 0 270
324.787 6.3257e-06 0 0 270
324.787 6.3257e-06 0 0 270
325.287 6.3257e-06 0 0 270
325.287 6.3257e-06 0 0 270
325.787 6.3257e-06 0 0 270
325.787 6.3257e-06 0 0 270
326.287 6.3257e-06 0 0 270
326.287 6.3257e-06 0 0 270
326.787 6.3257e-06 0 0 270
326.787 6.3257e-06 0 0 270
327.287 6.3257e-06 0 0 270
327.287 6.3257e-06 0 0 270
327.787 6.3257e-06 0 0 270
327.787 6.3257e-06 0 0 270
328.287 6.3257e-06 0 0 270
328.287 6.3257e-06 0 0 270
328.787 6.3257e-06 0 0 270
328.787 6.3257e-06 0 0 270
329.287 6.3257e-06 0 0 270
329.287 6.3257e-06 0 0 270
329.787 6.3257e-06 0 0 270
329.787 6.3257e-06 0 0 270
330.287 6.3257e-06 0 0 270
330.287 6.3257e-06 0 0 270
330.787 6.3257e-06 0 0 270
330.787 6.3257e-06 0 0 270
331.287 6.3257e-06 0 0 270
331.287 6.3257e-06 0 0 270
331.787 6.3257e-06 0 0 270
331.787 6.3257e-06 0 0 270
332.287 6.3257e-06 0 0 270
332.287 6.3257e-06 0 0 270
332.787 6.3257e-06 0 0 270
332.787 6.3257e-06 0 0 270
333.287 6.3257e-06 0 0 270
333.287 6.3257e-06 0 0 270
333.787 6.3257e-06 0 0 270
333.787 6.3257e-06 0 0 270
334.287 6.3257e-06 0 0 270
334.287 6.3257e-06 0 0 270
334.787 6.3257e-06 0 0 270
334.787 6.3257e-06 0 0 270
335.287 6.3257e-06 0 0 270
335.287 6.3257e-06 0 0 270
335.787 6.3257e-06 0 0 270
335.787 6.3257e-06 0 0 270
336.287 6.3257e-06 0 0 270
336.287 6.3257e-06 0 0 270
336.787 6.3257e-06 0 0 270
336.787 6.3257e-06 0 0 270
337.287 6.3257e-06 0 0 270
337.287 6.3257e-06 0 0 270
337.787 6.3257e-06 0 0 270
337.787 6.3257e-06 0 0 270
338.287 6.3257e-06 0 0 270
338.287 6.3257e-06 0 0 270
338.787 6.3257e-06 0 0 270
338.787 6.3257e-06 0 0 270
339.287 6.3257e-06 0 0 270
339.287 6.3257e-06 0 0 270
339.787 6.3257e-06 0 0 270
339.787 6.3257e-06 0 0 270
340.287 6.3257e-06 0 0 270
340.287 6.3257e-06 0 0 270
340.787 6.3257e-06 0 0 270
340.787 6.3257e-06 0 0 270
341.287 6.3257e-06 0 0 270
341.287 6.3257e-06 0 0 270
341.787 6.3257e-06 0 0 270
341.787 6.3257e-06 0 0 270
342.287 6.3257e-06 0 0 270
342.287 6.3257e-06 0 0 270
342.787 6.3257e-06 0 0 270
342.787 6.3257e-06 0 0 270
343.287 6.3257e-06 0 0 270
343.287 6.3257e-06 0 0 270
343.787 6.3257e-06 0 0 270
343.787 6.3257e-06 0 0 270
344.287 6.3257e-06 0 0 270
344.287 6.3257e-06 0 0 270
344.787 6.3257e-06 0 0 270
344.787 6.3257e-06 0 0 270
345.287 6.3257e-06 0 0 270
345.287 6.3257e-06 0 0 270
345.787 6.3257e-06 0 0 270
345.787 6.3257e-06 0 0 270
346.287 6.3257e-06 0 0 270
346.287 6.3257e-06 0 0 270
346.787 6.3257e-06 0 0 270
346.787 6.3257e-06 0 0 270
347.287 6.3257e-06 0 0 270
347.287 6.3257e-06 0 0 270
347.787 6.3257e-06 0 0 270
347.787 6.3257e-06 0 0 270
348.287 6.3257e-06 0 0 270
348.287 6.3257e-06 0 0 270
348.787 6.3257e-06 0 0 270
348.787 6.3257e-06 0 0 270
349.287 6.3257e-06 0 0 270
349.287 6.3257e-06 0 0 270
349.787 6.3257e-06 0 0 270
349.787 6.3257e-06 0 0 270
350.287 6.3257e-06 0 0 270
350.287 6.3257e-06 0 0 270
350.787 6.3257e-06 0 0 270
350.787 6.3257e-06 0 0 270
351.287 6.3257e-06 0 0 270
351.287 6.3257e-06 0 0 270
351.787 6.3257e-06 0 0 270
351.787 6.3257e-06 0 0 270
352.287 6.3257e-06 0 0 270
352.287 6.3257e-06 0 0 270
352.787 6.3257e-06 0 0 270
352.787 6.3257e-06 0 0 270
353.287 6.3257e-06 0 0 270
353.287 6.3257e-06 0 0 270
353.787 6.3257e-06 0 0 270
353.787 6.3257e-06 0 0 270
354.287 6.3257e-06 0 0 270
354.287 6.3257e-06 0 0 270
354.787 6.3257e-06 0 0 270
354.787 6.3257e-06 0 0 270
355.287 6.3257e-06 0 0 270
355.287 6.3257e-06 0 0 270
355.787 6.3257e-06 0 0 270
355.787 6.3257e-06 0 0 270
356.287 6.3257e-06 0 0 270
356.287 6.3257e-06 0 0 270
356.787 6.3257e-06 0 0 270
356.787 6.3257e-06 0 0 270
357.287 6.3257e-06 0 0 270
357.287 6.3257e-06 0 0 270
357.787 6.3257e-06 0 0 270
357.787 6.3257e-06 0 0 270
358.287 6.3257e-06 0 0 270
358.287 6.3257e-06 0 0 270
358.787 6.3257e-06 0 0 270
358.787 6.3257e-06 0 0 270
359.287 6.3257e-06 0 0 270
359.287 6.3257e-06 0 0 270
359.787 6.3257e-06 0 0 270
359.787 6.3257e-06 0 0 270
360.287 6.3257e-06 0 0 270
360.287 6.3257e-06 0 0 270
360.787 6.3257e-06 0 0 270
360.787 6.3257e-06 0 0 270
361.287 6.3257e-06 0 0 270
361.287 6.3257e-06 0 0 270
361.787 6.3257e-06 0 0 270
361.787 6.3257e-06 0 0 270
362.287 6.3257e-06 0 0 270
362.287 6.3257e-06 0 0 270
362.787 6.3257e-06 0 0 270
362.787 6.3257e-06 0 0 270
363.287 6.3257e-06 0 0 270
363.287 6.3257e-06 0 0 270
363.787 6.3257e-06 0 0 270
363.787 6.3257e-06 0 0 270
364.287 6.3257e-06 0 0 270
364.287 6.3257e-06 0 0 270
364.787 6.3257e-06 0 0 270
364.787 6.3257e-06 0 0 270
365.287 6.3257e-06 0 0 270
365.287 6.3257e-06 0 0 270
365.787 6.3257e-06 0 0 270
365.787 6.3257e-06 0 0 270
366.287 6.3257e-06 0 0 270
366.287 6.3257e-06 0 0 270
366.787 6.3257e-06 0 0 270
366.787 6.3257e-06 0 0 270
367.287 6.3257e-06 0 0 270
367.287 6.3257e-06 0 0 270
367.787 6.3257e-06 0 0 270
367.787 6.3257e-06 0 0 270
368.287 6.3257e-06 0 0 270
368.287 6.3257e-06 0 0 270
368.787 6.3257e-06 0 0 270
368.787 6.3257e-06 0 0 270
369.287 6.3257e-06 0 0 270
369.287 6.3257e-06 0 0 270
369.787 6.3257e-06 0 0 270
369.787 6.3257e-06 0 0 270
370.287 6.3257e-06 0 0 270
370.287 6.3257e-06 0 0 270
370.787 6.3257e-06 0 0 270
370.787 6.3257e-06 0 0 270
371.287 6.3257e-06 0 0 270
371.287 6.3257e-06 0 0 270
371.787 6.3257e-06 0 0 270
371.787 6.3257e-06 0 0 270
372.287 6.3257e-06 0 0 270
372.287 6.3257e-06 0 0 270
372.787 6.3257e-06 0 0 270
372.787 6.3257e-06 0 0 270
373.287 6.3257e-06 0 0 270
373.287 6.3257e-06 0 0 270
373.787 6.3257e-06 0 0 270
373.787 6.3257e-06 0 0 270
374.287 6.3257e-06 0 0 270
374.287 6.3257e-06 0 0 270
374.787 6.3257e-06 0 0 270
374.787 6.3257e-06 0 0 270
375.287 6.3257e-06 0 0 270
375.287 6.3257e-06 0 0 270
375.787 6.3257e-06 0 0 270
375.787 6.3257e-06 0 0 270
376.287 6.3257e-06 0 0 270
376.287 6.3257e-06 0 0 270
376.787 6.3257e-06 0 0 270
376.787 6.3257e-06 0 0 270
377.287 6.3257e-06 0 0 270
377.287 6.3257e-06 0 0 270
377.787 6.3257e-06 0 0 270
377.787 6.3257e-06 0 0 270
378.287 6.3257e-06 0 0 270
378.287 6.3257e-06 0 0 270
378.787 6.3257e-06 0 0 270
378.787 6.3257e-06 0 0 270
379.287 6.3257e-06 0 0 270
379.287 6.3257e-06 0 0 270
379.787 6.3257e-06 0 0 270
379.787 6.3257e-06 0 0 270
380.287 6.3257e-06 0 0 270
380.287 6.3257e-06 0 0 270
380.787 6.3257e-06 0 0 270
380.787 6.3257e-06 0 0 270
381.287 6.3257e-06 0 0 270
381.287 6.3257e-06 0 0 270
381.787 6.3257e-06 0 0 270
381.787 6.3257e-06 0 0 270
382.287 6.3257e-06 0 0 270
382.287 6.3257e-06 0 0 270
382.787 6.3257e-06 0 0 270
382.787 6.3257e-06 0 0 270
383.287 6.3257e-06 0 0 270
383.287 6.3257e-06 0 0 270
383.787 6.3257e-06 0 0 270
383.787 6.3257e-06 0 0 270
384.287 6.3257e-06 0 0 270
384.287 6.3257e-06 0 0 270
384.787 6.3257e-06 0 0 270
384.787 6.3257e-06 0 0 270
385.287 6.3257e-06 0 0 270
385.287 6.3257e-06 0 0 270
385.787 6.3257e-06 0 0 270
385.787 6.3257e-06 0 0 270
386.287 6.3257e-06 0 0 270
386.287 6.3257e-06 0 0 270
386.787 6.3257e-06 0 0 270
386.787 6.3257e-06 0 0 270
387.287 6.3257e-06 0 0 270
387.287 6.3257e-06 0 0 270
387.787 6.3257e-06 0 0 270
387.787 6.3257e-06 0 0 270
388.287 6.3257e-06 0 0 270
388.287 6.3257e-06 0 0 270
388.787 6.3257e-06 0 0 270
388.787 6.3257e-06 0 0 270
389.287 6.3257e-06 0 0 270
389.287 6.3257e-06 0 0 270
389.787 6.3257e-06 0 0 270
389.787 6.3257e-06 0 0 270
390.287 6.3257e-06 0 0 270
390.287 6.3257e-06 0 0 270
390.787 6.3257e-06 0 0 270
390.787 6.3257e-06 0 0 270
391.287 6.3257e-06 0 0 270
391.287 6.3257e-06 0 0 270
391.787 6.3257e-06 0 0 270
391.787 6.3257e-06 0 0 270
392.287 6.3257e-06 0 0 270
392.287 6.3257e-06 0 0 270
392.787 6.3257e-06 0 0 270
392.787 6.3257e-06 0 0 270
393.287 6.3257e-06 0 0 270
393.287 6.3257e-06 0 0 270
393.787 6.3257e-06 0 0 270
393.787 6.3257e-06 0 0 270
394.287 6.3257e-06 0 0 270
394.287 6.3257e-06 0 0 270
394.787 6.3257e-06 0 0 270
394.787 6.3257e-06 0 0 270
395.287 6.3257e-06 0 0 270
395.287 6.3257e-06 0 0 270
395.787 6.3257e-06 0 0 270
395.787 6.3257e-06 0 0 270
396.287 6.3257e-06 0 0 270
396.287 6.3257e-06 0 0 270
396.787 6.3257e-06 0 0 270
396.787 6.3257e-06 0 0 270
397.287 6.3257e-06 0 0 270
397.287 6.3257e-06 0 0 270
397.787 6.3257e-06 0 0 270
397.787 6.3257e-06 0 0 270
398.287 6.3257e-06 0 0 270
398.287 6.3257e-06 0 0 270
398.787 6.3257e-06 0 0 270
398.787 6.3257e-06 0 0 270
399.287 6.3257e-06 0 0 270
399.287 6.3257e-06 0 0 270
399.787 6.3257e-06 0 0 270
399.787 6.3257e-06 0 0 270
400.287 6.3257e-06 0 0 270
400.287 6.3257e-06 0 0 270
400.787 6.3257e-06 0 0 270
400.787 6.3257e-06 0 0 270
401.287 6.3257e-06 0 0 270
401.287 6.3257e-06 0 0 270
401.787 6.3257e-06 0 0 270
401.787 6.3257e-06 0 0 270
402.287 6.3257e-06 0 0 270
402.287 6.3257e-06 0 0 270
402.787 6.3257e-06 0 0 270
402.787 6.3257e-06 0 0 270
403.287 6.3257e-06 0 0 270
403.287 6.3257e-06 0 0 270
403.787 6.3257e-06 0 0 270
403.787 6.3257e-06 0 0 270
404.287 6.3257e-06 0 0 270
404.287 6.3257e-06 0 0 270
404.787 6.3257e-06 0 0 270
404.787 6.3257e-06 0 0 270
405.287 6.3257e-06 0 0 270
405.287 6.3257e-06 0 0 270
405.787 6.3257e-06 0 0 270
405.787 6.3257e-06 0 0 270
406.287 6.3257e-06 0 0 270
406.287 6.3257e-06 0 0 270
406.787 6.3257e-06 0 0 270
406.787 6.3257e-06 0 0 270
407.287 6.3257e-06 0 0 270
407.287 6.3257e-06 0 0 270
407.787 6.3257e-06 0 0 270
407.787 6.3257e-06 0 0 270
408.287 6.3257e-06 0 0 270
408.287 6.3257e-06 0 0 270
408.787 6.3257e-06 0 0 270
408.787 6.3257e-06 0 0 270
409.287 6.3257e-06 0 0 270
409.287 6.3257e-06 0 0 270
409.787 6.3257e-06 0 0 270
409.787 6.3257e-06 0 0 270
410.287 6.3257e-06 0 0 270
410.287 6.3257e-06 0 0 270
410.787 6.3257e-06 0 0 270
410.787 6.3257e-06 0 0 270
411.287 6.3257e-06 0 0 270
411.287 6.3257e-06 0 0 270
411.787 6.3257e-06 0 0 270
411.787 6.3257e-06 0 0 270
412.287 6.3257e-06 0 0 270
412.287 6.3257e-06 0 0 270
422.287 6.3257e-06 0 0 270
