# z rho mu P theta
-16.3183 2.07e-06 0 0 270
-6.31829 2.07e-06 0 0 270
-6.31829 2.07001e-06 0 0 270
-4.98147 2.07001e-06 0 0 270
-4.98147 2.07038e-06 0 0 270
-3.90156 2.07038e-06 0 0 270
-3.90156 2.07419e-06 0 0 270
-3.18219 2.07419e-06 0 0 270
-3.18219 2.08752e-06 0 0 270
-2.62178 2.08752e-06 0 0 270
-2.62178 2.11705e-06 0 0 270
-2.15038 2.11705e-06 0 0 270
-2.15038 2.16809e-06 0 0 270
-1.7345 2.16809e-06 0 0 270
-1.7345 2.24354e-06 0 0 270
-1.35502 2.24354e-06 0 0 270
-1.35502 2.34374e-06 0 0 270
-0.999696 2.34374e-06 0 0 270
-0.999696 2.46654e-06 0 0 270
-0.659791 2.46654e-06 0 0 270
-0.659791 2.60766e-06 0 0 270
-0.328507 2.60766e-06 0 0 270
-0.328507 2.76115e-06 0 0 270
-1.88738e-15 2.76115e-06 0 0 270
-1.88738e-15 2.91982e-06 0 0 270
0.331284 2.91982e-06 0 0 270
0.331284 3.07581e-06 0 0 270
0.671188 3.07581e-06 0 0 270
0.671188 3.22119e-06 0 0 270
1.02652 3.22119e-06 0 0 270
1.02652 3.34864e-06 0 0 270
1.40599 3.34864e-06 0 0 270
1.40599 3.45224e-06 0 0 270
1.82188 3.45224e-06 0 0 270
1.82188 3.52843e-06 0 0 270
2.29327 3.52843e-06 0 0 270
2.29327 3.57689e-06 0 0 270
2.85368 3.57689e-06 0 0 270
2.85368 3.60133e-06 0 0 270
3.57305 3.60133e-06 0 0 270
3.57305 3.60935e-06 0 0 270
4.65296 3.60935e-06 0 0 270
4.65296 3.61029e-06 0 0 270
5.98978 3.61029e-06 0 0 270
5.98978 3.61031e-06 0 0 270
8.20079 3.61031e-06 0 0 270
8.20079 3.61031e-06 0 0 270
9.53761 3.61031e-06 0 0 270
9.53761 3.61017e-06 0 0 270
10.6175 3.61017e-06 0 0 270
10.6175 3.60878e-06 0 0 270
11.3369 3.60878e-06 0 0 270
11.3369 3.6039e-06 0 0 270
11.8973 3.6039e-06 0 0 270
11.8973 3.59309e-06 0 0 270
12.3687 3.59309e-06 0 0 270
12.3687 3.57442e-06 0 0 270
12.7846 3.57442e-06 0 0 270
12.7846 3.54681e-06 0 0 270
13.1641 3.54681e-06 0 0 270
13.1641 3.51014e-06 0 0 270
13.5194 3.51014e-06 0 0 270
13.5194 3.46521e-06 0 0 270
13.8593 3.46521e-06 0 0 270
13.8593 3.41357e-06 0 0 270
14.1906 3.41357e-06 0 0 270
14.1906 3.3574e-06 0 0 270
14.5191 3.3574e-06 0 0 270
14.5191 3.269e-06 0 0 270
15.2021 3.269e-06 0 0 270
15.2021 3.12672e-06 0 0 270
16.5682 3.12672e-06 0 0 270
16.5682 3.05594e-06 0 0 270
17.9343 3.05594e-06 0 0 270
17.9343 3.04755e-06 0 0 270
19.3004 3.04755e-06 0 0 270
19.3004 3.04769e-06 0 0 270
20.6665 3.04769e-06 0 0 270
20.6665 3.04859e-06 0 0 270
22.0325 3.04859e-06 0 0 270
22.0325 3.05019e-06 0 0 270
23.3986 3.05019e-06 0 0 270
23.3986 3.05294e-06 0 0 270
24.7647 3.05294e-06 0 0 270
24.7647 3.05745e-06 0 0 270
26.1308 3.05745e-06 0 0 270
26.1308 3.06464e-06 0 0 270
27.4969 3.06464e-06 0 0 270
27.4969 3.07566e-06 0 0 270
28.863 3.07566e-06 0 0 270
28.863 3.09198e-06 0 0 270
30.2291 3.09198e-06 0 0 270
30.2291 3.1153e-06 0 0 270
31.5951 3.1153e-06 0 0 270
31.5951 3.14745e-06 0 0 270
32.9612 3.14745e-06 0 0 270
32.9612 3.19021e-06 0 0 270
34.3273 3.19021e-06 0 0 270
34.3273 3.24511e-06 0 0 270
35.6934 3.24511e-06 0 0 270
35.6934 3.31311e-06 0 0 270
37.0595 3.31311e-06 0 0 270
37.0595 3.39439e-06 0 0 270
38.4256 3.39439e-06 0 0 270
38.4256 3.48813e-06 0 0 270
39.7916 3.48813e-06 0 0 270
39.7916 3.59246e-06 0 0 270
41.1577 3.59246e-06 0 0 270
41.1577 3.70451e-06 0 0 270
42.5238 3.70451e-06 0 0 270
42.5238 3.79144e-06 0 0 270
43.2069 3.79144e-06 0 0 270
43.2069 3.85366e-06 0 0 270
43.9799 3.85366e-06 0 0 270
43.9799 3.9202e-06 0 0 270
44.773 3.9202e-06 0 0 270
44.773 3.98789e-06 0 0 270
45.6021 3.98789e-06 0 0 270
45.6021 4.05719e-06 0 0 270
46.4875 4.05719e-06 0 0 270
46.4875 4.12862e-06 0 0 270
47.4579 4.12862e-06 0 0 270
47.4579 4.20282e-06 0 0 270
48.5578 4.20282e-06 0 0 270
48.5578 4.28059e-06 0 0 270
49.8654 4.28059e-06 0 0 270
49.8654 4.36304e-06 0 0 270
51.544 4.36304e-06 0 0 270
51.544 4.45227e-06 0 0 270
54.0638 4.45227e-06 0 0 270
54.0638 4.52837e-06 0 0 270
57.183 4.52837e-06 0 0 270
57.183 4.56607e-06 0 0 270
59.3825 4.56607e-06 0 0 270
59.3825 4.58556e-06 0 0 270
63.4601 4.58556e-06 0 0 270
63.4601 4.59362e-06 0 0 270
69.5814 4.59362e-06 0 0 270
69.5814 4.59456e-06 0 0 270
77.159 4.59456e-06 0 0 270
77.159 4.59459e-06 0 0 270
162.287 4.59459e-06 0 0 270
162.287 4.59459e-06 0 0 270
162.787 4.59459e-06 0 0 270
162.787 4.59459e-06 0 0 270
163.287 4.59459e-06 0 0 270
163.287 4.59459e-06 0 0 270
163.787 4.59459e-06 0 0 270
163.787 4.59459e-06 0 0 270
164.287 4.59459e-06 0 0 270
164.287 4.59458e-06 0 0 270
164.787 4.59458e-06 0 0 270
164.787 4.59458e-06 0 0 270
165.287 4.59458e-06 0 0 270
165.287 4.59458e-06 0 0 270
165.787 4.59458e-06 0 0 270
165.787 4.59458e-06 0 0 270
166.287 4.59458e-06 0 0 270
166.287 4.59457e-06 0 0 270
166.787 4.59457e-06 0 0 270
166.787 4.59455e-06 0 0 270
167.287 4.59455e-06 0 0 270
167.287 4.59452e-06 0 0 270
167.787 4.59452e-06 0 0 270
167.787 4.59446e-06 0 0 270
168.287 4.59446e-06 0 0 270
168.287 4.59437e-06 0 0 270
168.787 4.59437e-06 0 0 270
168.787 4.59514e-06 0 0 270
169.287 4.59514e-06 0 0 270
169.287 4.59432e-06 0 0 270
169.787 4.59432e-06 0 0 270
169.787 4.59366e-06 0 0 270
170.287 4.59366e-06 0 0 270
170.287 4.59288e-06 0 0 270
170.787 4.59288e-06 0 0 270
170.787 4.59177e-06 0 0 270
171.287 4.59177e-06 0 0 270
171.287 4.5901e-06 0 0 270
171.787 4.5901e-06 0 0 270
171.787 4.58759e-06 0 0 270
172.287 4.58759e-06 0 0 270
172.287 4.58389e-06 0 0 270
172.787 4.58389e-06 0 0 270
172.787 4.57851e-06 0 0 270
173.287 4.57851e-06 0 0 270
173.287 4.57085e-06 0 0 270
173.787 4.57085e-06 0 0 270
173.787 4.56015e-06 0 0 270
174.287 4.56015e-06 0 0 270
174.287 4.5455e-06 0 0 270
174.787 4.5455e-06 0 0 270
174.787 4.52582e-06 0 0 270
175.287 4.52582e-06 0 0 270
175.287 4.49993e-06 0 0 270
175.787 4.49993e-06 0 0 270
175.787 4.46652e-06 0 0 270
176.287 4.46652e-06 0 0 270
176.287 4.42428e-06 0 0 270
176.787 4.42428e-06 0 0 270
176.787 4.37198e-06 0 0 270
177.287 4.37198e-06 0 0 270
177.287 4.30855e-06 0 0 270
177.787 4.30855e-06 0 0 270
177.787 4.23324e-06 0 0 270
178.287 4.23324e-06 0 0 270
178.287 4.14573e-06 0 0 270
178.787 4.14573e-06 0 0 270
178.787 4.04629e-06 0 0 270
179.287 4.04629e-06 0 0 270
179.287 3.93583e-06 0 0 270
179.787 3.93583e-06 0 0 270
179.787 3.81597e-06 0 0 270
180.287 3.81597e-06 0 0 270
180.287 3.68903e-06 0 0 270
180.787 3.68903e-06 0 0 270
180.787 3.55791e-06 0 0 270
181.287 3.55791e-06 0 0 270
181.287 3.42598e-06 0 0 270
181.787 3.42598e-06 0 0 270
181.787 3.29677e-06 0 0 270
182.287 3.29677e-06 0 0 270
182.287 3.17381e-06 0 0 270
182.787 3.17381e-06 0 0 270
182.787 3.06026e-06 0 0 270
183.287 3.06026e-06 0 0 270
183.287 2.9588e-06 0 0 270
183.787 2.9588e-06 0 0 270
183.787 2.87142e-06 0 0 270
184.287 2.87142e-06 0 0 270
184.287 2.79941e-06 0 0 270
184.787 2.79941e-06 0 0 270
184.787 2.7434e-06 0 0 270
185.287 2.7434e-06 0 0 270
185.287 2.70337e-06 0 0 270
185.787 2.70337e-06 0 0 270
185.787 2.67879e-06 0 0 270
186.287 2.67879e-06 0 0 270
186.287 2.66858e-06 0 0 270
186.787 2.66858e-06 0 0 270
186.787 2.67108e-06 0 0 270
187.287 2.67108e-06 0 0 270
187.287 2.68395e-06 0 0 270
187.787 2.68395e-06 0 0 270
187.787 2.70409e-06 0 0 270
188.287 2.70409e-06 0 0 270
188.287 2.72757e-06 0 0 270
188.787 2.72757e-06 0 0 270
188.787 2.74958e-06 0 0 270
189.287 2.74958e-06 0 0 270
189.287 2.76448e-06 0 0 270
189.787 2.76448e-06 0 0 270
189.787 2.76585e-06 0 0 270
190.287 2.76585e-06 0 0 270
190.287 2.74668e-06 0 0 270
190.787 2.74668e-06 0 0 270
190.787 2.70096e-06 0 0 270
191.287 2.70096e-06 0 0 270
191.287 2.62133e-06 0 0 270
191.787 2.62133e-06 0 0 270
191.787 2.50169e-06 0 0 270
192.287 2.50169e-06 0 0 270
192.287 2.33929e-06 0 0 270
192.787 2.33929e-06 0 0 270
192.787 2.13516e-06 0 0 270
193.287 2.13516e-06 0 0 270
193.287 1.89478e-06 0 0 270
193.787 1.89478e-06 0 0 270
193.787 1.62808e-06 0 0 270
194.287 1.62808e-06 0 0 270
194.287 1.34847e-06 0 0 270
194.787 1.34847e-06 0 0 270
194.787 1.07104e-06 0 0 270
195.287 1.07104e-06 0 0 270
195.287 8.10252e-07 0 0 270
195.787 8.10252e-07 0 0 270
195.787 5.77872e-07 0 0 270
196.287 5.77872e-07 0 0 270
196.287 3.81423e-07 0 0 270
196.787 3.81423e-07 0 0 270
196.787 2.23687e-07 0 0 270
197.287 2.23687e-07 0 0 270
197.287 1.03148e-07 0 0 270
197.787 1.03148e-07 0 0 270
197.787 5.95466e-08 0 0 270
198.287 5.95466e-08 0 0 270
198.287 3.80048e-08 0 0 270
198.787 3.80048e-08 0 0 270
198.787 2.55583e-08 0 0 270
199.287 2.55583e-08 0 0 270
199.287 1.91859e-08 0 0 270
199.787 1.91859e-08 0 0 270
199.787 1.63908e-08 0 0 270
200.287 1.63908e-08 0 0 270
200.287 1.52807e-08 0 0 270
200.787 1.52807e-08 0 0 270
200.787 1.45213e-08 0 0 270
201.287 1.45213e-08 0 0 270
201.287 1.3227e-08 0 0 270
201.787 1.3227e-08 0 0 270
201.787 1.08384e-08 0 0 270
202.287 1.08384e-08 0 0 270
202.287 7.01851e-09 0 0 270
202.787 7.01851e-09 0 0 270
202.787 1.58027e-09 0 0 270
203.287 1.58027e-09 0 0 270
203.287 -5.55766e-09 0 0 270
203.787 -5.55766e-09 0 0 270
203.787 -1.43923e-08 0 0 270
204.287 -1.43923e-08 0 0 270
204.287 -2.48443e-08 0 0 270
204.787 -2.48443e-08 0 0 270
204.787 -3.67589e-08 0 0 270
205.287 -3.67589e-08 0 0 270
205.287 -4.99065e-08 0 0 270
205.787 -4.99065e-08 0 0 270
205.787 -6.39843e-08 0 0 270
206.287 -6.39843e-08 0 0 270
206.287 -7.86227e-08 0 0 270
206.787 -7.86227e-08 0 0 270
206.787 -9.33969e-08 0 0 270
207.287 -9.33969e-08 0 0 270
207.287 -1.07843e-07 0 0 270
207.787 -1.07843e-07 0 0 270
207.787 -1.2148e-07 0 0 270
208.287 -1.2148e-07 0 0 270
208.287 -1.33833e-07 0 0 270
208.787 -1.33833e-07 0 0 270
208.787 -1.44462e-07 0 0 270
209.287 -1.44462e-07 0 0 270
209.287 -1.52983e-07 0 0 270
209.787 -1.52983e-07 0 0 270
209.787 -1.59096e-07 0 0 270
210.287 -1.59096e-07 0 0 270
210.287 -1.62602e-07 0 0 270
210.787 -1.62602e-07 0 0 270
210.787 -1.6289e-07 0 0 270
211.287 -1.6289e-07 0 0 270
211.287 -1.59303e-07 0 0 270
211.787 -1.59303e-07 0 0 270
211.787 -1.52043e-07 0 0 270
212.287 -1.52043e-07 0 0 270
212.287 -1.41416e-07 0 0 270
212.787 -1.41416e-07 0 0 270
212.787 -1.27808e-07 0 0 270
213.287 -1.27808e-07 0 0 270
213.287 -1.11664e-07 0 0 270
213.787 -1.11664e-07 0 0 270
213.787 -9.34627e-08 0 0 270
214.287 -9.34627e-08 0 0 270
214.287 -7.36908e-08 0 0 270
214.787 -7.36908e-08 0 0 270
214.787 -5.28147e-08 0 0 270
215.287 -5.28147e-08 0 0 270
215.287 -3.12513e-08 0 0 270
215.787 -3.12513e-08 0 0 270
215.787 -9.33627e-09 0 0 270
216.287 -9.33627e-09 0 0 270
216.287 1.27181e-08 0 0 270
216.787 1.27181e-08 0 0 270
216.787 3.48793e-08 0 0 270
217.287 3.48793e-08 0 0 270
217.287 5.73733e-08 0 0 270
217.787 5.73733e-08 0 0 270
217.787 8.07879e-08 0 0 270
218.287 8.07879e-08 0 0 270
218.287 1.06195e-07 0 0 270
218.787 1.06195e-07 0 0 270
218.787 1.35273e-07 0 0 270
219.287 1.35273e-07 0 0 270
219.287 1.704e-07 0 0 270
219.787 1.704e-07 0 0 270
219.787 2.14694e-07 0 0 270
220.287 2.14694e-07 0 0 270
220.287 2.71956e-07 0 0 270
220.787 2.71956e-07 0 0 270
220.787 3.46523e-07 0 0 270
221.287 3.46523e-07 0 0 270
221.287 5.85507e-07 0 0 270
221.787 5.85507e-07 0 0 270
221.787 9.16968e-07 0 0 270
222.287 9.16968e-07 0 0 270
222.287 1.3032e-06 0 0 270
222.787 1.3032e-06 0 0 270
222.787 1.72935e-06 0 0 270
223.287 1.72935e-06 0 0 270
223.287 2.17426e-06 0 0 270
223.787 2.17426e-06 0 0 270
223.787 2.61356e-06 0 0 270
224.287 2.61356e-06 0 0 270
224.287 3.02368e-06 0 0 270
224.787 3.02368e-06 0 0 270
224.787 3.38584e-06 0 0 270
225.287 3.38584e-06 0 0 270
225.287 3.68885e-06 0 0 270
225.787 3.68885e-06 0 0 270
225.787 3.93012e-06 0 0 270
226.287 3.93012e-06 0 0 270
226.287 4.11483e-06 0 0 270
226.787 4.11483e-06 0 0 270
226.787 4.25368e-06 0 0 270
227.287 4.25368e-06 0 0 270
227.287 4.36009e-06 0 0 270
227.787 4.36009e-06 0 0 270
227.787 4.44755e-06 0 0 270
228.287 4.44755e-06 0 0 270
228.287 4.5278e-06 0 0 270
228.787 4.5278e-06 0 0 270
228.787 4.60975e-06 0 0 270
229.287 4.60975e-06 0 0 270
229.287 4.69929e-06 0 0 270
229.787 4.69929e-06 0 0 270
229.787 4.79951e-06 0 0 270
230.287 4.79951e-06 0 0 270
230.287 4.91112e-06 0 0 270
230.787 4.91112e-06 0 0 270
230.787 5.03292e-06 0 0 270
231.287 5.03292e-06 0 0 270
231.287 5.16217e-06 0 0 270
231.787 5.16217e-06 0 0 270
231.787 5.29495e-06 0 0 270
232.287 5.29495e-06 0 0 270
232.287 5.4267e-06 0 0 270
232.787 5.4267e-06 0 0 270
232.787 5.55265e-06 0 0 270
233.287 5.55265e-06 0 0 270
233.287 5.66843e-06 0 0 270
233.787 5.66843e-06 0 0 270
233.787 5.77062e-06 0 0 270
234.287 5.77062e-06 0 0 270
234.287 5.85706e-06 0 0 270
234.787 5.85706e-06 0 0 270
234.787 5.92705e-06 0 0 270
235.287 5.92705e-06 0 0 270
235.287 5.98128e-06 0 0 270
235.787 5.98128e-06 0 0 270
235.787 6.02146e-06 0 0 270
236.287 6.02146e-06 0 0 270
236.287 6.04999e-06 0 0 270
236.787 6.04999e-06 0 0 270
236.787 6.0695e-06 0 0 270
237.287 6.0695e-06 0 0 270
237.287 6.08246e-06 0 0 270
237.787 6.08246e-06 0 0 270
237.787 6.09101e-06 0 0 270
238.287 6.09101e-06 0 0 270
238.287 6.0968e-06 0 0 270
238.787 6.0968e-06 0 0 270
238.787 6.10101e-06 0 0 270
239.287 6.10101e-06 0 0 270
239.287 6.10549e-06 0 0 270
239.787 6.10549e-06 0 0 270
239.787 6.10798e-06 0 0 270
240.287 6.10798e-06 0 0 270
240.287 6.11071e-06 0 0 270
240.787 6.11071e-06 0 0 270
240.787 6.11363e-06 0 0 270
241.287 6.11363e-06 0 0 270
241.287 6.11667e-06 0 0 270
241.787 6.11667e-06 0 0 270
241.787 6.11979e-06 0 0 270
242.287 6.11979e-06 0 0 270
242.287 6.12292e-06 0 0 270
242.787 6.12292e-06 0 0 270
242.787 6.12599e-06 0 0 270
243.287 6.12599e-06 0 0 270
243.287 6.12893e-06 0 0 270
243.787 6.12893e-06 0 0 270
243.787 6.13168e-06 0 0 270
244.287 6.13168e-06 0 0 270
244.287 6.13417e-06 0 0 270
244.787 6.13417e-06 0 0 270
244.787 6.13632e-06 0 0 270
245.287 6.13632e-06 0 0 270
245.287 6.13809e-06 0 0 270
245.787 6.13809e-06 0 0 270
245.787 6.1394e-06 0 0 270
246.287 6.1394e-06 0 0 270
246.287 6.1402e-06 0 0 270
246.787 6.1402e-06 0 0 270
246.787 6.14046e-06 0 0 270
247.287 6.14046e-06 0 0 270
247.287 6.14041e-06 0 0 270
247.787 6.14041e-06 0 0 270
247.787 6.14027e-06 0 0 270
248.287 6.14027e-06 0 0 270
248.287 6.14005e-06 0 0 270
248.787 6.14005e-06 0 0 270
248.787 6.13975e-06 0 0 270
249.287 6.13975e-06 0 0 270
249.287 6.13937e-06 0 0 270
249.787 6.13937e-06 0 0 270
249.787 6.13892e-06 0 0 270
250.287 6.13892e-06 0 0 270
250.287 6.1384e-06 0 0 270
250.787 6.1384e-06 0 0 270
250.787 6.13781e-06 0 0 270
251.287 6.13781e-06 0 0 270
251.287 6.13716e-06 0 0 270
251.787 6.13716e-06 0 0 270
251.787 6.13645e-06 0 0 270
252.287 6.13645e-06 0 0 270
252.287 6.13569e-06 0 0 270
252.787 6.13569e-06 0 0 270
252.787 6.13488e-06 0 0 270
253.287 6.13488e-06 0 0 270
253.287 6.13401e-06 0 0 270
253.787 6.13401e-06 0 0 270
253.787 6.1331e-06 0 0 270
254.287 6.1331e-06 0 0 270
254.287 6.13215e-06 0 0 270
254.787 6.13215e-06 0 0 270
254.787 6.13116e-06 0 0 270
255.287 6.13116e-06 0 0 270
255.287 6.13014e-06 0 0 270
255.787 6.13014e-06 0 0 270
255.787 6.12909e-06 0 0 270
256.287 6.12909e-06 0 0 270
256.287 6.12801e-06 0 0 270
256.787 6.12801e-06 0 0 270
256.787 6.12691e-06 0 0 270
257.287 6.12691e-06 0 0 270
257.287 6.12579e-06 0 0 270
257.787 6.12579e-06 0 0 270
257.787 6.12466e-06 0 0 270
258.287 6.12466e-06 0 0 270
258.287 6.12352e-06 0 0 270
258.787 6.12352e-06 0 0 270
258.787 6.12238e-06 0 0 270
259.287 6.12238e-06 0 0 270
259.287 6.12123e-06 0 0 270
259.787 6.12123e-06 0 0 270
259.787 6.1201e-06 0 0 270
260.287 6.1201e-06 0 0 270
260.287 6.11897e-06 0 0 270
260.787 6.11897e-06 0 0 270
260.787 6.11786e-06 0 0 270
261.287 6.11786e-06 0 0 270
261.287 6.11677e-06 0 0 270
261.787 6.11677e-06 0 0 270
261.787 6.11571e-06 0 0 270
262.287 6.11571e-06 0 0 270
262.287 6.11467e-06 0 0 270
262.787 6.11467e-06 0 0 270
262.787 6.11368e-06 0 0 270
263.287 6.11368e-06 0 0 270
263.287 6.11273e-06 0 0 270
263.787 6.11273e-06 0 0 270
263.787 6.11182e-06 0 0 270
264.287 6.11182e-06 0 0 270
264.287 6.11097e-06 0 0 270
264.787 6.11097e-06 0 0 270
264.787 6.11018e-06 0 0 270
265.287 6.11018e-06 0 0 270
265.287 6.10946e-06 0 0 270
265.787 6.10946e-06 0 0 270
265.787 6.1088e-06 0 0 270
266.287 6.1088e-06 0 0 270
266.287 6.10822e-06 0 0 270
266.787 6.10822e-06 0 0 270
266.787 6.10773e-06 0 0 270
267.287 6.10773e-06 0 0 270
267.287 6.10732e-06 0 0 270
267.787 6.10732e-06 0 0 270
267.787 6.10701e-06 0 0 270
268.287 6.10701e-06 0 0 270
268.287 6.1068e-06 0 0 270
268.787 6.1068e-06 0 0 270
268.787 6.10669e-06 0 0 270
269.287 6.10669e-06 0 0 270
269.287 6.10669e-06 0 0 270
269.787 6.10669e-06 0 0 270
269.787 6.1068e-06 0 0 270
270.287 6.1068e-06 0 0 270
270.287 6.10704e-06 0 0 270
270.787 6.10704e-06 0 0 270
270.787 6.1074e-06 0 0 270
271.287 6.1074e-06 0 0 270
271.287 6.10788e-06 0 0 270
271.787 6.10788e-06 0 0 270
271.787 6.1085e-06 0 0 270
272.287 6.1085e-06 0 0 270
272.287 6.10926e-06 0 0 270
272.787 6.10926e-06 0 0 270
272.787 6.11016e-06 0 0 270
273.287 6.11016e-06 0 0 270
273.287 6.1112e-06 0 0 270
273.787 6.1112e-06 0 0 270
273.787 6.11238e-06 0 0 270
274.287 6.11238e-06 0 0 270
274.287 6.11371e-06 0 0 270
274.787 6.11371e-06 0 0 270
274.787 6.11519e-06 0 0 270
275.287 6.11519e-06 0 0 270
275.287 6.11689e-06 0 0 270
275.787 6.11689e-06 0 0 270
275.787 6.11894e-06 0 0 270
276.287 6.11894e-06 0 0 270
276.287 6.1213e-06 0 0 270
276.787 6.1213e-06 0 0 270
276.787 6.12394e-06 0 0 270
277.287 6.12394e-06 0 0 270
277.287 6.12681e-06 0 0 270
277.787 6.12681e-06 0 0 270
277.787 6.12988e-06 0 0 270
278.287 6.12988e-06 0 0 270
278.287 6.13312e-06 0 0 270
278.787 6.13312e-06 0 0 270
278.787 6.13649e-06 0 0 270
279.287 6.13649e-06 0 0 270
279.287 6.13996e-06 0 0 270
279.787 6.13996e-06 0 0 270
279.787 6.14348e-06 0 0 270
280.287 6.14348e-06 0 0 270
280.287 6.14704e-06 0 0 270
280.787 6.14704e-06 0 0 270
280.787 6.15059e-06 0 0 270
281.287 6.15059e-06 0 0 270
281.287 6.15412e-06 0 0 270
281.787 6.15412e-06 0 0 270
281.787 6.15759e-06 0 0 270
282.287 6.15759e-06 0 0 270
282.287 6.16098e-06 0 0 270
282.787 6.16098e-06 0 0 270
282.787 6.16427e-06 0 0 270
283.287 6.16427e-06 0 0 270
283.287 6.16744e-06 0 0 270
283.787 6.16744e-06 0 0 270
283.787 6.17047e-06 0 0 270
284.287 6.17047e-06 0 0 270
284.287 6.17335e-06 0 0 270
284.787 6.17335e-06 0 0 270
284.787 6.17607e-06 0 0 270
285.287 6.17607e-06 0 0 270
285.287 6.17861e-06 0 0 270
285.787 6.17861e-06 0 0 270
285.787 6.18097e-06 0 0 270
286.287 6.18097e-06 0 0 270
286.287 6.18314e-06 0 0 270
286.787 6.18314e-06 0 0 270
286.787 6.18513e-06 0 0 270
287.287 6.18513e-06 0 0 270
287.287 6.18692e-06 0 0 270
287.787 6.18692e-06 0 0 270
287.787 6.18853e-06 0 0 270
288.287 6.18853e-06 0 0 270
288.287 6.18995e-06 0 0 270
288.787 6.18995e-06 0 0 270
288.787 6.19119e-06 0 0 270
289.287 6.19119e-06 0 0 270
289.287 6.19225e-06 0 0 270
289.787 6.19225e-06 0 0 270
289.787 6.19314e-06 0 0 270
290.287 6.19314e-06 0 0 270
290.287 6.19389e-06 0 0 270
290.787 6.19389e-06 0 0 270
290.787 6.19463e-06 0 0 270
291.287 6.19463e-06 0 0 270
291.287 6.19537e-06 0 0 270
291.787 6.19537e-06 0 0 270
291.787 6.19612e-06 0 0 270
292.287 6.19612e-06 0 0 270
292.287 6.19689e-06 0 0 270
292.787 6.19689e-06 0 0 270
292.787 6.19766e-06 0 0 270
293.287 6.19766e-06 0 0 270
293.287 6.19845e-06 0 0 270
293.787 6.19845e-06 0 0 270
293.787 6.19924e-06 0 0 270
294.287 6.19924e-06 0 0 270
294.287 6.20005e-06 0 0 270
294.787 6.20005e-06 0 0 270
294.787 6.20086e-06 0 0 270
295.287 6.20086e-06 0 0 270
295.287 6.20169e-06 0 0 270
295.787 6.20169e-06 0 0 270
295.787 6.20252e-06 0 0 270
296.287 6.20252e-06 0 0 270
296.287 6.20336e-06 0 0 270
296.787 6.20336e-06 0 0 270
296.787 6.2042e-06 0 0 270
297.287 6.2042e-06 0 0 270
297.287 6.20505e-06 0 0 270
297.787 6.20505e-06 0 0 270
297.787 6.2059e-06 0 0 270
298.287 6.2059e-06 0 0 270
298.287 6.20676e-06 0 0 270
298.787 6.20676e-06 0 0 270
298.787 6.20761e-06 0 0 270
299.287 6.20761e-06 0 0 270
299.287 6.20846e-06 0 0 270
299.787 6.20846e-06 0 0 270
299.787 6.20931e-06 0 0 270
300.287 6.20931e-06 0 0 270
300.287 6.21015e-06 0 0 270
300.787 6.21015e-06 0 0 270
300.787 6.21098e-06 0 0 270
301.287 6.21098e-06 0 0 270
301.287 6.2118e-06 0 0 270
301.787 6.2118e-06 0 0 270
301.787 6.2126e-06 0 0 270
302.287 6.2126e-06 0 0 270
302.287 6.21339e-06 0 0 270
302.787 6.21339e-06 0 0 270
302.787 6.21416e-06 0 0 270
303.287 6.21416e-06 0 0 270
303.287 6.2149e-06 0 0 270
303.787 6.2149e-06 0 0 270
303.787 6.21563e-06 0 0 270
304.287 6.21563e-06 0 0 270
304.287 6.21632e-06 0 0 270
304.787 6.21632e-06 0 0 270
304.787 6.21698e-06 0 0 270
305.287 6.21698e-06 0 0 270
305.287 6.21761e-06 0 0 270
305.787 6.21761e-06 0 0 270
305.787 6.21819e-06 0 0 270
306.287 6.21819e-06 0 0 270
306.287 6.21874e-06 0 0 270
306.787 6.21874e-06 0 0 270
306.787 6.21925e-06 0 0 270
307.287 6.21925e-06 0 0 270
307.287 6.21971e-06 0 0 270
307.787 6.21971e-06 0 0 270
307.787 6.22012e-06 0 0 270
308.287 6.22012e-06 0 0 270
308.287 6.22049e-06 0 0 270
308.787 6.22049e-06 0 0 270
308.787 6.22082e-06 0 0 270
309.287 6.22082e-06 0 0 270
309.287 6.22112e-06 0 0 270
309.787 6.22112e-06 0 0 270
309.787 6.22138e-06 0 0 270
310.287 6.22138e-06 0 0 270
310.287 6.22159e-06 0 0 270
310.787 6.22159e-06 0 0 270
310.787 6.22177e-06 0 0 270
311.287 6.22177e-06 0 0 270
311.287 6.22192e-06 0 0 270
311.787 6.22192e-06 0 0 270
311.787 6.22203e-06 0 0 270
312.287 6.22203e-06 0 0 270
312.287 6.2221e-06 0 0 270
312.787 6.2221e-06 0 0 270
312.787 6.22214e-06 0 0 270
313.287 6.22214e-06 0 0 270
313.287 6.22214e-06 0 0 270
313.787 6.22214e-06 0 0 270
313.787 6.22211e-06 0 0 270
314.287 6.22211e-06 0 0 270
314.287 6.22205e-06 0 0 270
314.787 6.22205e-06 0 0 270
314.787 6.22196e-06 0 0 270
315.287 6.22196e-06 0 0 270
315.287 6.22185e-06 0 0 270
315.787 6.22185e-06 0 0 270
315.787 6.2217e-06 0 0 270
316.287 6.2217e-06 0 0 270
316.287 6.22153e-06 0 0 270
316.787 6.22153e-06 0 0 270
316.787 6.22134e-06 0 0 270
317.287 6.22134e-06 0 0 270
317.287 6.22112e-06 0 0 270
317.787 6.22112e-06 0 0 270
317.787 6.22088e-06 0 0 270
318.287 6.22088e-06 0 0 270
318.287 6.22062e-06 0 0 270
318.787 6.22062e-06 0 0 270
318.787 6.22034e-06 0 0 270
319.287 6.22034e-06 0 0 270
319.287 6.22004e-06 0 0 270
319.787 6.22004e-06 0 0 270
319.787 6.21973e-06 0 0 270
320.287 6.21973e-06 0 0 270
320.287 6.2194e-06 0 0 270
320.787 6.2194e-06 0 0 270
320.787 6.21906e-06 0 0 270
321.287 6.21906e-06 0 0 270
321.287 6.21871e-06 0 0 270
321.787 6.21871e-06 0 0 270
321.787 6.21835e-06 0 0 270
322.287 6.21835e-06 0 0 270
322.287 6.21798e-06 0 0 270
322.787 6.21798e-06 0 0 270
322.787 6.21761e-06 0 0 270
323.287 6.21761e-06 0 0 270
323.287 6.21722e-06 0 0 270
323.787 6.21722e-06 0 0 270
323.787 6.21684e-06 0 0 270
324.287 6.21684e-06 0 0 270
324.287 6.21645e-06 0 0 270
324.787 6.21645e-06 0 0 270
324.787 6.21605e-06 0 0 270
325.287 6.21605e-06 0 0 270
325.287 6.21566e-06 0 0 270
325.787 6.21566e-06 0 0 270
325.787 6.21527e-06 0 0 270
326.287 6.21527e-06 0 0 270
326.287 6.21488e-06 0 0 270
326.787 6.21488e-06 0 0 270
326.787 6.21449e-06 0 0 270
327.287 6.21449e-06 0 0 270
327.287 6.21411e-06 0 0 270
327.787 6.21411e-06 0 0 270
327.787 6.21373e-06 0 0 270
328.287 6.21373e-06 0 0 270
328.287 6.21337e-06 0 0 270
328.787 6.21337e-06 0 0 270
328.787 6.213e-06 0 0 270
329.287 6.213e-06 0 0 270
329.287 6.21265e-06 0 0 270
329.787 6.21265e-06 0 0 270
329.787 6.21231e-06 0 0 270
330.287 6.21231e-06 0 0 270
330.287 6.21198e-06 0 0 270
330.787 6.21198e-06 0 0 270
330.787 6.21166e-06 0 0 270
331.287 6.21166e-06 0 0 270
331.287 6.21136e-06 0 0 270
331.787 6.21136e-06 0 0 270
331.787 6.21107e-06 0 0 270
332.287 6.21107e-06 0 0 270
332.287 6.2108e-06 0 0 270
332.787 6.2108e-06 0 0 270
332.787 6.21055e-06 0 0 270
333.287 6.21055e-06 0 0 270
333.287 6.21031e-06 0 0 270
333.787 6.21031e-06 0 0 270
333.787 6.2101e-06 0 0 270
334.287 6.2101e-06 0 0 270
334.287 6.20991e-06 0 0 270
334.787 6.20991e-06 0 0 270
334.787 6.20974e-06 0 0 270
335.287 6.20974e-06 0 0 270
335.287 6.20959e-06 0 0 270
335.787 6.20959e-06 0 0 270
335.787 6.20947e-06 0 0 270
336.287 6.20947e-06 0 0 270
336.287 6.20938e-06 0 0 270
336.787 6.20938e-06 0 0 270
336.787 6.20932e-06 0 0 270
337.287 6.20932e-06 0 0 270
337.287 6.20929e-06 0 0 270
337.787 6.20929e-06 0 0 270
337.787 6.20929e-06 0 0 270
338.287 6.20929e-06 0 0 270
338.287 6.20929e-06 0 0 270
338.787 6.20929e-06 0 0 270
338.787 6.20929e-06 0 0 270
339.287 6.20929e-06 0 0 270
339.287 6.20929e-06 0 0 270
339.787 6.20929e-06 0 0 270
339.787 6.20929e-06 0 0 270
340.287 6.20929e-06 0 0 270
340.287 6.20929e-06 0 0 270
340.787 6.20929e-06 0 0 270
340.787 6.20929e-06 0 0 270
341.287 6.20929e-06 0 0 270
341.287 6.20929e-06 0 0 270
341.787 6.20929e-06 0 0 270
341.787 6.20929e-06 0 0 270
342.287 6.20929e-06 0 0 270
342.287 6.20929e-06 0 0 270
342.787 6.20929e-06 0 0 270
342.787 6.20929e-06 0 0 270
343.287 6.20929e-06 0 0 270
343.287 6.20929e-06 0 0 270
343.787 6.20929e-06 0 0 270
343.787 6.20929e-06 0 0 270
344.287 6.20929e-06 0 0 270
344.287 6.20929e-06 0 0 270
344.787 6.20929e-06 0 0 270
344.787 6.20929e-06 0 0 270
345.287 6.20929e-06 0 0 270
345.287 6.20929e-06 0 0 270
345.787 6.20929e-06 0 0 270
345.787 6.20929e-06 0 0 270
346.287 6.20929e-06 0 0 270
346.287 6.20929e-06 0 0 270
346.787 6.20929e-06 0 0 270
346.787 6.20929e-06 0 0 270
347.287 6.20929e-06 0 0 270
347.287 6.20929e-06 0 0 270
347.787 6.20929e-06 0 0 270
347.787 6.20929e-06 0 0 270
348.287 6.20929e-06 0 0 270
348.287 6.20929e-06 0 0 270
348.787 6.20929e-06 0 0 270
348.787 6.20929e-06 0 0 270
349.287 6.20929e-06 0 0 270
349.287 6.20929e-06 0 0 270
349.787 6.20929e-06 0 0 270
349.787 6.20929e-06 0 0 270
350.287 6.20929e-06 0 0 270
350.287 6.20929e-06 0 0 270
350.787 6.20929e-06 0 0 270
350.787 6.20929e-06 0 0 270
351.287 6.20929e-06 0 0 270
351.287 6.20929e-06 0 0 270
351.787 6.20929e-06 0 0 270
351.787 6.20929e-06 0 0 270
352.287 6.20929e-06 0 0 270
352.287 6.20929e-06 0 0 270
352.787 6.20929e-06 0 0 270
352.787 6.20929e-06 0 0 270
353.287 6.20929e-06 0 0 270
353.287 6.20929e-06 0 0 270
353.787 6.20929e-06 0 0 270
353.787 6.20929e-06 0 0 270
354.287 6.20929e-06 0 0 270
354.287 6.20929e-06 0 0 270
354.787 6.20929e-06 0 0 270
354.787 6.20929e-06 0 0 270
355.287 6.20929e-06 0 0 270
355.287 6.20929e-06 0 0 270
355.787 6.20929e-06 0 0 270
355.787 6.20929e-06 0 0 270
356.287 6.20929e-06 0 0 270
356.287 6.20929e-06 0 0 270
356.787 6.20929e-06 0 0 270
356.787 6.20929e-06 0 0 270
357.287 6.20929e-06 0 0 270
357.287 6.20929e-06 0 0 270
357.787 6.20929e-06 0 0 270
357.787 6.20929e-06 0 0 270
358.287 6.20929e-06 0 0 270
358.287 6.20929e-06 0 0 270
358.787 6.20929e-06 0 0 270
358.787 6.20929e-06 0 0 270
359.287 6.20929e-06 0 0 270
359.287 6.20929e-06 0 0 270
359.787 6.20929e-06 0 0 270
359.787 6.20929e-06 0 0 270
360.287 6.20929e-06 0 0 270
360.287 6.20929e-06 0 0 270
360.787 6.20929e-06 0 0 270
360.787 6.20929e-06 0 0 270
361.287 6.20929e-06 0 0 270
361.287 6.20929e-06 0 0 270
361.787 6.20929e-06 0 0 270
361.787 6.20929e-06 0 0 270
362.287 6.20929e-06 0 0 270
362.287 6.20929e-06 0 0 270
362.787 6.20929e-06 0 0 270
362.787 6.20929e-06 0 0 270
363.287 6.20929e-06 0 0 270
363.287 6.20929e-06 0 0 270
363.787 6.20929e-06 0 0 270
363.787 6.20929e-06 0 0 270
364.287 6.20929e-06 0 0 270
364.287 6.20929e-06 0 0 270
364.787 6.20929e-06 0 0 270
364.787 6.20929e-06 0 0 270
365.287 6.20929e-06 0 0 270
365.287 6.20929e-06 0 0 270
365.787 6.20929e-06 0 0 270
365.787 6.20929e-06 0 0 270
366.287 6.20929e-06 0 0 270
366.287 6.20929e-06 0 0 270
366.787 6.20929e-06 0 0 270
366.787 6.20929e-06 0 0 270
367.287 6.20929e-06 0 0 270
367.287 6.20929e-06 0 0 270
367.787 6.20929e-06 0 0 270
367.787 6.20929e-06 0 0 270
368.287 6.20929e-06 0 0 270
368.287 6.20929e-06 0 0 270
368.787 6.20929e-06 0 0 270
368.787 6.20929e-06 0 0 270
369.287 6.20929e-06 0 0 270
369.287 6.20929e-06 0 0 270
369.787 6.20929e-06 0 0 270
369.787 6.20929e-06 0 0 270
370.287 6.20929e-06 0 0 270
370.287 6.20929e-06 0 0 270
370.787 6.20929e-06 0 0 270
370.787 6.20929e-06 0 0 270
371.287 6.20929e-06 0 0 270
371.287 6.20929e-06 0 0 270
371.787 6.20929e-06 0 0 270
371.787 6.20929e-06 0 0 270
372.287 6.20929e-06 0 0 270
372.287 6.20929e-06 0 0 270
372.787 6.20929e-06 0 0 270
372.787 6.20929e-06 0 0 270
373.287 6.20929e-06 0 0 270
373.287 6.20929e-06 0 0 270
373.787 6.20929e-06 0 0 270
373.787 6.20929e-06 0 0 270
374.287 6.20929e-06 0 0 270
374.287 6.20929e-06 0 0 270
374.787 6.20929e-06 0 0 270
374.787 6.20929e-06 0 0 270
375.287 6.20929e-06 0 0 270
375.287 6.20929e-06 0 0 270
375.787 6.20929e-06 0 0 270
375.787 6.20929e-06 0 0 270
376.287 6.20929e-06 0 0 270
376.287 6.20929e-06 0 0 270
376.787 6.20929e-06 0 0 270
376.787 6.20929e-06 0 0 270
377.287 6.20929e-06 0 0 270
377.287 6.20929e-06 0 0 270
377.787 6.20929e-06 0 0 270
377.787 6.20929e-06 0 0 270
378.287 6.20929e-06 0 0 270
378.287 6.20929e-06 0 0 270
378.787 6.20929e-06 0 0 270
378.787 6.20929e-06 0 0 270
379.287 6.20929e-06 0 0 270
379.287 6.20929e-06 0 0 270
379.787 6.20929e-06 0 0 270
379.787 6.20929e-06 0 0 270
380.287 6.20929e-06 0 0 270
380.287 6.20929e-06 0 0 270
380.787 6.20929e-06 0 0 270
380.787 6.20929e-06 0 0 270
381.287 6.20929e-06 0 0 270
381.287 6.20929e-06 0 0 270
381.787 6.20929e-06 0 0 270
381.787 6.20929e-06 0 0 270
382.287 6.20929e-06 0 0 270
382.287 6.20929e-06 0 0 270
382.787 6.20929e-06 0 0 270
382.787 6.20929e-06 0 0 270
383.287 6.20929e-06 0 0 270
383.287 6.20929e-06 0 0 270
383.787 6.20929e-06 0 0 270
383.787 6.20929e-06 0 0 270
384.287 6.20929e-06 0 0 270
384.287 6.20929e-06 0 0 270
384.787 6.20929e-06 0 0 270
384.787 6.20929e-06 0 0 270
385.287 6.20929e-06 0 0 270
385.287 6.20929e-06 0 0 270
385.787 6.20929e-06 0 0 270
385.787 6.20929e-06 0 0 270
386.287 6.20929e-06 0 0 270
386.287 6.20929e-06 0 0 270
386.787 6.20929e-06 0 0 270
386.787 6.20929e-06 0 0 270
387.287 6.20929e-06 0 0 270
387.287 6.20929e-06 0 0 270
387.787 6.20929e-06 0 0 270
387.787 6.20929e-06 0 0 270
388.287 6.20929e-06 0 0 270
388.287 6.20929e-06 0 0 270
388.787 6.20929e-06 0 0 270
388.787 6.20929e-06 0 0 270
389.287 6.20929e-06 0 0 270
389.287 6.20929e-06 0 0 270
389.787 6.20929e-06 0 0 270
389.787 6.20929e-06 0 0 270
390.287 6.20929e-06 0 0 270
390.287 6.20929e-06 0 0 270
390.787 6.20929e-06 0 0 270
390.787 6.20929e-06 0 0 270
391.287 6.20929e-06 0 0 270
391.287 6.20929e-06 0 0 270
391.787 6.20929e-06 0 0 270
391.787 6.20929e-06 0 0 270
392.287 6.20929e-06 0 0 270
392.287 6.20929e-06 0 0 270
392.787 6.20929e-06 0 0 270
392.787 6.20929e-06 0 0 270
393.287 6.20929e-06 0 0 270
393.287 6.20929e-06 0 0 270
393.787 6.20929e-06 0 0 270
393.787 6.20929e-06 0 0 270
394.287 6.20929e-06 0 0 270
394.287 6.20929e-06 0 0 270
394.787 6.20929e-06 0 0 270
394.787 6.20929e-06 0 0 270
395.287 6.20929e-06 0 0 270
395.287 6.20929e-06 0 0 270
395.787 6.20929e-06 0 0 270
395.787 6.20929e-06 0 0 270
396.287 6.20929e-06 0 0 270
396.287 6.20929e-06 0 0 270
396.787 6.20929e-06 0 0 270
396.787 6.20929e-06 0 0 270
397.287 6.20929e-06 0 0 270
397.287 6.20929e-06 0 0 270
397.787 6.20929e-06 0 0 270
397.787 6.20929e-06 0 0 270
398.287 6.20929e-06 0 0 270
398.287 6.20929e-06 0 0 270
398.787 6.20929e-06 0 0 270
398.787 6.20929e-06 0 0 270
399.287 6.20929e-06 0 0 270
399.287 6.20929e-06 0 0 270
399.787 6.20929e-06 0 0 270
399.787 6.20929e-06 0 0 270
400.287 6.20929e-06 0 0 270
400.287 6.20929e-06 0 0 270
400.787 6.20929e-06 0 0 270
400.787 6.20929e-06 0 0 270
401.287 6.20929e-06 0 0 270
401.287 6.20929e-06 0 0 270
401.787 6.20929e-06 0 0 270
401.787 6.20929e-06 0 0 270
402.287 6.20929e-06 0 0 270
402.287 6.20929e-06 0 0 270
402.787 6.20929e-06 0 0 270
402.787 6.20929e-06 0 0 270
403.287 6.20929e-06 0 0 270
403.287 6.20929e-06 0 0 270
403.787 6.20929e-06 0 0 270
403.787 6.20929e-06 0 0 270
404.287 6.20929e-06 0 0 270
404.287 6.20929e-06 0 0 270
404.787 6.20929e-06 0 0 270
404.787 6.20929e-06 0 0 270
405.287 6.20929e-06 0 0 270
405.287 6.20929e-06 0 0 270
405.787 6.20929e-06 0 0 270
405.787 6.20929e-06 0 0 270
406.287 6.20929e-06 0 0 270
406.287 6.20929e-06 0 0 270
406.787 6.20929e-06 0 0 270
406.787 6.20929e-06 0 0 270
407.287 6.20929e-06 0 0 270
407.287 6.20929e-06 0 0 270
407.787 6.20929e-06 0 0 270
407.787 6.20929e-06 0 0 270
408.287 6.20929e-06 0 0 270
408.287 6.20929e-06 0 0 270
408.787 6.20929e-06 0 0 270
408.787 6.20929e-06 0 0 270
409.287 6.20929e-06 0 0 270
409.287 6.20929e-06 0 0 270
409.787 6.20929e-06 0 0 270
409.787 6.20929e-06 0 0 270
410.287 6.20929e-06 0 0 270
410.287 6.20929e-06 0 0 270
410.787 6.20929e-06 0 0 270
410.787 6.20929e-06 0 0 270
411.287 6.20929e-06 0 0 270
411.287 6.20929e-06 0 0 270
411.787 6.20929e-06 0 0 270
411.787 6.20929e-06 0 0 270
412.287 6.20929e-06 0 0 270
412.287 6.20929e-06 0 0 270
422.287 6.20929e-06 0 0 270
