p2sigma m2sigma msigma psigma zaxis mean 
0.0 0.0 0.0 0.0 0.0 0.0 
0.0 0.0 0.0 0.0 0.5 0.0 
0.0 0.0 0.0 0.0 1.0 0.0 
0.0 0.0 0.0 0.0 1.5 0.0 
0.0 0.0 0.0 0.0 2.0 0.0 
0.0 0.0 0.0 0.0 2.5 0.0 
0.0 0.0 0.0 0.0 3.0 0.0 
0.0 0.0 0.0 0.0 3.5 0.0 
0.0 0.0 0.0 0.0 4.0 0.0 
0.0 0.0 0.0 0.0 4.5 0.0 
0.0 0.0 0.0 0.0 5.0 0.0 
0.0 0.0 0.0 0.0 5.5 0.0 
0.0 0.0 0.0 0.0 6.0 0.0 
0.0 0.0 0.0 0.0 6.5 0.0 
0.0 0.0 0.0 0.0 7.0 0.0 
0.0 0.0 0.0 0.0 7.5 0.0 
0.0 0.0 0.0 0.0 8.0 0.0 
0.0 0.0 0.0 0.0 8.5 0.0 
0.0 0.0 0.0 0.0 9.0 0.0 
0.0 0.0 0.0 0.0 9.5 0.0 
0.0 0.0 0.0 0.0 10.0 0.0 
0.0 0.0 0.0 0.0 10.5 0.0 
0.0 0.0 0.0 0.0 11.0 0.0 
0.0 0.0 0.0 0.0 11.5 0.0 
0.0 0.0 0.0 0.0 12.0 0.0 
0.0 0.0 0.0 0.0 12.5 0.0 
0.0 0.0 0.0 0.0 13.0 0.0 
0.0 0.0 0.0 0.0 13.5 0.0 
0.0 0.0 0.0 0.0 14.0 0.0 
0.0 0.0 0.0 0.0 14.5 0.0 
0.0 0.0 0.0 0.0 15.0 0.0 
0.0 0.0 0.0 0.0 15.5 0.0 
0.0 0.0 0.0 0.0 16.0 0.0 
0.0 0.0 0.0 0.0 16.5 0.0 
0.0 0.0 0.0 0.0 17.0 0.0 
0.0 0.0 0.0 0.0 17.5 0.0 
0.0 0.0 0.0 0.0 18.0 0.0 
0.0 0.0 0.0 0.0 18.5 0.0 
0.0 0.0 0.0 0.0 19.0 0.0 
0.0 0.0 0.0 0.0 19.5 0.0 
0.0 0.0 0.0 0.0 20.0 0.0 
0.0 0.0 0.0 0.0 20.5 0.0 
0.0 0.0 0.0 0.0 21.0 0.0 
0.0 0.0 0.0 0.0 21.5 0.0 
0.0 0.0 0.0 0.0 22.0 0.0 
0.0 0.0 0.0 0.0 22.5 0.0 
0.0 0.0 0.0 0.0 23.0 0.0 
0.0 0.0 0.0 0.0 23.5 0.0 
0.018565 0.0 0.0 0.0 24.0 0.0 
0.079946 0.0 0.0 0.0 24.5 0.0 
0.154843 0.0 0.0 0.021345 25.0 0.0 
0.227834 0.0 0.0 0.065248 25.5 0.0 
0.302974 0.0 0.0 0.124602 26.0 0.0 
0.382338 0.0 0.0 0.172842 26.5 0.0 
0.484525 0.0 0.0 0.241567597 27.0 0.0 
0.584033 0.0 0.0 0.295453067 27.5 0.0 
0.688364 0.0 0.0 0.37422 28.0 0.0 
0.78259 0.0 0.0 0.45229521 28.5 0.043335 
0.872372 0.0 0.0 0.520329 29.0 0.091595 
0.976827 0.0 0.0 0.598314 29.5 0.139062 
1.122566 0.0 0.0 0.677564 30.0 0.189332 
1.233976 0.0 0.0 0.757954 30.5 0.253254 
1.345988 0.0 0.0 0.84365008 31.0 0.3168785 
1.454951 0.0 0.0 0.927016 31.5 0.373987 
1.559073 0.0 0.0 1.004697 32.0 0.425783 
1.662611 0.0 0.0 1.11788 32.5 0.467555 
1.794598 0.0 0.0 1.233570254 33.0 0.5496155 
1.905532 0.0 0.0 1.322311 33.5 0.606629 
2.015436 0.0 0.019240924 1.411283319 34.0 0.678167 
2.13226 0.0 0.09452 1.489126 34.5 0.746293 
2.236645 0.0 0.163836197 1.562677 35.0 0.812233 
2.339509 0.0 0.197628 1.641562 35.5 0.8829765 
2.486235 0.0 0.268094 1.718334 36.0 0.948068 
2.673359 0.0 0.329495 1.825387643 36.5 1.0283015 
2.855113 0.045607 0.375978 1.917299707 37.0 1.122615 
3.030401 0.092798798 0.442980297 2.015021 37.5 1.2162775 
3.188663649 0.177337 0.523204914 2.104364 38.0 1.297114 
3.345792642 0.234663 0.620761 2.186026136 38.5 1.367665 
3.484859289 0.271978 0.708986011 2.275311387 39.0 1.4311175 
3.610609267 0.285723 0.763146 2.363294928 39.5 1.492938 
3.7313771 0.338049027 0.817443 2.48241028 40.0 1.558559 
3.84529575 0.391454349 0.873633 2.565447 40.5 1.609809 
3.931655917 0.435992767 0.91806623 2.666589898 41.0 1.6745735 
4.01079402 0.48089 0.989809 2.737952184 41.5 1.751688 
4.081229 0.506737 1.055518019 2.79759496 42.0 1.8171915 
4.14375 0.531912279 1.118018825 2.867345356 42.5 1.871171 
4.19884 0.565400217 1.172714815 2.942508696 43.0 1.90888 
4.231296 0.61365114 1.228591 3.006754964 43.5 1.960069 
4.235492 0.669024767 1.27514285 3.059366 44.0 1.999265 
4.249416 0.722015593 1.332012563 3.112849 44.5 2.060259 
4.272734 0.764759457 1.378276219 3.15355 45.0 2.107875 
4.303536071 0.806596 1.43238 3.169904 45.5 2.1526055 
4.343416322 0.848335 1.473834 3.190743824 46.0 2.191585 
4.356571239 0.890483 1.497976 3.215594 46.5 2.223705 
4.371895891 0.933092 1.532477848 3.256953321 47.0 2.258762 
4.393093614 0.97071 1.575492 3.279115 47.5 2.323622 
4.419636689 1.009827 1.622554 3.355649 48.0 2.3775795 
4.452238156 1.040717 1.657288152 3.373672 48.5 2.443164 
4.491458749 1.063029 1.690275198 3.425282809 49.0 2.489751 
4.53557046 1.080635278 1.736011 3.481002 49.5 2.5531135 
4.587367 1.088333545 1.772684 3.563788258 50.0 2.611123 
4.640739 1.112123604 1.804124903 3.629671063 50.5 2.67017 
4.697771 1.158635599 1.846705 3.676909 51.0 2.7408165 
4.777174719 1.224636 1.874358 3.771379 51.5 2.801198 
4.82488027 1.271012 1.9274867 3.856902373 52.0 2.860746 
4.879627 1.307403072 1.998427 3.93667 52.5 2.93991 
4.976310971 1.345068 2.076525684 4.002931 53.0 2.9824825 
5.039589579 1.348528 2.114345 4.105751 53.5 3.057083 
5.123206934 1.400911 2.167273 4.200514939 54.0 3.153522 
5.245716683 1.47974 2.232937638 4.286461271 54.5 3.241669 
5.372550859 1.548612 2.279998991 4.404564176 55.0 3.32587 
5.453295 1.631847 2.354835979 4.506457083 55.5 3.411045 
5.620311 1.680482 2.402799 4.651677794 56.0 3.508605 
5.776789 1.720885421 2.44935 4.803471 56.5 3.591472 
5.982645842 1.773261 2.51941225 4.955394 57.0 3.707526 
6.159533 1.815265 2.591562 5.144871763 57.5 3.78204 
6.37956 1.864519 2.706065087 5.267159 58.0 3.895682 
6.580870658 1.870803 2.775883 5.452138353 58.5 3.977262 
6.671962 1.879941 2.848240846 5.568917409 59.0 4.100991 
6.846176 1.937292 2.895922 5.750649 59.5 4.233219 
7.026504028 1.956531 2.968175 5.923099 60.0 4.3257 
7.228501164 1.980518 3.033195 6.045187488 60.5 4.421599 
7.424972724 2.017398475 3.116113 6.156226267 61.0 4.540449 
7.706951976 2.045983 3.212797545 6.34298 61.5 4.63262 
7.973817 2.061767 3.284815 6.505293 62.0 4.722543 
8.209695 2.078436 3.341670005 6.56222291 62.5 4.785368 
8.457976 2.095852 3.427633492 6.674794378 63.0 4.832226 
8.629136 2.113881 3.480719 6.770685012 63.5 4.87278 
8.75018 2.132384 3.53583 6.827379 64.0 4.940288 
8.998473 2.151224 3.533123 6.865626 64.5 4.994672 
9.174426 2.170266 3.643245 6.947695 65.0 5.0401955 
9.26401 2.156985977 3.647329276 7.017711694 65.5 5.08556 
9.255275852 2.136908574 3.613623 7.052433 66.0 5.100321 
9.217630431 2.117597911 3.626286 6.968456 66.5 5.0958905 
9.154381599 2.117682765 3.611961 6.964069064 67.0 5.079171 
9.034032 2.123964 3.613774 6.978061 67.5 5.05571 
8.940921 2.132419 3.604348327 7.021324 68.0 5.020704 
8.836891 2.140364 3.562924418 6.871315 68.5 5.012667 
8.6871 2.147747 3.536905769 6.760945 69.0 4.961836 
8.58323112 2.154516 3.504483824 6.725659983 69.5 4.918252 
8.34852227 2.160622 3.475959 6.58604 70.0 4.887156 
8.130699 2.166013 3.454303003 6.483489401 70.5 4.7928715 
7.914102 2.164515 3.419774 6.355757546 71.0 4.724473 
7.729321 2.102560004 3.379196277 6.169008044 71.5 4.644047 
7.661000489 2.039159195 3.319397 5.96928 72.0 4.495726 
7.381066114 2.028340008 3.23205447 5.805787 72.5 4.347718 
7.064133593 2.037065472 3.141799 5.621851652 73.0 4.223674 
6.755671668 2.045537358 3.040157196 5.462531 73.5 4.1090485 
6.516999124 2.056279 2.927871 5.227684933 74.0 4.011763 
6.143299265 2.042917 2.840745 5.000727854 74.5 3.869796 
5.766538 1.959447754 2.75816444 4.796158 75.0 3.701248 
5.447516 1.877514 2.664927 4.597575 75.5 3.5498365 
5.150009 1.774535519 2.579673713 4.361884 76.0 3.391438 
4.952196 1.701916 2.489639 4.133641387 76.5 3.222596 
4.671549 1.689581 2.396248 3.896881 77.0 3.0763875 
4.38499 1.583956517 2.2726147 3.701458 77.5 2.9171805 
4.150221404 1.45435148 2.142046 3.509283129 78.0 2.773384 
3.919667 1.490535 2.046482256 3.270740899 78.5 2.61032 
3.712471833 1.383832 1.909579633 3.059492906 79.0 2.4559395 
3.537769375 1.226811 1.771016868 2.914563 79.5 2.331741 
3.311237669 1.080382 1.639700782 2.74637491 80.0 2.177267 
3.143321078 1.025007 1.504052325 2.564441006 80.5 2.055623 
2.980769 0.865182281 1.376401 2.428285 81.0 1.9392065 
2.823701688 0.75575 1.193159 2.340501 81.5 1.8191855 
2.753622 0.586300372 1.046815 2.254984 82.0 1.707246 
2.71679 0.473343154 0.940814748 2.1748148 82.5 1.620518 
2.684425 0.408986 0.843618 2.103476 83.0 1.5122915 
2.647050396 0.345214908 0.757138 2.038717628 83.5 1.435536 
2.618463 0.269903497 0.698186 1.977115936 84.0 1.374476 
2.58703 0.201933 0.663909 1.912330654 84.5 1.314808 
2.556808 0.178164637 0.639034 1.888163 85.0 1.303047 
2.527932 0.181404268 0.648143 1.892173 85.5 1.2705145 
2.500536 0.19469 0.650515883 1.886495 86.0 1.267956 
2.474755 0.204616 0.643002 1.882282 86.5 1.245407 
2.450721 0.191052 0.62531273 1.868978 87.0 1.233467 
2.428166 0.179243 0.623568 1.83171993 87.5 1.231782 
2.408437 0.18768774 0.634879 1.828008 88.0 1.231396 
2.390455 0.19525188 0.640388 1.837193327 88.5 1.252625 
2.374759 0.225272 0.652211 1.848981096 89.0 1.284904 
2.375055 0.259997 0.678653936 1.839399 89.5 1.307583 
2.376017277 0.296929 0.716141 1.868988 90.0 1.3296965 
2.378783258 0.313273 0.752811 1.886083002 90.5 1.356731 
2.389847 0.341806 0.77711953 1.901293 91.0 1.379537 
2.423227524 0.404352 0.810631054 1.927157 91.5 1.404241 
2.438006355 0.46092 0.837116961 1.952714358 92.0 1.434754 
2.473622723 0.411383 0.864124049 1.977528 92.5 1.477941 
2.49549 0.431182 0.912654 2.003406 93.0 1.5025975 
2.532179092 0.49645 0.939047 2.046686 93.5 1.5256075 
2.586382 0.570483 0.960185 2.074954 94.0 1.563147 
2.629122 0.645526 1.000152375 2.131139 94.5 1.5920825 
2.629946436 0.668182 1.047326289 2.180930429 95.0 1.636223 
2.673740709 0.716356 1.093453175 2.235529 95.5 1.6818655 
2.748153886 0.771781 1.14285 2.279722 96.0 1.730422 
2.769709212 0.825298 1.187868 2.319214 96.5 1.773106 
2.839999 0.820948 1.224726 2.343760944 97.0 1.806921 
2.910287576 0.859556 1.269138 2.394827 97.5 1.841396 
2.981519 0.912108 1.32904023 2.450507062 98.0 1.871735 
3.053919 0.961664 1.376439 2.509900878 98.5 1.910219 
3.124679 0.988836 1.428268 2.53747195 99.0 1.9335035 
3.193492 1.067772 1.444852825 2.561198 99.5 1.964995 
3.248405 1.116735 1.495389113 2.611603 100.0 1.998585 
3.315707 1.131921 1.530114 2.665251389 100.5 2.033778 
3.385193 1.16431 1.603005 2.689905 101.0 2.077108 
3.44316 1.185241 1.623324867 2.744156 101.5 2.121881 
3.49765 1.191822 1.635268496 2.778928634 102.0 2.1581295 
3.54378 1.179241 1.696595935 2.819881 102.5 2.165989 
3.57777 1.203029 1.736643 2.84123 103.0 2.1866365 
3.599184 1.207566 1.752251902 2.881481065 103.5 2.215733 
3.602998 1.222072766 1.767498931 2.891462719 104.0 2.256205 
3.628324 1.259327682 1.801234 2.91888421 104.5 2.294871 
3.63924 1.295665962 1.828559804 2.944835449 105.0 2.327689 
3.636018 1.330983105 1.867589043 2.968507124 105.5 2.3459175 
3.636191244 1.339635111 1.882496517 2.978190697 106.0 2.364464 
3.631195039 1.350226525 1.900215 3.012293634 106.5 2.3904805 
3.660107415 1.372749484 1.917097 3.037096 107.0 2.4133375 
3.674432576 1.397009 1.921899 3.056427 107.5 2.425809 
3.675541782 1.403683 1.949494 3.068349 108.0 2.443767 
3.673195467 1.397512 1.956941438 3.097519 108.5 2.4423775 
3.660057 1.418609 1.965785 3.083531689 109.0 2.450213 
3.62104 1.437618 1.973758 3.069146 109.5 2.457384 
3.577768 1.454423 1.980624105 3.057134 110.0 2.457046 
3.574731 1.463655969 1.976186 3.047279279 110.5 2.465576 
3.550223 1.445558 1.963423 3.046719 111.0 2.465401 
3.561175 1.426081334 1.949939 3.051364 111.5 2.439348 
3.528364788 1.408462476 1.933597 3.029003117 112.0 2.42542 
3.540146289 1.387914707 1.913873 3.008718 112.5 2.419051 
3.5305841 1.363999791 1.890621 2.981544 113.0 2.402702 
3.498511833 1.354907089 1.884332 2.969831857 113.5 2.378031 
3.444111716 1.34694485 1.850502107 2.937212 114.0 2.3546905 
3.381175 1.3294631 1.820510032 2.880354882 114.5 2.325731 
3.290166 1.301684679 1.779685 2.820171 115.0 2.287208 
3.22823583 1.269920806 1.754602 2.770397 115.5 2.2592065 
3.182899122 1.253835058 1.718280235 2.71817548 116.0 2.2288655 
3.117878 1.227804116 1.683973 2.684581 116.5 2.179431 
3.040426436 1.177807 1.630611 2.633561987 117.0 2.119692 
2.925427083 1.148483 1.571429 2.52248 117.5 2.050722 
2.792447 1.087912 1.498537358 2.450751 118.0 1.984281 
2.715168 1.032764 1.435719 2.352835 118.5 1.893711 
2.616567 0.983324 1.342322 2.260056787 119.0 1.772356 
2.514902 0.888403129 1.254188124 2.140954242 119.5 1.650008 
2.43577 0.756573 1.190730021 2.01117 120.0 1.536877 
2.357144 0.624039 1.068961575 1.92872077 120.5 1.4400095 
2.27857 0.548897625 0.934615284 1.846923 121.0 1.340774 
2.200265 0.483538022 0.799507752 1.746552745 121.5 1.218687 
2.122448 0.356648 0.658365166 1.66370227 122.0 1.1069515 
2.045337 0.22592838 0.538201 1.589732 122.5 1.010067 
1.993064017 0.139197923 0.43158359 1.48979 123.0 0.913853 
1.954027058 0.084043 0.341336035 1.403354 123.5 0.842657 
1.878855189 0.043016 0.274218 1.359524 124.0 0.764882 
1.803151429 0.037215 0.218396199 1.287746 124.5 0.684552 
1.731357363 0.029707 0.167921 1.212229 125.0 0.6447435 
1.660113582 0.02429 0.139965561 1.144894054 125.5 0.57981 
1.603758819 0.023333 0.131712139 1.086185974 126.0 0.521585 
1.550985067 0.024735671 0.12555956 1.033452 126.5 0.4899635 
1.502098449 0.031215 0.122522 0.974764354 127.0 0.462914 
1.456783877 0.034396247 0.122598 0.952749 127.5 0.4266965 
1.411503 0.035489 0.111625 0.935623832 128.0 0.409495 
1.36289 0.03684506 0.112736 0.90231 128.5 0.396411 
1.319141421 0.036234 0.123588 0.881863173 129.0 0.385493 
1.296315839 0.035302 0.12374372 0.871533 129.5 0.3802805 
1.273245541 0.027817449 0.127702 0.84292 130.0 0.373302 
1.229114 0.032328 0.122051259 0.824742 130.5 0.363975 
1.209709573 0.03955 0.126525 0.802483 131.0 0.361341 
1.197399012 0.043001 0.132831 0.789783061 131.5 0.357084 
1.180533604 0.032193 0.13883019 0.784587451 132.0 0.36254 
1.151059177 0.032729456 0.145873 0.781070912 132.5 0.365975 
1.122587511 0.031684 0.152288 0.779533 133.0 0.367912 
1.099026353 0.031671 0.150044 0.784982 133.5 0.3701685 
1.075036 0.031677448 0.151474 0.784087758 134.0 0.380236 
1.084768 0.038091 0.158621 0.793531125 134.5 0.394678 
1.070163 0.035484265 0.17649825 0.785198 135.0 0.412109 
1.094000464 0.041228 0.181087 0.800841531 135.5 0.4316685 
1.111406384 0.043505 0.186604 0.803522 136.0 0.4432905 
1.135864024 0.043813 0.190106061 0.821874 136.5 0.457485 
1.155061 0.04962 0.209247399 0.831716 137.0 0.471155 
1.193437 0.055255 0.219592 0.843103327 137.5 0.487706 
1.232749 0.057278137 0.237261 0.859509 138.0 0.503599 
1.272726 0.058222539 0.245548 0.875894044 138.5 0.530615 
1.3197 0.06040081 0.260022 0.872472 139.0 0.556876 
1.376784419 0.061955689 0.268140407 0.905007 139.5 0.569793 
1.393908 0.060792 0.281802096 0.936543 140.0 0.5975585 
1.424715 0.0585033 0.303553 0.984302 140.5 0.610884 
1.450743 0.058665074 0.309994001 1.023654 141.0 0.6291825 
1.482226 0.061367873 0.31637398 1.059148 141.5 0.6480855 
1.509955 0.06410335 0.322073418 1.095369052 142.0 0.668769 
1.53871 0.066858149 0.329484 1.128233035 142.5 0.677994 
1.617321 0.069619787 0.334551285 1.155433 143.0 0.696817 
1.677222216 0.071594795 0.335491034 1.18292199 143.5 0.715309 
1.712824516 0.074012 0.341872705 1.200993 144.0 0.7146705 
1.75790475 0.06871 0.343538 1.213334238 144.5 0.7324485 
1.782233763 0.066842 0.340901886 1.247958319 145.0 0.74674 
1.813784649 0.065121 0.339389139 1.263346 145.5 0.755726 
1.827208722 0.063536 0.343893002 1.276943224 146.0 0.765938 
1.838028 0.062074 0.357543 1.288335113 146.5 0.775434 
1.820245 0.058115 0.361722253 1.291094 147.0 0.784799 
1.817646 0.053734 0.369977844 1.300214 147.5 0.7862865 
1.845509976 0.049578 0.366292 1.307297 148.0 0.790386 
1.852604 0.045642 0.358260646 1.309332242 148.5 0.784672 
1.864659662 0.041921 0.359951706 1.294586 149.0 0.77761 
1.84812508 0.038407 0.350318 1.28868405 149.5 0.78129 
1.824711881 0.037592 0.337154 1.2806 150.0 0.774272 
1.794020116 0.036822 0.324003 1.267653 150.5 0.76295 
1.739847536 0.036027 0.319186 1.252468266 151.0 0.754302 
1.717067183 0.035273078 0.315593 1.234697 151.5 0.7458 
1.698030704 0.034556726 0.31447 1.214181 152.0 0.735912 
1.688467222 0.033814739 0.303823 1.204600516 152.5 0.728413 
1.641182 0.033047795 0.29561 1.170619 153.0 0.7075325 
1.646804 0.03225725 0.286257156 1.155950601 153.5 0.694141 
1.618943 0.031444299 0.27534334 1.113933454 154.0 0.673684 
1.544141 0.030420284 0.263487 1.093447 154.5 0.653476 
1.464118 0.029323216 0.247648833 1.073837 155.0 0.631232 
1.414672 0.028229062 0.233548167 1.041475 155.5 0.608556 
1.375374553 0.027056 0.220026 1.002776952 156.0 0.601797 
1.370698 0.026092 0.212146126 0.94191 156.5 0.578342 
1.307293 0.025123 0.197140408 0.907044721 157.0 0.549999 
1.273506987 0.023945962 0.180475 0.858413 157.5 0.52861 
1.249739515 0.021329229 0.16321332 0.818256 158.0 0.4898085 
1.221822299 0.019373318 0.146638 0.777467 158.5 0.4505695 
1.190066341 0.016523106 0.13091433 0.732351 159.0 0.4197305 
1.154785516 0.014129367 0.116264962 0.682819 159.5 0.385431 
1.116291148 0.01205853 0.106155647 0.629705399 160.0 0.355685 
1.074895273 0.010152312 0.093253434 0.580806 160.5 0.312492 
1.030910732 0.008410162 0.082533 0.550613 161.0 0.280108 
0.984649722 0.006832207 0.06838 0.516021439 161.5 0.2475635 
0.936424245 0.005418735 0.057793785 0.471306 162.0 0.218487 
0.886547337 0.003275865 0.042373 0.435478 162.5 0.190687 
0.83533 0.001897316 0.030063983 0.396401 163.0 0.158235 
0.783085592 0.000237236 0.019305763 0.364347 163.5 0.134907 
0.730124793 0.0 0.010607375 0.331115 164.0 0.110078 
0.676761961 0.0 0.003110052 0.297184 164.5 0.0873365 
0.623308615 0.0 0.000319034 0.271462672 165.0 0.071178 
0.570075757 0.0 0.0 0.244974869 165.5 0.053913 
0.518422738 0.0 0.0 0.224068 166.0 0.039075 
0.475964 0.0 0.0 0.20579634 166.5 0.027288 
0.441665 0.0 0.0 0.182616892 167.0 0.016675 
0.382819 0.0 0.0 0.157887 167.5 0.009369 
0.326016 0.0 0.0 0.136279 168.0 0.0036245 
0.28810005 0.0 0.0 0.123025756 168.5 0.001059 
0.246616 0.0 0.0 0.105086734 169.0 7.9e-05 
0.21699949 0.0 0.0 0.087792 169.5 0.0 
0.183715433 0.0 0.0 0.070334 170.0 0.0 
0.156870971 0.0 0.0 0.05651 170.5 0.0 
0.132726 0.0 0.0 0.042626 171.0 0.0 
0.112372 0.0 0.0 0.032527 171.5 0.0 
0.095777 0.0 0.0 0.02354 172.0 0.0 
0.076273 0.0 0.0 0.015768655 172.5 0.0 
0.058703 0.0 0.0 0.009437 173.0 0.0 
0.04319 0.0 0.0 0.00485105 173.5 0.0 
0.030465953 0.0 0.0 0.001716231 174.0 0.0 
0.021438 0.0 0.0 0.000398 174.5 0.0 
0.012906 0.0 0.0 0.0 175.0 0.0 
0.006992834 0.0 0.0 0.0 175.5 0.0 
0.003553077 0.0 0.0 0.0 176.0 0.0 
0.001368934 0.0 0.0 0.0 176.5 0.0 
0.000144 0.0 0.0 0.0 177.0 0.0 
0.0 0.0 0.0 0.0 177.5 0.0 
0.0 0.0 0.0 0.0 178.0 0.0 
0.0 0.0 0.0 0.0 178.5 0.0 
0.0 0.0 0.0 0.0 179.0 0.0 
0.0 0.0 0.0 0.0 179.5 0.0 
0.0 0.0 0.0 0.0 180.0 0.0 
0.0 0.0 0.0 0.0 180.5 0.0 
0.0 0.0 0.0 0.0 181.0 0.0 
0.0 0.0 0.0 0.0 181.5 0.0 
0.0 0.0 0.0 0.0 182.0 0.0 
0.0 0.0 0.0 0.0 182.5 0.0 
0.0 0.0 0.0 0.0 183.0 0.0 
0.0 0.0 0.0 0.0 183.5 0.0 
0.0 0.0 0.0 0.0 184.0 0.0 
0.0 0.0 0.0 0.0 184.5 0.0 
0.0 0.0 0.0 0.0 185.0 0.0 
0.0 0.0 0.0 0.0 185.5 0.0 
0.0 0.0 0.0 0.0 186.0 0.0 
0.0 0.0 0.0 0.0 186.5 0.0 
0.0 0.0 0.0 0.0 187.0 0.0 
0.0 0.0 0.0 0.0 187.5 0.0 
0.0 0.0 0.0 0.0 188.0 0.0 
0.0 0.0 0.0 0.0 188.5 0.0 
0.0 0.0 0.0 0.0 189.0 0.0 
0.0 0.0 0.0 0.0 189.5 0.0 
0.0 0.0 0.0 0.0 190.0 0.0 
0.0 0.0 0.0 0.0 190.5 0.0 
0.0 0.0 0.0 0.0 191.0 0.0 
0.0 0.0 0.0 0.0 191.5 0.0 
0.0 0.0 0.0 0.0 192.0 0.0 
0.0 0.0 0.0 0.0 192.5 0.0 
0.0 0.0 0.0 0.0 193.0 0.0 
0.0 0.0 0.0 0.0 193.5 0.0 
0.0 0.0 0.0 0.0 194.0 0.0 
0.0 0.0 0.0 0.0 194.5 0.0 
0.0 0.0 0.0 0.0 195.0 0.0 
0.0 0.0 0.0 0.0 195.5 0.0 
0.0 0.0 0.0 0.0 196.0 0.0 
0.0 0.0 0.0 0.0 196.5 0.0 
0.0 0.0 0.0 0.0 197.0 0.0 
0.0 0.0 0.0 0.0 197.5 0.0 
0.0 0.0 0.0 0.0 198.0 0.0 
0.0 0.0 0.0 0.0 198.5 0.0 
0.0 0.0 0.0 0.0 199.0 0.0 
0.0 0.0 0.0 0.0 199.5 0.0 
0.0 0.0 0.0 0.0 200.0 0.0 
0.0 0.0 0.0 0.0 200.5 0.0 
0.0 0.0 0.0 0.0 201.0 0.0 
0.0 0.0 0.0 0.0 201.5 0.0 
0.0 0.0 0.0 0.0 202.0 0.0 
0.0 0.0 0.0 0.0 202.5 0.0 
0.0 0.0 0.0 0.0 203.0 0.0 
0.0 0.0 0.0 0.0 203.5 0.0 
0.0 0.0 0.0 0.0 204.0 0.0 
0.0 0.0 0.0 0.0 204.5 0.0 
0.0 0.0 0.0 0.0 205.0 0.0 
0.0 0.0 0.0 0.0 205.5 0.0 
0.0 0.0 0.0 0.0 206.0 0.0 
0.0 0.0 0.0 0.0 206.5 0.0 
0.0 0.0 0.0 0.0 207.0 0.0 
0.0 0.0 0.0 0.0 207.5 0.0 
0.0 0.0 0.0 0.0 208.0 0.0 
0.0 0.0 0.0 0.0 208.5 0.0 
0.0 0.0 0.0 0.0 209.0 0.0 
0.0 0.0 0.0 0.0 209.5 0.0 
0.0 0.0 0.0 0.0 210.0 0.0 
0.0 0.0 0.0 0.0 210.5 0.0 
0.0 0.0 0.0 0.0 211.0 0.0 
0.0 0.0 0.0 0.0 211.5 0.0 
0.0 0.0 0.0 0.0 212.0 0.0 
0.0 0.0 0.0 0.0 212.5 0.0 
0.0 0.0 0.0 0.0 213.0 0.0 
0.0 0.0 0.0 0.0 213.5 0.0 
0.0 0.0 0.0 0.0 214.0 0.0 
0.0 0.0 0.0 0.0 214.5 0.0 
0.0 0.0 0.0 0.0 215.0 0.0 
0.0 0.0 0.0 0.0 215.5 0.0 
0.0 0.0 0.0 0.0 216.0 0.0 
0.0 0.0 0.0 0.0 216.5 0.0 
0.0 0.0 0.0 0.0 217.0 0.0 
0.0 0.0 0.0 0.0 217.5 0.0 
0.0 0.0 0.0 0.0 218.0 0.0 
0.0 0.0 0.0 0.0 218.5 0.0 
0.0 0.0 0.0 0.0 219.0 0.0 
0.0 0.0 0.0 0.0 219.5 0.0 
0.0 0.0 0.0 0.0 220.0 0.0 
0.0 0.0 0.0 0.0 220.5 0.0 
0.0 0.0 0.0 0.0 221.0 0.0 
0.0 0.0 0.0 0.0 221.5 0.0 
0.0 0.0 0.0 0.0 222.0 0.0 
0.0 0.0 0.0 0.0 222.5 0.0 
0.0 0.0 0.0 0.0 223.0 0.0 
0.0 0.0 0.0 0.0 223.5 0.0 
0.0 0.0 0.0 0.0 224.0 0.0 
0.0 0.0 0.0 0.0 224.5 0.0 
0.0 0.0 0.0 0.0 225.0 0.0 
0.0 0.0 0.0 0.0 225.5 0.0 
0.0 0.0 0.0 0.0 226.0 0.0 
0.0 0.0 0.0 0.0 226.5 0.0 
0.0 0.0 0.0 0.0 227.0 0.0 
0.0 0.0 0.0 0.0 227.5 0.0 
0.0 0.0 0.0 0.0 228.0 0.0 
0.0 0.0 0.0 0.0 228.5 0.0 
0.0 0.0 0.0 0.0 229.0 0.0 
0.0 0.0 0.0 0.0 229.5 0.0 
0.0 0.0 0.0 0.0 230.0 0.0 
0.0 0.0 0.0 0.0 230.5 0.0 
0.0 0.0 0.0 0.0 231.0 0.0 
0.0 0.0 0.0 0.0 231.5 0.0 
0.0 0.0 0.0 0.0 232.0 0.0 
0.0 0.0 0.0 0.0 232.5 0.0 
0.0 0.0 0.0 0.0 233.0 0.0 
0.0 0.0 0.0 0.0 233.5 0.0 
0.0 0.0 0.0 0.0 234.0 0.0 
0.0 0.0 0.0 0.0 234.5 0.0 
0.0 0.0 0.0 0.0 235.0 0.0 
0.0 0.0 0.0 0.0 235.5 0.0 
0.0 0.0 0.0 0.0 236.0 0.0 
0.0 0.0 0.0 0.0 236.5 0.0 
0.0 0.0 0.0 0.0 237.0 0.0 
0.0 0.0 0.0 0.0 237.5 0.0 
0.0 0.0 0.0 0.0 238.0 0.0 
0.0 0.0 0.0 0.0 238.5 0.0 
0.0 0.0 0.0 0.0 239.0 0.0 
0.0 0.0 0.0 0.0 239.5 0.0 
0.0 0.0 0.0 0.0 240.0 0.0 
0.0 0.0 0.0 0.0 240.5 0.0 
0.0 0.0 0.0 0.0 241.0 0.0 
0.0 0.0 0.0 0.0 241.5 0.0 
0.0 0.0 0.0 0.0 242.0 0.0 
0.0 0.0 0.0 0.0 242.5 0.0 
0.0 0.0 0.0 0.0 243.0 0.0 
0.0 0.0 0.0 0.0 243.5 0.0 
0.0 0.0 0.0 0.0 244.0 0.0 
0.0 0.0 0.0 0.0 244.5 0.0 
0.0 0.0 0.0 0.0 245.0 0.0 
0.0 0.0 0.0 0.0 245.5 0.0 
0.0 0.0 0.0 0.0 246.0 0.0 
0.0 0.0 0.0 0.0 246.5 0.0 
0.0 0.0 0.0 0.0 247.0 0.0 
0.0 0.0 0.0 0.0 247.5 0.0 
0.0 0.0 0.0 0.0 248.0 0.0 
0.0 0.0 0.0 0.0 248.5 0.0 
0.0 0.0 0.0 0.0 249.0 0.0 
0.0 0.0 0.0 0.0 249.5 0.0 
