#     thickness (A)        interface (A)       rho (1e-6/A^2)      irho (1e-6/A^2)
                   0     7.90298123947008                2.069                    0
     6.5824746266471     7.90298123947008       3.276044611815                    0
    120.282744874656                    0     2.37363266262697                    0
                   4                    0     2.37363266262697                    0
                 0.5                    0     2.37474952845758                    0
                 0.5                    0     2.37531253274613                    0
                 0.5                    0     2.37611815627224                    0
                 0.5                    0       2.377257403059                    0
                 0.5                    0     2.37884957368176                    0
                 0.5                    0      2.3810487278961                    0
                 0.5                    0     2.38405078700487                    0
                 0.5                    0       2.388101034073                    0
                 0.5                    0     2.39350164643028                    0
                 0.5                    0     2.40061876005655                    0
                 0.5                    0     2.40988843005241                    0
                 0.5                    0     2.42182072989389                    0
                 0.5                    0     2.43700114216477                    0
                 0.5                    0     2.45608835446858                    0
                 0.5                    0     2.47980760566469                    0
                 0.5                    0     2.50893884621055                    0
                 0.5                    0     2.54429919337143                    0
                 0.5                    0     2.58671947995919                    0
                 0.5                    0     2.63701510557865                    0
                 0.5                    0      2.6959518809381                    0
                 0.5                    0      2.7642080746577                    0
                 0.5                    0     2.84233438301491                    0
                 0.5                    0     2.93071399330165                    0
                 0.5                    0     3.02952524551429                    0
                 0.5                    0     3.13870956348306                    0
                 0.5                    0     3.25794728472005                    0
                 0.5                    0      3.3866437450991                    0
                 0.5                    0      3.5239274692746                    0
                 0.5                    0     3.66866160472274                    0
                 0.5                    0     3.81946886487727                    0
                 0.5                    0      3.9747692833923                    0
                 0.5                    0     4.13282910771994                    0
                 0.5                    0     4.29181825856565                    0
                 0.5                    0     4.44987302557664                    0
                 0.5                    0     4.60516011216443                    0
                 0.5                    0     4.75593781051819                    0
                 0.5                    0     4.90060998245508                    0
                 0.5                    0      5.0377686280363                    0
                 0.5                    0     5.16622113323941                    0
                 0.5                    0     5.28499882804862                    0
                 0.5                    0     5.39334435027957                    0
                 0.5                    0     5.49067666858808                    0
                 0.5                    0     5.57653468954426                    0
                 0.5                    0     5.65050333895271                    0
                 0.5                    0     5.71212986020502                    0
                 0.5                    0     5.76084243974155                    0
                 0.5                    0     5.79588727608412                    0
                 0.5                    0     5.81630248382346                    0
                 0.5                    0     5.82094615026646                    0
                 0.5                    0     5.80859009329719                    0
                 0.5                    0     5.77808001594348                    0
                 0.5                    0     5.72854800535256                    0
                 0.5                    0     5.65964767098464                    0
                 0.5                    0     5.57176999548989                    0
                 0.5                    0       5.466193674002                    0
                 0.5                    0     5.34513033765289                    0
                 0.5                    0     5.21164257316634                    0
                 0.5                    0     5.06943736087529                    0
                 0.5                    0     4.92256278478038                    0
                 0.5                    0     4.77505405675933                    0
                 0.5                    0     4.63058040838971                    0
                 0.5                    0     4.49213597787689                    0
                 0.5                    0      4.3617994934531                    0
                 0.5                    0     4.24056741678158                    0
                 0.5                    0     4.12825222526175                    0
                 0.5                    0     4.02343757435402                    0
                 0.5                    0     3.92349496571692                    0
                 0.5                    0     3.82468526307031                    0
                 0.5                    0     3.72238155192192                    0
                 0.5                    0     3.61144634882239                    0
                 0.5                    0     3.48677051441722                    0
                 0.5                    0     3.34393698913227                    0
                 0.5                    0     3.17992234633029                    0
                 0.5                    0     2.99371106294611                    0
                 0.5                    0     2.78668791896046                    0
                 0.5                    0     2.56270158498004                    0
                 0.5                    0     2.32775365133551                    0
                 0.5                    0     2.08934676233823                    0
                 0.5                    0     1.85560094421042                    0
                 0.5                    0      1.6342971146428                    0
                 0.5                    0     1.43201753551282                    0
                 0.5                    0     1.25352321475958                    0
                 0.5                    0     1.10144855063944                    0
                 0.5                    0    0.976322074157018                    0
                 0.5                    0    0.876858409597277                    0
                 0.5                    0    0.800425096843921                    0
                 0.5                    0    0.743574813213409                    0
                 0.5                    0    0.702546202996702                    0
                 0.5                    0    0.673666209796322                    0
                 0.5                    0    0.653622481033384                    0
                 0.5                    0    0.639606424825607                    0
                 0.5                    0    0.629349839495856                    0
                 0.5                    0    0.621088873377624                    0
                 0.5                    0    0.613489895753023                    0
                 0.5                    0    0.605565948686002                    0
                 0.5                    0    0.596603381088003                    0
                 0.5                    0    0.586108904643788                    0
                 0.5                    0    0.573779407802918                    0
                 0.5                    0    0.559491143942327                    0
                 0.5                    0     0.54330140828818                    0
                 0.5                    0    0.525454247646146                    0
                 0.5                    0    0.506381757045035                    0
                 0.5                    0    0.486693806729722                    0
                 0.5                    0    0.467151351771294                    0
                 0.5                    0    0.448621521347359                    0
                 0.5                    0    0.432016096834185                    0
                 0.5                    0    0.418218298163289                    0
                 0.5                    0    0.408005482217313                    0
                 0.5                    0    0.401976930883375                    0
                 0.5                    0    0.400496040120076                    0
                 0.5                    0    0.403654838858772                    0
                 0.5                    0    0.411266093884007                    0
                 0.5                    0    0.422884801301974                    0
                 0.5                    0     0.43785732201772                    0
                 0.5                    0    0.455393521666959                    0
                 0.5                    0    0.474655621110401                    0
                 0.5                    0    0.494857343247324                    0
                 0.5                    0    0.515368217918104                    0
                 0.5                    0    0.535819964939228                    0
                 0.5                    0    0.556213684441482                    0
                 0.5                    0    0.577026887401749                    0
                 0.5                    0    0.599317055430683                    0
                 0.5                    0    0.624812862905734                    0
                 0.5                    0    0.655975940454103                    0
                 0.5                    0    0.696007067409362                    0
                 0.5                    0    0.748764358879255                    0
                 0.5                    0    0.818561618783376                    0
                 0.5                    0    0.909826405425726                    0
                 0.5                    0     1.02662118601602                    0
                 0.5                    0     1.17206510286625                    0
                 0.5                    0     1.34773156770905                    0
                 0.5                    0      1.5531275264573                    0
                 0.5                    0     1.78537198794938                    0
                 0.5                    0     2.03917531131076                    0
                 0.5                    0      2.3071747352571                    0
                 0.5                    0     2.58061297458273                    0
                 0.5                    0     2.85027132504359                    0
                 0.5                    0     3.10750706512936                    0
                 0.5                    0     3.34521554245176                    0
                 0.5                    0     3.55855022704551                    0
                 0.5                    0     3.74528676612159                    0
                 0.5                    0     3.90579508104193                    0
                 0.5                    0     4.04266477110863                    0
                 0.5                    0     4.16009149285178                    0
                 0.5                    0     4.26316081099096                    0
                 0.5                    0     4.35715815583246                    0
                 0.5                    0     4.44699743264281                    0
                 0.5                    0     4.53681235804876                    0
                 0.5                    0     4.62971059534969                    0
                 0.5                    0     4.72766311860302                    0
                 0.5                    0     4.83149356171861                    0
                 0.5                    0     4.94094015070869                    0
                 0.5                    0     5.05477688198383                    0
                 0.5                    0      5.1709913205221                    0
                 0.5                    0     5.28701782173784                    0
                 0.5                    0     5.40001671693022                    0
                 0.5                    0     5.50717650717186                    0
                 0.5                    0     5.60600419359739                    0
                 0.5                    0     5.69456453998297                    0
                 0.5                    0      5.7716350906883                    0
                 0.5                    0     5.83675884879773                    0
                 0.5                    0     5.89019612159697                    0
                 0.5                    0     5.93279537363063                    0
                 0.5                    0     5.96581511860951                    0
                 0.5                    0     5.99073249369948                    0
                 0.5                    0     6.00906960715871                    0
                 0.5                    0     6.02225866122901                    0
                 0.5                    0     6.03155482232136                    0
                 0.5                    0     6.03799511688939                    0
                 0.5                    0     6.04239435966276                    0
                 0.5                    0     6.04536589516595                    0
                 0.5                    0     6.04735517120767                    0
                 0.5                    0      6.0486766166091                    0
                 0.5                    0     6.04954761457168                    0
                  59                    0     6.05107577739739                    0
                   0                    0     6.05107577739739                    0
