#     thickness (A)        interface (A)       rho (1e-6/A^2)      irho (1e-6/A^2)
                   0     3.76956099894851                2.069                    0
    12.8615518171257     3.76956099894851     3.88437331485626                    0
    102.100426784234                    0     2.36713581531524                    0
                 0.5                    0     2.36713581531524                    0
                 0.5                    0     2.36601526358966                    0
                 0.5                    0     2.36376677810313                    0
                 0.5                    0      2.3603757074919                    0
                 0.5                    0     2.35582035583994                    0
                 0.5                    0     2.35007231822043                    0
                 0.5                    0     2.34309692498134                    0
                 0.5                    0     2.33485379195948                    0
                 0.5                    0      2.3252974729215                    0
                 0.5                    0     2.31437820953864                    0
                 0.5                    0     2.30204277310228                    0
                 0.5                    0      2.2882353909808                    0
                 0.5                    0     2.27289874951776                    0
                 0.5                    0     2.25597506369672                    0
                 0.5                    0      2.2374072024759                    0
                 0.5                    0     2.21713985726395                    0
                 0.5                    0     2.19512073960566                    0
                 0.5                    0     2.17130179282314                    0
                 0.5                    0     2.14564040116209                    0
                 0.5                    0     2.11810057897866                    0
                 0.5                    0     2.08865412172041                    0
                 0.5                    0      2.0572816999554                    0
                 0.5                    0     2.02397387753165                    0
                 0.5                    0     1.98873203514232                    0
                 0.5                    0     1.95156918116067                    0
                 0.5                    0     1.91251063261188                    0
                 0.5                    0     1.87159455057329                    0
                 0.5                    0     1.82887231613622                    0
                 0.5                    0     1.78440873530117                    0
                 0.5                    0     1.73828206378296                    0
                 0.5                    0     1.69058384562657                    0
                 0.5                    0      1.6414185627217                    0
                 0.5                    0     1.59090309568482                    0
                 0.5                    0     1.53916600007466                    0
                 0.5                    0     1.48634660543649                    0
                 0.5                    0     1.43259394814264                    0
                 0.5                    0     1.37806555232206                    0
                 0.5                    0     1.32292607626017                    0
                 0.5                    0     1.26734584441711                    0
                 0.5                    0     1.21149928757901                    0
                 0.5                    0     1.15556331555396                    0
                 0.5                    0     1.09971564819514                    0
                 0.5                    0     1.04413313133708                    0
                 0.5                    0    0.988990064445186                    0
                 0.5                    0    0.934456566409157                    0
                 0.5                    0    0.880697004997919                    0
                 0.5                    0    0.827868514128309                    0
                 0.5                    0    0.776119621445145                    0
                 0.5                    0    0.725589007027024                    0
                 0.5                    0    0.676404412712397                    0
                 0.5                    0    0.628681721137764                    0
                 0.5                    0    0.582524224828532                    0
                 0.5                    0    0.538022109486737                    0
                 0.5                    0    0.495252182982513                    0
                 0.5                    0    0.454277893428759                    0
                 0.5                    0    0.415149696727444                    0
                 0.5                    0    0.377905856023258                    0
                 0.5                    0    0.342573781241812                    0
                 0.5                    0    0.309172043154945                    0
                 0.5                    0    0.277713217684326                    0
                 0.5                    0    0.248207724273223                    0
                 0.5                    0    0.220668806529949                    0
                 0.5                    0    0.195118751843756                    0
                 0.5                    0    0.171596347430371                    0
                 0.5                    0    0.150165414417878                    0
                 0.5                    0    0.130924046737433                    0
                 0.5                    0    0.114013915496829                    0
                 0.5                    0    0.099628703218531                    0
                 0.5                    0    0.088020441653375                    0
                 0.5                    0    0.079502291411111                    0
                 0.5                    0   0.0744461802701189                    0
                 0.5                    0   0.0732737699778831                    0
                 0.5                    0   0.0764394993146835                    0
                 0.5                    0   0.0844049829825563                    0
                 0.5                    0   0.0976048270068745                    0
                 0.5                    0    0.116404906089539                    0
                 0.5                    0    0.141055247913064                    0
                 0.5                    0    0.171640757598008                    0
                 0.5                    0     0.20803394251196                    0
                 0.5                    0    0.249854410036589                    0
                 0.5                    0    0.296440075494024                    0
                 0.5                    0    0.346834644353769                    0
                 0.5                    0    0.399794994097848                    0
                 0.5                    0    0.453820620846417                    0
                 0.5                    0    0.507205450159396                    0
                 0.5                    0    0.558110217666997                    0
                 0.5                    0    0.604651522049592                    0
                 0.5                    0    0.645001774526476                    0
                 0.5                    0    0.677492836685242                    0
                 0.5                    0    0.700715333595463                    0
                 0.5                    0    0.713605570797477                    0
                 0.5                    0    0.715512713122838                    0
                 0.5                    0    0.706240356389857                    0
                 0.5                    0    0.686058712436351                    0
                 0.5                    0    0.655686133874545                    0
                 0.5                    0    0.616241374700882                    0
                 0.5                    0    0.569170537844598                    0
                 0.5                    0    0.516154828236983                    0
                 0.5                    0     0.45900677679912                    0
                 0.5                    0    0.399563363693335                    0
                 0.5                    0    0.339584378076714                    0
                 0.5                    0    0.280663440225176                    0
                 0.5                    0    0.224157514229964                    0
                 0.5                    0    0.171138670683062                    0
                 0.5                    0    0.122369583602443                    0
                 0.5                    0   0.0783020393523258                    0
                 0.5                    0   0.0390958428057202                    0
                 0.5                    0  0.00465410933230131                    0
                 0.5                    0  -0.0253298727850268                    0
                 0.5                    0  -0.0513192304012318                    0
                 0.5                    0  -0.0738782475642278                    0
                 0.5                    0  -0.0936192596039603                    0
                 0.5                    0   -0.111154767692612                    0
                 0.5                    0   -0.127056851141017                    0
                 0.5                    0   -0.141825036717917                    0
                 0.5                    0   -0.155863029336666                    0
                 0.5                    0   -0.169464155232267                    0
                 0.5                    0   -0.182805009082602                    0
                 0.5                    0   -0.195946587819298                    0
                 0.5                    0   -0.208842076019449                    0
                 0.5                    0   -0.221350360589297                    0
                 0.5                    0   -0.233254250202769                    0
                 0.5                    0   -0.244282235532731                    0
                 0.5                    0   -0.254132454079849                    0
                 0.5                    0     -0.2624973459945                    0
                 0.5                    0   -0.269087347698686                    0
                 0.5                    0   -0.273651916185875                    0
                 0.5                    0   -0.275996250413227                    0
                 0.5                    0    -0.27599230382017                    0
                 0.5                    0   -0.273583069200922                    0
                 0.5                    0   -0.268779646305657                    0
                 0.5                    0   -0.261651234784599                    0
                 0.5                    0   -0.252308875256463                    0
                 0.5                    0   -0.240884424667448                    0
                 0.5                    0   -0.227506831691287                    0
                 0.5                    0   -0.212278210975229                    0
                 0.5                    0   -0.195252448444614                    0
                 0.5                    0   -0.176419064114691                    0
                 0.5                    0    -0.15569479101284                    0
                 0.5                    0   -0.132924795230561                    0
                 0.5                    0   -0.107894681040288                    0
                 0.5                    0  -0.0803534390943652                    0
                 0.5                    0  -0.0500463737301772                    0
                 0.5                    0    -0.01675588165634                    0
                 0.5                    0   0.0196531355408466                    0
                 0.5                    0   0.0591873305476704                    0
                 0.5                    0    0.101683106227424                    0
                 0.5                    0    0.146773737679332                    0
                 0.5                    0     0.19386983006064                    0
                 0.5                    0    0.242156623824451                    0
                 0.5                    0    0.290610293758297                    0
                 0.5                    0    0.338033672288423                    0
                 0.5                    0    0.383109933501185                    0
                 0.5                    0    0.424470910690107                    0
                 0.5                    0    0.460775104127203                    0
                 0.5                    0    0.490789263108734                    0
                 0.5                    0    0.513466844316071                    0
                 0.5                    0     0.52801673513612                    0
                 0.5                    0    0.533956384387445                    0
                 0.5                    0    0.531144824341546                    0
                 0.5                    0    0.519792851102841                    0
                 0.5                    0    0.500449662830985                    0
                 0.5                    0    0.473967322218807                    0
                 0.5                    0    0.441446299372862                    0
                 0.5                    0    0.404166878256424                    0
                 0.5                    0    0.363512233551098                    0
                 0.5                    0    0.320889422436229                    0
                 0.5                    0    0.277654368895674                    0
                 0.5                    0    0.235046192173713                    0
                 0.5                    0    0.194135048360179                    0
                 0.5                    0     0.15578616137746                    0
                 0.5                    0    0.120641089911426                    0
                 0.5                    0   0.0891156888520808                    0
                 0.5                    0   0.0614128407712647                    0
                 0.5                    0    0.037546983336152                    0
                 0.5                    0   0.0173768219575826                    0
                 0.5                    0 0.000642417160061623                    0
                 0.5                    0  -0.0129969578015704                    0
                 0.5                    0  -0.0239272583428425                    0
                 0.5                    0  -0.0325487212988386                    0
                 0.5                    0  -0.0392509827627823                    0
                 0.5                    0  -0.0443948690929841                    0
                 0.5                    0  -0.0483007305157696                    0
                 0.5                    0  -0.0512426188879789                    0
                 0.5                    0  -0.0534472439350002                    0
                 0.5                    0  -0.0550964737250766                    0
                 0.5                    0  -0.0563321482794667                    0
                 0.5                    0  -0.0572621071906665                    0
                 0.5                    0  -0.0579665438956004                    0
                 0.5                    0  -0.0585040440614385                    0
                 0.5                    0  -0.0589169049417375                    0
                54.5                    0  -0.0602305493013215                    0
                   0                    0  -0.0602305493013215                    0
