#     thickness (A)        interface (A)       rho (1e-6/A^2)      irho (1e-6/A^2)
                  10                    0     5.00040164804068                    0
                 0.5                    0     5.00040164804068                    0
                 0.5                    0     5.00040164804068                    0
                 0.5                    0     5.00040164804068                    0
                 0.5                    0     5.00040164804068                    0
                 0.5                    0     5.00040164804068                    0
                 0.5                    0     4.99817967760835                    0
                 0.5                    0     4.99685481308818                    0
                 0.5                    0     4.99485188406197                    0
                 0.5                    0     4.99188842021768                    0
                 0.5                    0     4.98759718443706                    0
                 0.5                    0     4.98151549026859                    0
                 0.5                    0     4.97307943168608                    0
                 0.5                    0     4.96162578103864                    0
                 0.5                    0     4.94640425957004                    0
                 0.5                    0     4.92660233801551                    0
                 0.5                    0     4.90138360425422                    0
                 0.5                    0     4.86993905985641                    0
                 0.5                    0     4.83154862188235                    0
                 0.5                    0     4.78564788348839                    0
                 0.5                    0     4.73189319952749                    0
                 0.5                    0     4.67021682195669                    0
                 0.5                    0     4.60086347798386                    0
                 0.5                    0     4.52440068958142                    0
                 0.5                    0     4.44169730147371                    0
                 0.5                    0     4.35386791364165                    0
                 0.5                    0     4.26218480339691                    0
                 0.5                    0     4.16796295140595                    0
                 0.5                    0     4.07242742299118                    0
                 0.5                    0     3.97657515691433                    0
                 0.5                    0     3.88104488972906                    0
                 0.5                    0     3.78600937104623                    0
                 0.5                    0     3.69110320321907                    0
                 0.5                    0     3.59539762081595                    0
                 0.5                    0     3.49743035782026                    0
                 0.5                    0       3.395294463437                    0
                 0.5                    0     3.28678458616148                    0
                 0.5                    0     3.16959305626968                    0
                 0.5                    0     3.04154151798532                    0
                 0.5                    0     2.90082766657343                    0
                 0.5                    0     2.74626187347382                    0
                 0.5                    0     2.57746627186097                    0
                 0.5                    0     2.39501018504019                    0
                 0.5                    0     2.20046108482962                    0
                 0.5                    0     1.99633931246389                    0
                 0.5                    0     1.78597651202127                    0
                 0.5                    0     1.57329035562472                    0
                 0.5                    0     1.36249955230098                    0
                 0.5                    0     1.15781128397969                    0
                 0.5                    0    0.963116605750076                    0
                 0.5                    0    0.781727382492183                    0
                 0.5                    0    0.616181443950276                    0
                 0.5                    0    0.468132184139651                    0
                 0.5                    0    0.338326770712835                    0
                 0.5                    0    0.226665586201271                    0
                 0.5                    0    0.132326327031542                    0
                 0.5                    0    0.053930538048675                    0
                 0.5                    0  -0.0102713343116258                    0
                 0.5                    0  -0.0622183853119719                    0
                 0.5                    0   -0.103878637717777                    0
                 0.5                    0   -0.137120799907063                    0
                 0.5                    0   -0.163623584001837                    0
                 0.5                    0   -0.184822295378371                    0
                 0.5                    0   -0.201888322869319                    0
                 0.5                    0   -0.215734709164387                    0
                 0.5                    0   -0.227040068496383                    0
                 0.5                    0   -0.236283424696697                    0
                 0.5                    0   -0.243783646040713                    0
                 0.5                    0   -0.249738636246088                    0
                 0.5                    0   -0.254260960879495                    0
                 0.5                    0   -0.257407911637888                    0
                 0.5                    0   -0.259205014954078                    0
                 0.5                    0   -0.259662646062558                    0
                 0.5                    0   -0.258785750164547                    0
                 0.5                    0   -0.256576772591296                    0
                 0.5                    0   -0.253031852838566                    0
                 0.5                    0   -0.248130243223849                    0
                 0.5                    0   -0.241816873475518                    0
                 0.5                    0   -0.233978097641157                    0
                 0.5                    0   -0.224411021158511                    0
                 0.5                    0   -0.212787485191778                    0
                 0.5                    0   -0.198614812910831                    0
                 0.5                    0   -0.181196761200317                    0
                 0.5                    0   -0.159599639771054                    0
                 0.5                    0   -0.132630014575357                    0
                 0.5                    0  -0.0988314534528225                    0
                 0.5                    0  -0.0565079787827428                    0
                 0.5                    0 -0.00378084940185017                    0
                 0.5                    0   0.0613173003173971                    0
                 0.5                    0     0.14071115041713                    0
                 0.5                    0    0.236119962272708                    0
                 0.5                    0    0.348875416668227                    0
                 0.5                    0    0.479737930605072                    0
                 0.5                    0    0.628733711982007                    0
                 0.5                    0    0.795036398676298                    0
                 0.5                    0    0.976915067510852                    0
                 0.5                    0     1.17176439812904                    0
                 0.5                    0     1.37622331767287                    0
                 0.5                    0     1.58637680074329                    0
                 0.5                    0     1.79802352570654                    0
                 0.5                    0     2.00698191181755                    0
                 0.5                    0     2.20940059561178                    0
                 0.5                    0      2.4020379183814                    0
                 0.5                    0     2.58247880439451                    0
                 0.5                    0     2.74926578292475                    0
                 0.5                    0     2.90193223170151                    0
                 0.5                    0     3.04093806640727                    0
                 0.5                    0     3.16751892166863                    0
                 0.5                    0     3.28346769608526                    0
                 0.5                    0     3.39087137684254                    0
                 0.5                    0     3.49182660626468                    0
                 0.5                    0     3.58815581009991                    0
                 0.5                    0      3.6811438357831                    0
                 0.5                    0     3.77131488069842                    0
                 0.5                    0     3.85827200965547                    0
                 0.5                    0     3.94062588821593                    0
                 0.5                    0     4.01604228513849                    0
                 0.5                    0     4.08143440251081                    0
                 0.5                    0     4.13331117717683                    0
                 0.5                    0     4.16826425598575                    0
                 0.5                    0      4.1835379620025                    0
                 0.5                    0     4.17758852511512                    0
                 0.5                    0     4.15051593464199                    0
                 0.5                    0     4.10425776469666                    0
                 0.5                    0     4.04247511167503                    0
                 0.5                    0     3.97012948798441                    0
                 0.5                    0     3.89282681975081                    0
                 0.5                    0     3.81606528199158                    0
                 0.5                    0     3.74454642163412                    0
                 0.5                    0     3.68168600493955                    0
                 0.5                    0     3.62940117492154                    0
                 0.5                    0     3.58817547322459                    0
                 0.5                    0     3.55733812047711                    0
                 0.5                    0      3.5354570852911                    0
                 0.5                    0     3.52074269598654                    0
                 0.5                    0     3.51138314925988                    0
                 0.5                    0      3.5057711610552                    0
                 0.5                    0     3.50261758328418                    0
                 0.5                    0     3.50097321204757                    0
                 0.5                    0     3.50019103127189                    0
                 0.5                    0     3.49986003478934                    0
                 0.5                    0     3.49973351488853                    0
                 0.5                    0     3.49966427518394                    0
                 0.5                    0     3.49955003430208                    0
                 0.5                    0     3.49928588294695                    0
                 0.5                    0     3.49871728589922                    0
                 0.5                    0     3.49758655472324                    0
                 0.5                    0     3.49546786893088                    0
                 0.5                    0     3.49169097828901                    0
                 0.5                    0     3.48526174062524                    0
                 0.5                    0     3.47479782288229                    0
                 0.5                    0      3.4585077829815                    0
                 0.5                    0      3.4342471244236                    0
                 0.5                    0     3.39968066085809                    0
                 0.5                    0     3.35256280047799                    0
                 0.5                    0      3.2911163867281                    0
                 0.5                    0     3.21445288690515                    0
                 0.5                    0     3.12294423505043                    0
                 0.5                    0     3.01844401145792                    0
                 0.5                    0     2.90427351285787                    0
                 0.5                    0     2.78493730624833                    0
                 0.5                    0     2.66560109928824                    0
                 0.5                    0     2.55143059935342                    0
                 0.5                    0     2.44693037239452                    0
                 0.5                    0     2.35542171262108                    0
                 0.5                    0      2.2787581947167                    0
                 0.5                    0     2.21731174065731                    0
                 0.5                    0     2.17019379251288                    0
                 0.5                    0     2.13562714248221                    0
                 0.5                    0     2.11136609789676                    0
                 0.5                    0     2.09507528092519                    0
                 0.5                    0     2.08460984680832                    0
                 0.5                    0     2.07817775313844                    0
                 0.5                    0     2.07439570390259                    0
                 0.5                    0     2.07226817034625                    0
                 0.5                    0     2.07112326430916                    0
                 0.5                    0     2.07053410779237                    0
                 0.5                    0     2.07024489400693                    0
                 0.5                    0     2.07011137963309                    0
                 0.5                    0      2.0700585562857                    0
                 0.5                    0     2.07005445028095                    0
                 0.5                    0     2.07009801993042                    0
                 0.5                    0     2.07022015634727                    0
                 0.5                    0     2.07049902490266                    0
                 0.5                    0     2.07109363752452                    0
                 0.5                    0     2.07230171671925                    0
                 0.5                    0     2.07000003048971                    0
                 0.5                    0      2.0700000090678                    0
                 0.5                    0     2.07000000258267                    0
                 0.5                    0      2.0700000007044                    0
                 0.5                    0     2.07000000018396                    0
                 0.5                    0       2.070000000046                    0
                 0.5                    0     2.07000000001101                    0
                 0.5                    0     2.07000000000252                    0
                 0.5                    0     2.07000000000055                    0
                 0.5                    0     2.07000000000012                    0
                 0.5                    0     2.07000000000002                    0
                 0.5                    0                 2.07                    0
                 0.5                    0                 2.07                    0
                 0.5                    0                 2.07                    0
                 0.5                    0                 2.07                    0
                  10                    0                 2.07                    0
