# x	 y	 dy	 fy
1.003700000000000009e-01 1.209609480515740021e+00 5.000000000000000278e-02 1.219393400414253925e+00
1.010999999999999954e-01 1.206665344300569931e+00 5.000000000000000278e-02 1.231549425346726512e+00
1.018199999999999938e-01 1.230862620910269989e+00 5.000000000000000278e-02 1.243509769799136855e+00
1.025500000000000023e-01 1.270276484695100017e+00 5.000000000000000278e-02 1.255534597773596328e+00
1.032799999999999968e-01 1.278296348479929900e+00 5.000000000000000278e-02 1.267510188811607597e+00
1.039999999999999952e-01 1.271709625089620044e+00 5.000000000000000278e-02 1.279248081026103101e+00
1.047300000000000036e-01 1.303353488874450017e+00 5.000000000000000278e-02 1.291061457308640970e+00
1.054599999999999982e-01 1.323303352659279897e+00 5.000000000000000278e-02 1.302830185311569355e+00
1.061900000000000066e-01 1.329536216444120011e+00 5.000000000000000278e-02 1.314466835262364963e+00
1.069100000000000050e-01 1.362999493053810074e+00 5.000000000000000278e-02 1.325905340309876168e+00
1.076399999999999996e-01 1.396600356838640034e+00 5.000000000000000278e-02 1.337385192578798732e+00
1.083699999999999941e-01 1.396189220623470062e+00 5.000000000000000278e-02 1.348789255704296197e+00
1.090900000000000064e-01 1.391531497233170045e+00 5.000000000000000278e-02 1.359957495687548201e+00
1.098200000000000010e-01 1.379973361018000055e+00 5.000000000000000278e-02 1.371157684552735789e+00
1.105499999999999955e-01 1.402358224802829900e+00 5.000000000000000278e-02 1.382311857414347145e+00
1.112699999999999939e-01 1.421175501412520026e+00 5.000000000000000278e-02 1.393148100308764681e+00
1.120000000000000023e-01 1.435059365197359993e+00 5.000000000000000278e-02 1.404082205981283638e+00
1.127299999999999969e-01 1.445100228982189927e+00 5.000000000000000278e-02 1.414889060171383717e+00
1.134600000000000053e-01 1.466410092767020057e+00 5.000000000000000278e-02 1.425588834647977032e+00
1.141800000000000037e-01 1.465160369376709903e+00 5.000000000000000278e-02 1.436062754092930493e+00
1.149099999999999983e-01 1.468599233161540063e+00 5.000000000000000278e-02 1.446519180460716480e+00
1.156400000000000067e-01 1.471917096946369963e+00 5.000000000000000278e-02 1.456920468071192687e+00
1.163600000000000051e-01 1.493483373556069971e+00 5.000000000000000278e-02 1.467002676311902620e+00
1.170899999999999996e-01 1.517542237340899991e+00 5.000000000000000278e-02 1.477145427043665249e+00
1.178199999999999942e-01 1.521151101125729932e+00 5.000000000000000278e-02 1.487158234894226494e+00
1.185400000000000065e-01 1.534811377735429971e+00 5.000000000000000278e-02 1.496894370286319775e+00
1.192700000000000010e-01 1.534866241520260077e+00 5.000000000000000278e-02 1.506690689187260235e+00
1.199999999999999956e-01 1.526032105305090036e+00 5.000000000000000278e-02 1.516280802592707699e+00
1.207300000000000040e-01 1.550507969089919946e+00 5.000000000000000278e-02 1.525807313884622873e+00
1.214500000000000024e-01 1.579966245699609972e+00 5.000000000000000278e-02 1.535022062088185812e+00
1.221799999999999969e-01 1.571573109484440067e+00 5.000000000000000278e-02 1.544254331217057796e+00
1.229100000000000054e-01 1.576503973269270054e+00 5.000000000000000278e-02 1.553360255382701949e+00
1.236300000000000038e-01 1.586790249878970105e+00 5.000000000000000278e-02 1.562163519553087854e+00
1.243599999999999983e-01 1.596111113663799985e+00 5.000000000000000278e-02 1.571023686993508806e+00
1.250900000000000067e-01 1.609688977448630043e+00 5.000000000000000278e-02 1.579636734897836625e+00
1.258100000000000052e-01 1.622209254058329941e+00 5.000000000000000278e-02 1.588061513843722850e+00
1.265400000000000136e-01 1.622798117843160082e+00 5.000000000000000278e-02 1.596418808987102311e+00
1.272699999999999942e-01 1.635512981627990081e+00 5.000000000000000278e-02 1.604631258722483134e+00
1.280000000000000027e-01 1.619593845412820032e+00 5.000000000000000278e-02 1.612726808944562551e+00
1.287200000000000011e-01 1.626807122022509988e+00 5.000000000000000278e-02 1.620492518741917243e+00
1.294500000000000095e-01 1.649096985807350091e+00 5.000000000000000278e-02 1.628294039736346122e+00
1.301799999999999902e-01 1.668357849592180031e+00 5.000000000000000278e-02 1.635848798295004958e+00
1.308999999999999886e-01 1.658440126201869980e+00 5.000000000000000278e-02 1.643199254078851590e+00
1.316299999999999970e-01 1.661797989986699919e+00 5.000000000000000278e-02 1.650475311907579901e+00
1.323600000000000054e-01 1.668861853771530068e+00 5.000000000000000278e-02 1.657569522670298223e+00
1.330800000000000038e-01 1.664556130381229959e+00 5.000000000000000278e-02 1.664465797780139367e+00
1.338100000000000123e-01 1.690157994166060051e+00 5.000000000000000278e-02 1.671196147104306196e+00
1.345399999999999929e-01 1.703342857950890021e+00 5.000000000000000278e-02 1.677845046545689334e+00
1.352599999999999913e-01 1.703184134560590035e+00 5.000000000000000278e-02 1.684166134413646709e+00
1.359899999999999998e-01 1.716124998345420094e+00 5.000000000000000278e-02 1.690440958406468352e+00
1.367200000000000082e-01 1.722723862130250083e+00 5.000000000000000278e-02 1.696551035440202249e+00
1.374499999999999889e-01 1.720912725915080044e+00 5.000000000000000278e-02 1.702440500155387060e+00
1.381699999999999873e-01 1.724352002524770056e+00 5.000000000000000278e-02 1.708167670993348652e+00
1.388999999999999957e-01 1.733304866309600012e+00 5.000000000000000278e-02 1.713669087126840296e+00
1.396300000000000041e-01 1.737887730094429983e+00 5.000000000000000278e-02 1.719083647407553928e+00
1.403500000000000025e-01 1.760280006704129985e+00 5.000000000000000278e-02 1.724199678466804109e+00
1.410800000000000110e-01 1.764841870488959907e+00 5.000000000000000278e-02 1.729217594548309256e+00
1.418099999999999916e-01 1.775459734273789891e+00 5.000000000000000278e-02 1.734088807829070822e+00
1.425299999999999900e-01 1.785883010883489996e+00 5.000000000000000278e-02 1.738637430719488286e+00
1.432599999999999985e-01 1.783717874668319991e+00 5.000000000000000278e-02 1.743163452635319466e+00
1.439900000000000069e-01 1.803186738453149918e+00 5.000000000000000278e-02 1.747391795031247863e+00
1.447100000000000053e-01 1.827542015062840086e+00 5.000000000000000278e-02 1.751449897809995049e+00
1.454400000000000137e-01 1.825972878847669900e+00 5.000000000000000278e-02 1.755351647656863134e+00
1.461699999999999944e-01 1.828192742632499979e+00 5.000000000000000278e-02 1.759048128060969329e+00
1.468899999999999928e-01 1.820320019242199994e+00 5.000000000000000278e-02 1.762571188621105955e+00
1.476200000000000012e-01 1.775498883027029962e+00 5.000000000000000278e-02 1.765847939129547850e+00
1.483500000000000096e-01 1.774957746811860027e+00 5.000000000000000278e-02 1.769031545182456089e+00
1.490700000000000081e-01 1.788054023421560057e+00 5.000000000000000278e-02 1.771895574979059251e+00
1.497999999999999887e-01 1.802790887206390025e+00 5.000000000000000278e-02 1.774653759999428315e+00
1.505299999999999971e-01 1.803348750991220051e+00 5.000000000000000278e-02 1.777219559335322163e+00
1.512499999999999956e-01 1.820423027600909904e+00 5.000000000000000278e-02 1.779513434245505010e+00
1.519800000000000040e-01 1.829224891385750063e+00 5.000000000000000278e-02 1.781738894147860908e+00
1.527100000000000124e-01 1.820770755170580069e+00 5.000000000000000278e-02 1.783630701291160969e+00
1.534300000000000108e-01 1.811387031780270052e+00 5.000000000000000278e-02 1.785405547157653539e+00
1.541599999999999915e-01 1.817724895565099974e+00 5.000000000000000278e-02 1.786944182976706541e+00
1.548899999999999999e-01 1.815589759349929944e+00 5.000000000000000278e-02 1.788303647983003009e+00
1.556099999999999983e-01 1.819877035959629907e+00 5.000000000000000278e-02 1.789479888089166248e+00
1.563400000000000067e-01 1.822105899744459911e+00 5.000000000000000278e-02 1.790400471492652912e+00
1.570699999999999874e-01 1.812321763529290086e+00 5.000000000000000278e-02 1.791224160258083176e+00
1.577900000000000136e-01 1.797749040138989951e+00 5.000000000000000278e-02 1.791713595811180948e+00
1.585199999999999942e-01 1.810223903923819933e+00 5.000000000000000278e-02 1.792095745575265076e+00
1.592500000000000027e-01 1.814601767708649893e+00 5.000000000000000278e-02 1.792242123033356727e+00
1.599700000000000011e-01 1.836838044318340080e+00 5.000000000000000278e-02 1.792179247341940673e+00
1.607000000000000095e-01 1.844881908103169987e+00 5.000000000000000278e-02 1.791974932381052765e+00
1.614299999999999902e-01 1.863990771887999998e+00 5.000000000000000278e-02 1.791465132905495139e+00
1.621499999999999886e-01 1.862613048497699930e+00 5.000000000000000278e-02 1.790869833580519765e+00
1.628799999999999970e-01 1.838150912282529914e+00 5.000000000000000278e-02 1.789962482214936701e+00
1.636100000000000054e-01 1.827029776067359945e+00 5.000000000000000278e-02 1.788909787185364753e+00
1.643300000000000038e-01 1.801632052677059947e+00 5.000000000000000278e-02 1.787667770667580092e+00
1.650600000000000123e-01 1.803374916461889965e+00 5.000000000000000278e-02 1.786169958418961645e+00
1.657899999999999929e-01 1.788464780246719954e+00 5.000000000000000278e-02 1.784558796600991482e+00
1.665099999999999913e-01 1.794355056856409947e+00 5.000000000000000278e-02 1.782638169844198872e+00
1.672399999999999998e-01 1.796097920641239964e+00 5.000000000000000278e-02 1.780597605388148486e+00
1.679700000000000082e-01 1.799234784426070100e+00 5.000000000000000278e-02 1.778283566145307582e+00
1.686900000000000066e-01 1.795677061035769961e+00 5.000000000000000278e-02 1.775830774398877487e+00
1.694199999999999873e-01 1.790957924820600011e+00 5.000000000000000278e-02 1.773166176734555011e+00
1.701499999999999957e-01 1.808274788605430006e+00 5.000000000000000278e-02 1.770234132828250484e+00
1.708699999999999941e-01 1.811849065215130006e+00 5.000000000000000278e-02 1.767250786239324967e+00
1.716000000000000025e-01 1.827784928999959924e+00 5.000000000000000278e-02 1.763887884789626659e+00
1.723300000000000110e-01 1.793897792784789891e+00 5.000000000000000278e-02 1.760417913097781950e+00
1.730500000000000094e-01 1.755441069394479969e+00 5.000000000000000278e-02 1.756758508807617192e+00
1.737799999999999900e-01 1.751361933179309993e+00 5.000000000000000278e-02 1.752850063898229394e+00
1.745099999999999985e-01 1.736386796964140000e+00 5.000000000000000278e-02 1.748793998673364491e+00
1.752299999999999969e-01 1.747150073573839890e+00 5.000000000000000278e-02 1.744505097414307704e+00
1.759600000000000053e-01 1.762096937358669901e+00 5.000000000000000278e-02 1.740064985287602228e+00
1.766900000000000137e-01 1.761947801143499914e+00 5.000000000000000278e-02 1.735322543137076901e+00
1.774100000000000121e-01 1.776145077753199963e+00 5.000000000000000278e-02 1.730515307433444505e+00
1.781399999999999928e-01 1.772913653251489974e+00 5.000000000000000278e-02 1.725432729250792274e+00
1.788700000000000012e-01 1.761440880958569988e+00 5.000000000000000278e-02 1.720127157021569264e+00
1.795899999999999996e-01 1.753569941162800072e+00 5.000000000000000278e-02 1.714780996832442561e+00
1.803200000000000081e-01 1.732917168869869906e+00 5.000000000000000278e-02 1.709050416383815163e+00
1.810499999999999887e-01 1.710860396576940001e+00 5.000000000000000278e-02 1.703226967019355831e+00
1.817699999999999871e-01 1.701641456781179951e+00 5.000000000000000278e-02 1.697221982183301670e+00
1.824999999999999956e-01 1.705326684488249978e+00 5.000000000000000278e-02 1.690979135390314747e+00
1.832199999999999940e-01 1.704383744692490099e+00 5.000000000000000278e-02 1.684648915352937593e+00
1.839500000000000024e-01 1.720302972399559982e+00 5.000000000000000278e-02 1.677991228487577535e+00
1.846800000000000108e-01 1.704417200106630004e+00 5.000000000000000278e-02 1.671242575759152471e+00
1.854000000000000092e-01 1.680625260310860014e+00 5.000000000000000278e-02 1.664271179327685868e+00
1.861299999999999899e-01 1.686938488017940108e+00 5.000000000000000278e-02 1.657114409791292875e+00
1.868599999999999983e-01 1.698418715725009909e+00 5.000000000000000278e-02 1.649726232496164569e+00
1.875799999999999967e-01 1.663680775929240019e+00 5.000000000000000278e-02 1.642267933217909981e+00
1.883100000000000052e-01 1.654097003636310070e+00 5.000000000000000278e-02 1.634563434252188419e+00
1.890400000000000136e-01 1.642485231343389973e+00 5.000000000000000278e-02 1.626602612878031540e+00
1.897600000000000120e-01 1.671432291547620075e+00 5.000000000000000278e-02 1.618669175772391666e+00
1.904899999999999927e-01 1.674350519254689917e+00 5.000000000000000278e-02 1.610343651656730879e+00
1.912200000000000011e-01 1.649214746961759959e+00 5.000000000000000278e-02 1.601907442934669579e+00
1.919399999999999995e-01 1.621524807166000004e+00 5.000000000000000278e-02 1.593395782911246172e+00
1.926700000000000079e-01 1.600196034873069939e+00 5.000000000000000278e-02 1.584577327679894898e+00
1.933900000000000063e-01 1.601044095077309937e+00 5.000000000000000278e-02 1.575769758275023413e+00
1.941199999999999870e-01 1.627180322784379962e+00 5.000000000000000278e-02 1.566575835905515746e+00
1.948499999999999954e-01 1.612128550491449985e+00 5.000000000000000278e-02 1.557300390634949183e+00
1.955699999999999938e-01 1.593827610695679908e+00 5.000000000000000278e-02 1.547914481962431976e+00
1.963000000000000023e-01 1.560556838402759938e+00 5.000000000000000278e-02 1.538273249360406769e+00
1.970300000000000107e-01 1.558230066109830059e+00 5.000000000000000278e-02 1.528470951738750472e+00
1.977500000000000091e-01 1.564715126314059956e+00 5.000000000000000278e-02 1.518605699887052962e+00
1.984799999999999898e-01 1.569559354021129893e+00 5.000000000000000278e-02 1.508522353978552610e+00
1.991999999999999882e-01 1.544965414225369926e+00 5.000000000000000278e-02 1.498310421793500380e+00
1.999299999999999966e-01 1.526032641932439926e+00 5.000000000000000278e-02 1.487884792781585030e+00
2.006600000000000050e-01 1.472679869639510031e+00 5.000000000000000278e-02 1.477254899410036293e+00
2.013800000000000034e-01 1.459355929843749955e+00 5.000000000000000278e-02 1.466635335885716929e+00
2.021100000000000119e-01 1.450102157550819948e+00 5.000000000000000278e-02 1.455740237085769717e+00
2.028300000000000103e-01 1.480882217755050023e+00 5.000000000000000278e-02 1.444793168564943997e+00
2.035599999999999909e-01 1.489640445462129925e+00 5.000000000000000278e-02 1.433624828174164367e+00
2.042899999999999994e-01 1.493656673169200033e+00 5.000000000000000278e-02 1.422216159901737331e+00
2.050099999999999978e-01 1.489243733373430079e+00 5.000000000000000278e-02 1.410884767806332540e+00
2.057400000000000062e-01 1.455272961080499972e+00 5.000000000000000278e-02 1.399228005239329553e+00
2.064699999999999869e-01 1.422384188787580106e+00 5.000000000000000278e-02 1.387426683998177257e+00
2.071900000000000130e-01 1.408713248991809941e+00 5.000000000000000278e-02 1.375690792167899801e+00
2.079199999999999937e-01 1.348510476698880023e+00 5.000000000000000278e-02 1.363588458039185269e+00
2.086500000000000021e-01 1.343915704405949985e+00 5.000000000000000278e-02 1.351421241525271100e+00
2.093700000000000006e-01 1.301387764610189901e+00 5.000000000000000278e-02 1.339225868662258900e+00
2.101000000000000090e-01 1.286696992317259980e+00 5.000000000000000278e-02 1.326770514511066201e+00
2.108200000000000074e-01 1.297805052521499913e+00 5.000000000000000278e-02 1.314354704079098823e+00
2.115499999999999881e-01 1.309356280228570091e+00 5.000000000000000278e-02 1.301620965146877307e+00
2.122799999999999965e-01 1.331096507935640050e+00 5.000000000000000278e-02 1.288815651618531399e+00
2.129999999999999949e-01 1.294636568139879929e+00 5.000000000000000278e-02 1.275988891473725184e+00
2.137300000000000033e-01 1.263926795846950002e+00 5.000000000000000278e-02 1.262929491043805585e+00
2.144500000000000017e-01 1.286792856051180101e+00 5.000000000000000278e-02 1.249890882983703433e+00
2.151800000000000102e-01 1.262028083758250041e+00 5.000000000000000278e-02 1.236576839606652989e+00
2.159099999999999908e-01 1.206191311465329985e+00 5.000000000000000278e-02 1.223160014598848599e+00
2.166299999999999892e-01 1.183370371669560051e+00 5.000000000000000278e-02 1.209785507074609967e+00
2.173599999999999977e-01 1.155743599376630071e+00 5.000000000000000278e-02 1.196174349984713059e+00
2.180799999999999961e-01 1.101232659580869910e+00 5.000000000000000278e-02 1.182572786195082548e+00
2.188100000000000045e-01 1.125248887287940036e+00 5.000000000000000278e-02 1.168731709637093719e+00
2.195400000000000129e-01 1.166132114995009905e+00 5.000000000000000278e-02 1.154764882973262408e+00
2.202600000000000113e-01 1.172638175199250066e+00 5.000000000000000278e-02 1.140895979721602282e+00
2.209899999999999920e-01 1.145025402906320044e+00 5.000000000000000278e-02 1.126759889166978557e+00
2.217099999999999904e-01 1.126596463110550062e+00 5.000000000000000278e-02 1.112685055561252634e+00
2.224399999999999988e-01 1.096225690817620002e+00 5.000000000000000278e-02 1.098372107809300724e+00
2.231700000000000073e-01 1.096561918524699974e+00 5.000000000000000278e-02 1.083919046240334749e+00
2.238900000000000057e-01 1.114014978728929961e+00 5.000000000000000278e-02 1.069610821876211482e+00
2.246199999999999863e-01 1.083944206436000091e+00 5.000000000000000278e-02 1.055010186986922616e+00
2.253400000000000125e-01 1.045983266640239995e+00 5.000000000000000278e-02 1.040521919283404539e+00
2.260699999999999932e-01 1.014481494347309942e+00 5.000000000000000278e-02 1.025781067013372017e+00
2.268000000000000016e-01 1.013031722054380079e+00 5.000000000000000278e-02 1.010920208048537328e+00
2.275200000000000000e-01 9.940257822586160419e-01 5.000000000000000278e-02 9.962291770382184497e-01
2.282500000000000084e-01 9.223710099656869943e-01 5.000000000000000278e-02 9.812301721393380527e-01
2.289700000000000069e-01 9.609060701699230211e-01 5.000000000000000278e-02 9.663855633120045363e-01
2.296999999999999875e-01 9.269472978769940363e-01 5.000000000000000278e-02 9.512687181430412586e-01
2.304299999999999959e-01 9.201035255840660509e-01 5.000000000000000278e-02 9.360733477266730551e-01
2.311499999999999944e-01 8.553645857883009906e-01 5.000000000000000278e-02 9.210547991219848463e-01
2.318800000000000028e-01 7.907608134953729717e-01 5.000000000000000278e-02 9.057273250534988440e-01
2.326000000000000012e-01 8.765318736996080551e-01 5.000000000000000278e-02 8.905844820973007891e-01
2.328300000000000092e-01 9.611897262648499973e-01 5.000000000000000278e-02 8.857245649465773640e-01
2.333300000000000096e-01 9.200111014066789661e-01 5.000000000000000278e-02 8.751595276623965747e-01
2.337400000000000033e-01 9.497699690229800540e-01 5.000000000000000278e-02 8.664890297906526762e-01
2.340599999999999903e-01 8.528153291137510195e-01 5.000000000000000278e-02 8.596890652987457804e-01
2.346499999999999975e-01 9.302572117811109820e-01 5.000000000000000278e-02 8.471516307667917856e-01
2.347799999999999887e-01 7.406523893179860485e-01 5.000000000000000278e-02 8.443891451919547375e-01
2.355099999999999971e-01 7.057456170250580030e-01 5.000000000000000278e-02 8.288140633147532688e-01
2.355599999999999916e-01 9.124164545392410286e-01 5.000000000000000278e-02 8.277461026427398449e-01
2.362299999999999955e-01 7.489826772292930146e-01 5.000000000000000278e-02 8.134318184434398136e-01
2.364600000000000035e-01 8.897865297945349861e-01 5.000000000000000278e-02 8.084964724321579421e-01
2.369600000000000040e-01 7.329999049363650210e-01 5.000000000000000278e-02 7.977674593641541634e-01
2.373699999999999977e-01 8.766527725526650494e-01 5.000000000000000278e-02 7.889696686483913535e-01
2.376800000000000024e-01 7.009519651405999863e-01 5.000000000000000278e-02 7.822973828232182569e-01
2.382799999999999918e-01 8.564760153107959795e-01 5.000000000000000278e-02 7.693695955536722364e-01
2.384100000000000108e-01 7.471661928476710512e-01 5.000000000000000278e-02 7.665685749786034231e-01
2.391399999999999915e-01 7.169114205547429952e-01 5.000000000000000278e-02 7.508060798828651849e-01
2.391800000000000037e-01 8.320800905660890034e-01 5.000000000000000278e-02 7.499411173636955086e-01
2.398599999999999899e-01 5.673344807589779659e-01 5.000000000000000278e-02 7.352367545378157843e-01
2.400899999999999979e-01 8.077213333242200255e-01 5.000000000000000278e-02 7.302547084395466515e-01
2.405899999999999983e-01 6.319377084660500188e-01 5.000000000000000278e-02 7.194090699879189810e-01
2.409999999999999920e-01 7.900885760823499471e-01 5.000000000000000278e-02 7.105156464575844710e-01
2.413099999999999967e-01 7.068337686702850231e-01 5.000000000000000278e-02 7.037862493996392965e-01
2.419000000000000039e-01 7.620596513376439729e-01 5.000000000000000278e-02 6.909549538202921504e-01
2.420400000000000051e-01 7.107469963773570543e-01 5.000000000000000278e-02 6.879102396150232890e-01
2.427600000000000036e-01 6.313230565815920459e-01 5.000000000000000278e-02 6.722386292913754557e-01
2.428099999999999981e-01 7.352648940957750012e-01 5.000000000000000278e-02 6.711489233252264652e-01
2.434900000000000120e-01 5.966762842886630391e-01 5.000000000000000278e-02 6.563289221855982403e-01
2.437199999999999922e-01 7.417841368539049851e-01 5.000000000000000278e-02 6.513162747413127063e-01
2.442199999999999926e-01 5.923475119957349877e-01 5.000000000000000278e-02 6.404018597806373503e-01
2.446200000000000041e-01 7.213022121091989813e-01 5.000000000000000278e-02 6.316699490871804379e-01
2.449399999999999911e-01 5.594545721999699683e-01 5.000000000000000278e-02 6.246844205324153521e-01
2.455299999999999983e-01 6.888104548673289473e-01 5.000000000000000278e-02 6.117912538495710040e-01
2.456699999999999995e-01 6.511097999070419862e-01 5.000000000000000278e-02 6.087315601573045631e-01
2.463899999999999979e-01 5.902828601112769524e-01 5.000000000000000278e-02 5.929938796627155506e-01
2.464399999999999924e-01 6.607436976254600358e-01 5.000000000000000278e-02 5.919003954415297253e-01
2.471200000000000063e-01 6.035940878183490010e-01 5.000000000000000278e-02 5.770290100333994587e-01
2.473400000000000043e-01 6.319257728807540220e-01 5.000000000000000278e-02 5.722176794601810945e-01
2.478400000000000047e-01 5.734191480225839799e-01 5.000000000000000278e-02 5.612813830537141113e-01
2.482499999999999984e-01 6.226440156388840519e-01 5.000000000000000278e-02 5.523130422558613084e-01
2.485700000000000132e-01 5.915163757296549862e-01 5.000000000000000278e-02 5.453133616331463651e-01
2.491599999999999926e-01 6.186362583970149709e-01 5.000000000000000278e-02 5.324101221096925185e-01
2.492900000000000116e-01 5.794424359338899988e-01 5.000000000000000278e-02 5.295672885400892760e-01
2.500200000000000200e-01 7.086596636409620009e-01 5.000000000000000278e-02 5.136037425732296047e-01
2.500600000000000045e-01 5.989843336523079653e-01 5.000000000000000278e-02 5.127296793972079270e-01
2.507499999999999729e-01 6.401478913480339594e-01 5.000000000000000278e-02 4.976520896108291847e-01
2.509700000000000264e-01 5.513225764104390247e-01 5.000000000000000278e-02 4.928447421427071262e-01
2.514700000000000268e-01 5.483319515522689924e-01 5.000000000000000278e-02 4.819241970087199123e-01
2.518799999999999928e-01 5.192118191685689554e-01 5.000000000000000278e-02 4.729759700232396558e-01
2.527800000000000047e-01 5.079938944238630016e-01 5.000000000000000278e-02 4.533427399105833810e-01
2.536900000000000266e-01 4.962161371819939770e-01 5.000000000000000278e-02 4.335155640821409806e-01
2.545999999999999930e-01 4.817773799401239843e-01 5.000000000000000278e-02 4.137266077692370314e-01
2.555000000000000049e-01 4.388794551954179890e-01 5.000000000000000278e-02 3.941856550144031690e-01
2.564100000000000268e-01 4.171306979535480131e-01 5.000000000000000278e-02 3.744605250106253780e-01
2.573199999999999932e-01 3.950069407116790221e-01 5.000000000000000278e-02 3.547889874481981454e-01
2.582200000000000051e-01 3.624400159669730059e-01 5.000000000000000278e-02 3.353846728271188127e-01
2.591300000000000270e-01 3.667812587251029766e-01 5.000000000000000278e-02 3.158106306325680346e-01
2.600299999999999834e-01 3.498043339803970087e-01 5.000000000000000278e-02 2.965025450137573904e-01
2.609400000000000053e-01 3.441665767385270192e-01 5.000000000000000278e-02 2.770638699271315564e-01
2.618400000000000172e-01 3.074866519938210252e-01 5.000000000000000278e-02 2.578970688304807468e-01
2.627499999999999836e-01 2.592778947519520094e-01 5.000000000000000278e-02 2.385780314333666996e-01
2.636600000000000055e-01 2.103671375100819863e-01 5.000000000000000278e-02 2.193448316606645965e-01
2.645600000000000174e-01 2.537522127653760173e-01 5.000000000000000278e-02 2.004130136731520628e-01
2.654699999999999838e-01 2.589034555235060209e-01 5.000000000000000278e-02 1.813437001279381011e-01
2.663699999999999957e-01 2.468535307788000122e-01 5.000000000000000278e-02 1.625575801141848908e-01
2.672800000000000176e-01 1.814597735369309905e-01 5.000000000000000278e-02 1.436906950001642091e-01
2.681899999999999840e-01 2.008140162950609875e-01 5.000000000000000278e-02 1.249122968065812939e-01
2.690899999999999959e-01 2.054390915503550019e-01 5.000000000000000278e-02 1.064260281662626206e-01
2.700000000000000178e-01 1.681963343084849904e-01 5.000000000000000278e-02 8.784460640937741260e-02
2.708999999999999742e-01 1.948444095637789919e-01 5.000000000000000278e-02 6.959956574645731475e-02
2.718099999999999961e-01 2.257946523219100110e-01 5.000000000000000278e-02 5.124984623232578529e-02
2.727100000000000080e-01 2.056637275772039974e-01 5.000000000000000278e-02 3.320032733128663177e-02
2.736199999999999743e-01 1.390529703353340085e-01 5.000000000000000278e-02 1.510654012795289818e-02
2.745299999999999963e-01 1.338972130934640015e-01 5.000000000000000278e-02 1.240914994352946936e-02
2.754300000000000082e-01 1.340712883487580054e-01 5.000000000000000278e-02 2.052451425405334151e-02
2.763399999999999745e-01 1.539925311068890135e-01 5.000000000000000278e-02 3.825512972113424837e-02
2.772399999999999864e-01 1.513446063621829984e-01 5.000000000000000278e-02 5.561436380296739396e-02
2.781500000000000083e-01 4.948384912031299904e-02 5.000000000000000278e-02 7.304538557137421617e-02
2.790500000000000203e-01 5.252692437560679828e-02 5.000000000000000278e-02 9.016341677666893373e-02
2.799599999999999866e-01 1.053271671337370069e-01 5.000000000000000278e-02 1.072949908711991890e-01
2.808599999999999985e-01 8.414624238903109510e-02 5.000000000000000278e-02 1.240777284911115524e-01
2.817700000000000204e-01 4.984348514716149814e-02 5.000000000000000278e-02 1.409140392950631038e-01
2.826699999999999768e-01 3.019956040245539916e-02 5.000000000000000278e-02 1.574283311309719324e-01
2.835799999999999987e-01 7.415280316058579790e-02 5.000000000000000278e-02 1.739041042788422864e-01
2.844800000000000106e-01 9.148187841587969438e-02 5.000000000000000278e-02 1.900572605620872713e-01
2.853899999999999770e-01 6.701953265505609936e-02 5.000000000000000278e-02 2.062458299883057067e-01
2.862899999999999889e-01 5.246559192287209711e-02 5.000000000000000278e-02 2.220686548678149352e-01
2.872000000000000108e-01 4.173400740477480053e-02 5.000000000000000278e-02 2.378675182554645939e-01
2.881000000000000227e-01 2.413306667259070004e-02 5.000000000000000278e-02 2.533416265745918605e-01
2.890099999999999891e-01 2.385951784550659899e-02 5.000000000000000278e-02 2.688331257309238276e-01
2.899100000000000010e-01 1.222458577690709990e-03 5.000000000000000278e-02 2.839109282779643251e-01
2.908200000000000229e-01 4.865695690421199815e-02 5.000000000000000278e-02 2.989858496784281727e-01
2.917199999999999793e-01 6.708501617202790313e-02 5.000000000000000278e-02 3.137352335535495418e-01
2.926300000000000012e-01 1.021894316539310038e-01 5.000000000000000278e-02 3.284505957056358949e-01
2.935300000000000131e-01 1.456834909217470109e-01 5.000000000000000278e-02 3.427680764137489566e-01
2.944399999999999795e-01 1.747599064036489958e-01 5.000000000000000278e-02 3.570759886302364294e-01
2.953399999999999914e-01 1.880349656714649931e-01 5.000000000000000278e-02 3.710589111638271098e-01
2.962500000000000133e-01 2.069123811533679913e-01 5.000000000000000278e-02 3.849412507858041566e-01
2.971500000000000252e-01 2.388954404211839910e-01 5.000000000000000278e-02 3.984697697177491671e-01
2.980599999999999916e-01 2.244708559030859918e-01 5.000000000000000278e-02 4.119717031847428546e-01
2.989600000000000035e-01 2.298169151709019975e-01 5.000000000000000278e-02 4.251292729512783919e-01
2.998600000000000154e-01 2.702499744387180103e-01 5.000000000000000278e-02 4.380156202391158882e-01
3.007699999999999818e-01 2.963683899206209782e-01 5.000000000000000278e-02 4.508629509672196223e-01
3.016699999999999937e-01 2.759504491884369748e-01 5.000000000000000278e-02 4.633878261948767840e-01
3.025800000000000156e-01 2.799378646703399864e-01 5.000000000000000278e-02 4.757926540666026494e-01
3.034800000000000275e-01 3.041789239381549881e-01 5.000000000000000278e-02 4.878300188302996943e-01
3.043899999999999939e-01 3.161653394200579781e-01 5.000000000000000278e-02 4.998122603873308423e-01
3.052900000000000058e-01 3.246813986878739899e-01 5.000000000000000278e-02 5.114697838124091511e-01
3.061900000000000177e-01 3.380284579556899760e-01 5.000000000000000278e-02 5.228232799802542408e-01
3.070999999999999841e-01 3.409778734375930043e-01 5.000000000000000278e-02 5.341102097470478149e-01
3.079999999999999960e-01 3.638909327054090093e-01 5.000000000000000278e-02 5.450812759381379324e-01
3.089100000000000179e-01 3.939833481873110110e-01 5.000000000000000278e-02 5.559178055503386506e-01
3.098099999999999743e-01 4.203204074551269986e-01 5.000000000000000278e-02 5.663760397143038361e-01
3.107199999999999962e-01 4.134948229370299932e-01 5.000000000000000278e-02 5.767527078712481048e-01
3.116200000000000081e-01 4.116858822048459765e-01 5.000000000000000278e-02 5.868197740501301940e-01
3.125200000000000200e-01 4.153939414726620094e-01 5.000000000000000278e-02 5.965734590919514746e-01
3.134299999999999864e-01 4.354023569545639738e-01 5.000000000000000278e-02 6.062250680463386887e-01
3.143299999999999983e-01 4.449144162223799825e-01 5.000000000000000278e-02 6.155712524368898153e-01
3.152300000000000102e-01 4.495584754901960078e-01 5.000000000000000278e-02 6.246718494555020262e-01
3.161399999999999766e-01 4.605808909720989774e-01 5.000000000000000278e-02 6.335888920258735402e-01
3.170399999999999885e-01 4.724209502399149829e-01 5.000000000000000278e-02 6.422054137372488203e-01
3.179500000000000104e-01 4.865403657218180244e-01 5.000000000000000278e-02 6.507123401734563606e-01
3.188500000000000223e-01 4.998254249896330048e-01 5.000000000000000278e-02 6.588212955641991053e-01
3.197499999999999787e-01 5.014614842574489639e-01 5.000000000000000278e-02 6.667014187743628417e-01
3.206600000000000006e-01 5.224498997393519639e-01 5.000000000000000278e-02 6.744629372694855851e-01
3.215600000000000125e-01 5.274199590071679822e-01 5.000000000000000278e-02 6.819050308168744801e-01
3.224699999999999789e-01 5.332533744890709526e-01 5.000000000000000278e-02 6.891230231729742473e-01
3.233699999999999908e-01 5.395424337568870410e-01 5.000000000000000278e-02 6.960560504529624826e-01
3.242700000000000027e-01 5.443134930247029990e-01 5.000000000000000278e-02 7.027867178745476062e-01
3.251800000000000246e-01 5.582199085066049671e-01 5.000000000000000278e-02 7.092951893834630317e-01
3.260799999999999810e-01 5.686849677744210130e-01 5.000000000000000278e-02 7.154840577885662745e-01
3.269799999999999929e-01 5.801870270422370135e-01 5.000000000000000278e-02 7.214703308527025127e-01
3.278900000000000148e-01 5.909604425241400394e-01 5.000000000000000278e-02 7.273002018752229292e-01
3.287900000000000267e-01 6.034415017919559920e-01 5.000000000000000278e-02 7.327448203327752152e-01
3.296899999999999831e-01 6.211185610597720341e-01 5.000000000000000278e-02 7.379872132972834509e-01
3.306000000000000050e-01 6.380119765416739641e-01 5.000000000000000278e-02 7.430803964239455217e-01
3.315000000000000169e-01 6.462080358094900445e-01 5.000000000000000278e-02 7.478415980934168816e-01
3.323999999999999733e-01 6.554530950773059805e-01 5.000000000000000278e-02 7.523425568145817310e-01
3.333099999999999952e-01 6.625925105592089803e-01 5.000000000000000278e-02 7.566879788472492541e-01
3.342100000000000071e-01 6.737715698270250186e-01 5.000000000000000278e-02 7.607829518118642831e-01
3.351100000000000190e-01 6.806356290948409882e-01 5.000000000000000278e-02 7.645468138907225431e-01
3.360199999999999854e-01 6.912120445767430121e-01 5.000000000000000278e-02 7.681494383730832487e-01
3.369199999999999973e-01 6.962191038445589841e-01 5.000000000000000278e-02 7.715111805649546017e-01
3.378200000000000092e-01 7.022961631123749715e-01 5.000000000000000278e-02 7.746155810622156190e-01
3.387299999999999756e-01 7.089405785942779481e-01 5.000000000000000278e-02 7.774822180525950976e-01
3.396299999999999875e-01 7.124886378620940430e-01 5.000000000000000278e-02 7.801176176549260433e-01
3.405299999999999994e-01 7.094216971299099894e-01 5.000000000000000278e-02 7.825566508381950337e-01
3.414400000000000213e-01 7.115841126118119808e-01 5.000000000000000278e-02 7.847087238129475395e-01
3.423399999999999777e-01 7.205841718796279771e-01 5.000000000000000278e-02 7.866268531718935142e-01
3.432399999999999896e-01 7.274502311474440042e-01 5.000000000000000278e-02 7.883515793159687757e-01
3.441400000000000015e-01 7.275012904152600157e-01 5.000000000000000278e-02 7.898396441181031458e-01
3.450500000000000234e-01 7.361747058971630508e-01 5.000000000000000278e-02 7.910678150442879142e-01
3.459499999999999797e-01 7.399167651649789512e-01 5.000000000000000278e-02 7.920895277915688260e-01
3.468499999999999917e-01 7.402178244327940471e-01 5.000000000000000278e-02 7.929218635254953185e-01
3.477600000000000136e-01 7.413012399146969855e-01 5.000000000000000278e-02 7.934740291648363364e-01
3.486600000000000255e-01 7.419112991825129733e-01 5.000000000000000278e-02 7.938056458664264348e-01
3.495599999999999818e-01 7.475743584503290462e-01 5.000000000000000278e-02 7.939519524056786182e-01
3.504599999999999937e-01 7.462224177181450147e-01 5.000000000000000278e-02 7.938842002361496952e-01
3.513700000000000156e-01 7.438898332000479785e-01 5.000000000000000278e-02 7.935394430712301439e-01
3.522700000000000276e-01 7.564118924678630007e-01 5.000000000000000278e-02 7.930146635978581049e-01
3.531699999999999839e-01 7.544209517356790240e-01 5.000000000000000278e-02 7.923098095861759171e-01
3.540800000000000058e-01 7.416783672175819575e-01 5.000000000000000278e-02 7.913346038757076428e-01
3.549800000000000177e-01 7.370284264853980138e-01 5.000000000000000278e-02 7.901551464555480742e-01
3.558799999999999741e-01 7.420464857532139691e-01 5.000000000000000278e-02 7.888006768582005446e-01
3.567799999999999860e-01 7.347415450210299515e-01 5.000000000000000278e-02 7.872559576565707484e-01
3.576900000000000079e-01 7.273609605029329739e-01 5.000000000000000278e-02 7.854224580539413969e-01
3.585900000000000198e-01 7.347240197707479714e-01 5.000000000000000278e-02 7.834365872165373057e-01
3.594899999999999762e-01 7.321500790385639945e-01 5.000000000000000278e-02 7.812820177114266906e-01
3.603899999999999881e-01 7.343751383063800153e-01 5.000000000000000278e-02 7.788958717559070211e-01
3.613000000000000100e-01 7.314605537882830077e-01 5.000000000000000278e-02 7.762715908219008920e-01
3.622000000000000219e-01 7.268046130560990026e-01 5.000000000000000278e-02 7.735110623260965657e-01
3.630999999999999783e-01 7.200566723239150146e-01 5.000000000000000278e-02 7.705846186427098843e-01
3.639999999999999902e-01 7.068377315917300230e-01 5.000000000000000278e-02 7.673985959961520109e-01
3.649000000000000021e-01 6.972507908595459991e-01 5.000000000000000278e-02 7.640560590662873741e-01
3.658100000000000240e-01 6.970312063414489945e-01 5.000000000000000278e-02 7.605168064448496468e-01
3.667099999999999804e-01 6.820352656092649735e-01 5.000000000000000278e-02 7.568130769816773240e-01
3.676099999999999923e-01 6.781793248770809912e-01 5.000000000000000278e-02 7.529077220366391376e-01
3.685100000000000042e-01 6.670103841448969950e-01 5.000000000000000278e-02 7.488534879481500983e-01
3.694100000000000161e-01 6.731494434127129889e-01 5.000000000000000278e-02 7.446513679006777631e-01
3.703199999999999825e-01 6.758688588946150100e-01 5.000000000000000278e-02 7.401632035375953489e-01
3.712199999999999944e-01 6.648719181624309638e-01 5.000000000000000278e-02 7.355763185838453122e-01
3.721200000000000063e-01 6.689319774302470156e-01 5.000000000000000278e-02 7.308485825927769630e-01
3.730200000000000182e-01 6.686330366980629547e-01 5.000000000000000278e-02 7.259442892972705064e-01
3.739199999999999746e-01 6.608130959658790049e-01 5.000000000000000278e-02 7.208516422331977536e-01
3.748299999999999965e-01 6.475215114477820277e-01 5.000000000000000278e-02 7.155659476136276842e-01
3.757300000000000084e-01 6.322875707155980463e-01 5.000000000000000278e-02 7.102047730760446820e-01
3.766300000000000203e-01 6.254586299834139496e-01 5.000000000000000278e-02 7.046408371924236524e-01
3.775299999999999767e-01 6.283936892512289596e-01 5.000000000000000278e-02 6.989389362668517736e-01
3.784299999999999886e-01 6.208717485190450303e-01 5.000000000000000278e-02 6.931120761190969759e-01
3.793400000000000105e-01 6.134141640009479479e-01 5.000000000000000278e-02 6.870684706373083594e-01
3.802400000000000224e-01 5.942812232687639806e-01 5.000000000000000278e-02 6.809170664763388725e-01
3.811399999999999788e-01 5.838492825365799721e-01 5.000000000000000278e-02 6.746484751677583880e-01
3.820399999999999907e-01 5.703593418043959584e-01 5.000000000000000278e-02 6.682638422372442211e-01
3.829400000000000026e-01 5.700384010722120420e-01 5.000000000000000278e-02 6.617077346447906017e-01
3.838400000000000145e-01 5.670194603400270372e-01 5.000000000000000278e-02 6.550263583631477093e-01
3.847499999999999809e-01 5.596038758219300524e-01 5.000000000000000278e-02 6.481600265705194097e-01
3.856499999999999928e-01 5.640799350897459652e-01 5.000000000000000278e-02 6.412458833367165045e-01
3.865500000000000047e-01 5.553629943575619787e-01 5.000000000000000278e-02 6.341770002492528313e-01
3.874500000000000166e-01 5.332260536253780048e-01 5.000000000000000278e-02 6.270080937099010709e-01
3.883499999999999730e-01 5.321521128931939737e-01 5.000000000000000278e-02 6.197403536077323860e-01
3.892499999999999849e-01 5.265271721610099709e-01 5.000000000000000278e-02 6.123318488290133699e-01
3.901499999999999968e-01 5.037582314288250318e-01 5.000000000000000278e-02 6.048131893600547926e-01
3.910600000000000187e-01 4.920326469107280110e-01 5.000000000000000278e-02 5.971182073304190929e-01
3.919599999999999751e-01 4.940207061785439890e-01 5.000000000000000278e-02 5.894089634464652061e-01
3.928599999999999870e-01 4.867567654463599847e-01 5.000000000000000278e-02 5.815669585686826792e-01
3.937599999999999989e-01 4.675488247141760256e-01 5.000000000000000278e-02 5.736425969561261828e-01
3.946600000000000108e-01 4.427068839819919832e-01 5.000000000000000278e-02 5.656370922722907535e-01
3.955600000000000227e-01 4.340279432498079792e-01 5.000000000000000278e-02 5.575204470446866178e-01
3.964599999999999791e-01 4.394930025176230215e-01 5.000000000000000278e-02 5.493109238836348940e-01
3.973599999999999910e-01 4.316700617854389854e-01 5.000000000000000278e-02 5.410285521478616078e-01
3.982600000000000029e-01 4.293941210532549735e-01 5.000000000000000278e-02 5.326696020333651083e-01
3.991700000000000248e-01 4.152025365351579844e-01 5.000000000000000278e-02 5.241091292035017224e-01
4.000699999999999812e-01 4.004575958029740201e-01 5.000000000000000278e-02 5.155770586674373046e-01
4.009699999999999931e-01 3.828476550707899939e-01 5.000000000000000278e-02 5.069817307052116861e-01
4.018700000000000050e-01 3.702927143386059994e-01 5.000000000000000278e-02 4.983033576034808232e-01
4.027700000000000169e-01 3.562167736064220103e-01 5.000000000000000278e-02 4.895512457615671664e-01
4.036699999999999733e-01 3.470308328742370274e-01 5.000000000000000278e-02 4.807441668504330301e-01
4.045699999999999852e-01 3.384018921420530179e-01 5.000000000000000278e-02 4.718821512887907410e-01
4.054699999999999971e-01 3.241649514098690066e-01 5.000000000000000278e-02 4.629382560872396524e-01
4.063700000000000090e-01 3.221950106776850231e-01 5.000000000000000278e-02 4.539476413921606501e-01
4.072700000000000209e-01 3.064330699455010132e-01 5.000000000000000278e-02 4.449115098188147766e-01
4.081699999999999773e-01 2.927811292133170040e-01 5.000000000000000278e-02 4.358177330873828637e-01
4.090699999999999892e-01 2.843621884811329825e-01 5.000000000000000278e-02 4.266716109084122688e-01
4.099800000000000111e-01 2.736736039630360273e-01 5.000000000000000278e-02 4.173856982422274875e-01
4.108800000000000230e-01 2.609856632308509838e-01 5.000000000000000278e-02 4.081654594405366709e-01
4.117799999999999794e-01 2.577297224986669910e-01 5.000000000000000278e-02 3.988918382771569626e-01
4.126799999999999913e-01 2.513867817664829918e-01 5.000000000000000278e-02 3.895881526978560716e-01
4.135800000000000032e-01 2.361398410342989973e-01 5.000000000000000278e-02 3.802564158229719826e-01
4.144800000000000151e-01 2.235419003021149875e-01 5.000000000000000278e-02 3.708913426543976599e-01
4.153800000000000270e-01 2.147939595699309978e-01 5.000000000000000278e-02 3.614954288715481745e-01
4.162799999999999834e-01 2.184710188377469997e-01 5.000000000000000278e-02 3.520793871841374489e-01
4.171799999999999953e-01 2.133490781055630003e-01 5.000000000000000278e-02 3.426443694608981572e-01
4.180800000000000072e-01 1.906611373733790027e-01 5.000000000000000278e-02 3.331840199033871963e-01
4.189800000000000191e-01 1.741041966411940034e-01 5.000000000000000278e-02 3.237104234668421454e-01
4.198799999999999755e-01 1.706512559090100078e-01 5.000000000000000278e-02 3.142255996834235066e-01
4.207799999999999874e-01 1.669673151768260033e-01 5.000000000000000278e-02 3.047291363925905272e-01
4.216799999999999993e-01 1.509083744446420017e-01 5.000000000000000278e-02 2.952242282233561999e-01
4.225800000000000112e-01 1.478594337124579938e-01 5.000000000000000278e-02 2.857156722064931875e-01
4.234800000000000231e-01 1.366824929802739896e-01 5.000000000000000278e-02 2.762045657876144311e-01
4.243799999999999795e-01 1.303555522480900064e-01 5.000000000000000278e-02 2.666939912728360507e-01
4.252799999999999914e-01 1.200476115159059970e-01 5.000000000000000278e-02 2.571871899332828226e-01
4.261800000000000033e-01 1.049246707837220016e-01 5.000000000000000278e-02 2.476851911006385243e-01
4.270800000000000152e-01 1.004147300515370045e-01 5.000000000000000278e-02 2.381912295110362732e-01
4.279800000000000271e-01 8.208878931935330303e-02 5.000000000000000278e-02 2.287110261488511931e-01
4.288799999999999835e-01 8.480684858716920627e-02 5.000000000000000278e-02 2.192427681792082639e-01
4.297799999999999954e-01 8.393490785498509965e-02 5.000000000000000278e-02 2.097874851044641276e-01
4.306800000000000073e-01 4.099596712280099975e-02 5.000000000000000278e-02 2.003561770086055571e-01
4.315800000000000192e-01 1.947602639061679977e-02 5.000000000000000278e-02 1.909455795595494942e-01
4.324799999999999756e-01 2.851908565843270030e-02 5.000000000000000278e-02 1.815548278237178181e-01
4.333799999999999875e-01 3.734814492624859844e-02 5.000000000000000278e-02 1.721896228031021270e-01
4.342799999999999994e-01 2.537820419406449854e-02 5.000000000000000278e-02 1.628598429222691268e-01
4.351800000000000113e-01 8.666263461880390276e-03 5.000000000000000278e-02 1.535565342682216616e-01
4.360800000000000232e-01 4.774677270303709711e-03 5.000000000000000278e-02 1.442806467294099892e-01
4.369799999999999796e-01 3.050381997512160125e-03 5.000000000000000278e-02 1.350495847638292501e-01
4.378799999999999915e-01 1.002544126532800041e-02 5.000000000000000278e-02 1.258558087927789393e-01
4.387800000000000034e-01 1.081549946685609991e-02 5.000000000000000278e-02 1.166957687206314209e-01
4.396800000000000153e-01 6.119559800959840229e-03 5.000000000000000278e-02 1.075765232781623199e-01
4.405800000000000272e-01 1.717261906877570049e-02 5.000000000000000278e-02 9.851350654450544142e-02
4.414799999999999836e-01 1.284767833659159961e-02 5.000000000000000278e-02 8.949026573559733244e-02
4.423799999999999955e-01 8.459179233242490256e-03 5.000000000000000278e-02 8.050766139908872854e-02
4.432800000000000074e-01 8.629772606103860641e-03 5.000000000000000278e-02 7.158802921856202706e-02
4.441800000000000193e-01 3.758365978965230118e-03 5.000000000000000278e-02 6.272162776351969393e-02
4.450799999999999756e-01 1.287195935182659963e-02 5.000000000000000278e-02 5.390156048758085877e-02
4.459799999999999875e-01 1.692555272468789992e-02 5.000000000000000278e-02 4.513523027049959335e-02
4.468799999999999994e-01 2.624914609754929948e-02 5.000000000000000278e-02 3.644476395142681041e-02
4.477800000000000114e-01 5.279173947041070070e-02 5.000000000000000278e-02 2.780603129278173477e-02
4.486800000000000233e-01 5.819733284327210238e-02 5.000000000000000278e-02 1.921979577178695858e-02
4.495700000000000252e-01 4.483474184532389856e-02 5.000000000000000278e-02 1.080645284709801264e-02
4.504699999999999815e-01 4.062033521818519954e-02 5.000000000000000278e-02 5.793489498960485533e-03
4.513699999999999934e-01 5.642992859104659781e-02 5.000000000000000278e-02 6.017295374485182209e-03
4.522700000000000053e-01 6.725352196390789461e-02 5.000000000000000278e-02 1.433497087686906590e-02
4.531700000000000172e-01 7.865311533676930256e-02 5.000000000000000278e-02 2.255970661875922323e-02
4.540699999999999736e-01 9.789070870963069437e-02 5.000000000000000278e-02 3.072223151995488039e-02
4.549699999999999855e-01 1.084023020824920053e-01 5.000000000000000278e-02 3.882188378886968633e-02
4.558699999999999974e-01 1.171718954553530034e-01 5.000000000000000278e-02 4.682936104503681446e-02
4.567700000000000093e-01 1.236264888282150032e-01 5.000000000000000278e-02 5.475581701782747390e-02
4.576700000000000212e-01 1.222560822010760051e-01 5.000000000000000278e-02 6.261506497012052364e-02
4.585699999999999776e-01 1.318576755739369888e-01 5.000000000000000278e-02 7.040030160758196931e-02
4.594599999999999795e-01 1.517120845759890035e-01 5.000000000000000278e-02 7.799105196608091539e-02
4.603599999999999914e-01 1.557526779488510038e-01 5.000000000000000278e-02 8.559711924553489726e-02
4.612600000000000033e-01 1.680762713217119897e-01 5.000000000000000278e-02 9.313144438182746621e-02
4.621600000000000152e-01 1.784188646945729928e-01 5.000000000000000278e-02 1.005621727282389050e-01
4.630600000000000271e-01 1.901404580674349865e-01 5.000000000000000278e-02 1.079007784276183879e-01
4.639599999999999835e-01 2.024880514402959963e-01 5.000000000000000278e-02 1.151640255456485018e-01
4.648599999999999954e-01 2.036166448131579987e-01 5.000000000000000278e-02 1.223455053575245727e-01
4.657600000000000073e-01 2.203962381860190001e-01 5.000000000000000278e-02 1.294046920145113799e-01
4.666500000000000092e-01 2.324346471880709974e-01 5.000000000000000278e-02 1.363083157984826543e-01
4.675500000000000211e-01 2.387892405609320090e-01 5.000000000000000278e-02 1.432112428769350687e-01
4.684499999999999775e-01 2.315378339337930136e-01 5.000000000000000278e-02 1.500015361257438506e-01
4.693499999999999894e-01 2.350774273066550124e-01 5.000000000000000278e-02 1.566903265803181455e-01
4.702500000000000013e-01 2.456000206795160012e-01 5.000000000000000278e-02 1.632971620708973670e-01
4.711500000000000132e-01 2.485296140523780006e-01 5.000000000000000278e-02 1.698163210038964310e-01
4.720500000000000251e-01 2.678492074252389887e-01 5.000000000000000278e-02 1.762024347983258687e-01
4.729400000000000270e-01 2.718956164272909870e-01 5.000000000000000278e-02 1.824346970625746189e-01
4.738399999999999834e-01 2.632252098001520157e-01 5.000000000000000278e-02 1.886530238129163206e-01
4.747399999999999953e-01 2.672158031730130223e-01 5.000000000000000278e-02 1.947520187233812150e-01
4.756400000000000072e-01 2.836433965458750039e-01 5.000000000000000278e-02 2.007419148050313684e-01
4.765400000000000191e-01 2.927929899187359797e-01 5.000000000000000278e-02 2.066448146046656331e-01
4.774399999999999755e-01 3.089425832915970171e-01 5.000000000000000278e-02 2.124559158726340158e-01
4.783299999999999774e-01 3.247844666785140166e-01 5.000000000000000278e-02 2.180625974889068286e-01
4.792299999999999893e-01 3.321291562111249873e-01 5.000000000000000278e-02 2.236450291748782460e-01
4.801300000000000012e-01 3.399978457437359824e-01 5.000000000000000278e-02 2.291384065221669930e-01
4.810300000000000131e-01 3.395765352763460143e-01 5.000000000000000278e-02 2.345080131019893488e-01
4.819300000000000250e-01 3.448312248089570042e-01 5.000000000000000278e-02 2.397627412840376837e-01
4.828200000000000269e-01 3.454764622356499837e-01 5.000000000000000278e-02 2.448706302710001170e-01
4.837199999999999833e-01 3.343801517682600255e-01 5.000000000000000278e-02 2.499406353219524868e-01
4.846199999999999952e-01 3.241098413008710044e-01 5.000000000000000278e-02 2.548647502223389538e-01
4.855200000000000071e-01 3.447095308334819919e-01 5.000000000000000278e-02 2.596972342246291476e-01
4.864200000000000190e-01 3.559042203660919834e-01 5.000000000000000278e-02 2.644379529998281964e-01
4.873100000000000209e-01 3.626314577927849947e-01 5.000000000000000278e-02 2.690013369723187608e-01
4.882099999999999773e-01 3.817451473253959948e-01 5.000000000000000278e-02 2.734988558891732757e-01
4.891099999999999892e-01 3.888828368580060091e-01 5.000000000000000278e-02 2.779038506534445840e-01
4.900100000000000011e-01 3.803375263906170201e-01 5.000000000000000278e-02 2.822121024763789010e-01
4.909100000000000130e-01 3.841592159232269932e-01 5.000000000000000278e-02 2.863707064713411632e-01
4.918000000000000149e-01 3.766604533499199881e-01 5.000000000000000278e-02 2.903918752134188042e-01
4.927000000000000268e-01 3.862631428825309965e-01 5.000000000000000278e-02 2.943661842260415495e-01
4.935999999999999832e-01 3.868458324151409777e-01 5.000000000000000278e-02 2.982124417045405318e-01
4.944999999999999951e-01 3.937895219477520192e-01 5.000000000000000278e-02 3.019394074581427390e-01
4.953899999999999970e-01 4.044257593744450263e-01 5.000000000000000278e-02 3.055339332071788094e-01
4.962900000000000089e-01 4.045354489070550064e-01 5.000000000000000278e-02 3.090716690284930901e-01
4.971900000000000208e-01 4.010321384396660083e-01 5.000000000000000278e-02 3.124599337321726233e-01
4.980899999999999772e-01 4.142948279722770133e-01 5.000000000000000278e-02 3.157552397703043412e-01
4.989799999999999791e-01 4.178600653989690272e-01 5.000000000000000278e-02 3.189234643770844646e-01
4.998799999999999910e-01 4.201477549315800197e-01 5.000000000000000278e-02 3.219993973057357906e-01
5.007800000000000029e-01 4.257694444641910159e-01 5.000000000000000278e-02 3.249573060112952438e-01
5.016800000000000148e-01 4.269681339968010025e-01 5.000000000000000278e-02 3.278228079614768919e-01
5.025699999999999612e-01 4.245133714234939903e-01 5.000000000000000278e-02 3.305617456519959196e-01
5.034699999999999731e-01 4.241330609561049791e-01 5.000000000000000278e-02 3.331842553191398104e-01
5.043699999999999850e-01 4.216717504887150247e-01 5.000000000000000278e-02 3.357151177016888810e-01
5.052600000000000424e-01 4.272769879154080241e-01 5.000000000000000278e-02 3.381287546804727095e-01
5.061600000000000543e-01 4.301306774480190276e-01 5.000000000000000278e-02 3.404432463729477054e-01
5.070599999999999552e-01 4.302453669806289849e-01 5.000000000000000278e-02 3.426425562972499894e-01
5.079599999999999671e-01 4.320710565132400149e-01 5.000000000000000278e-02 3.447514150013972767e-01
5.088500000000000245e-01 4.340962939399329867e-01 5.000000000000000278e-02 3.467436957850896784e-01
5.097500000000000364e-01 4.339239834725430178e-01 5.000000000000000278e-02 3.486153347849441086e-01
5.106500000000000483e-01 4.424106730051540204e-01 5.000000000000000278e-02 3.503978186367169290e-01
5.115399999999999947e-01 4.477199104318470013e-01 5.000000000000000278e-02 3.520738968442421180e-01
5.124400000000000066e-01 4.474895999644569744e-01 5.000000000000000278e-02 3.536457988510446904e-01
5.133400000000000185e-01 4.471112894970680207e-01 5.000000000000000278e-02 3.551067771521174699e-01
5.142299999999999649e-01 4.480325269237609986e-01 5.000000000000000278e-02 3.564661337651182094e-01
5.151299999999999768e-01 4.509892164563710226e-01 5.000000000000000278e-02 3.577483347823183779e-01
5.160299999999999887e-01 4.498409059889820205e-01 5.000000000000000278e-02 3.588933906607502111e-01
5.169300000000000006e-01 4.430365955215920248e-01 5.000000000000000278e-02 3.599528495968637998e-01
5.178199999999999470e-01 4.499658329482850161e-01 5.000000000000000278e-02 3.609174706783245812e-01
5.187199999999999589e-01 4.529295224808960185e-01 5.000000000000000278e-02 3.617746663792784645e-01
5.196199999999999708e-01 4.538432120135060255e-01 5.000000000000000278e-02 3.625264424657256845e-01
5.205100000000000282e-01 4.613604494401989942e-01 5.000000000000000278e-02 3.631884658149442391e-01
5.214100000000000401e-01 4.683711389728100194e-01 5.000000000000000278e-02 3.637694181628420842e-01
5.223100000000000520e-01 4.714078285054210116e-01 5.000000000000000278e-02 3.642206006490089631e-01
5.231999999999999984e-01 4.656770659321129990e-01 5.000000000000000278e-02 3.645872324025880573e-01
5.241000000000000103e-01 4.615507554647240163e-01 5.000000000000000278e-02 3.648780388463269686e-01
5.249899999999999567e-01 4.595789928914170153e-01 5.000000000000000278e-02 3.650544493898797427e-01
5.258899999999999686e-01 4.579196824240269748e-01 5.000000000000000278e-02 3.651354499094849881e-01
5.267899999999999805e-01 4.590553719566379809e-01 5.000000000000000278e-02 3.651380846724532891e-01
5.276800000000000379e-01 4.534526093833309845e-01 5.000000000000000278e-02 3.650575088102394616e-01
5.285800000000000498e-01 4.545782989159409815e-01 5.000000000000000278e-02 3.648563200751530622e-01
5.294799999999999507e-01 4.577389884485519866e-01 5.000000000000000278e-02 3.645793292215964154e-01
5.303700000000000081e-01 4.528882258752440215e-01 5.000000000000000278e-02 3.642320135238789058e-01
5.312700000000000200e-01 4.483739154078549838e-01 5.000000000000000278e-02 3.637744604943286553e-01
5.321599999999999664e-01 4.495511528345479957e-01 5.000000000000000278e-02 3.632333101033587974e-01
5.330599999999999783e-01 4.517528423671590132e-01 5.000000000000000278e-02 3.626143798356579739e-01
5.339599999999999902e-01 4.501245318997689759e-01 5.000000000000000278e-02 3.619157974443394932e-01
5.348500000000000476e-01 4.470867693264620191e-01 5.000000000000000278e-02 3.611161651510680914e-01
5.357499999999999485e-01 4.453484588590719828e-01 5.000000000000000278e-02 3.602389386572370511e-01
5.366400000000000059e-01 4.389406962857649863e-01 5.000000000000000278e-02 3.593039232844385533e-01
5.375400000000000178e-01 4.399483858183759755e-01 5.000000000000000278e-02 3.582591369368278156e-01
5.384400000000000297e-01 4.378300753509870025e-01 5.000000000000000278e-02 3.571336143560139287e-01
5.393299999999999761e-01 4.411233127776790219e-01 5.000000000000000278e-02 3.559557503436576176e-01
5.402299999999999880e-01 4.468000023102899898e-01 5.000000000000000278e-02 3.546908099493676914e-01
5.411200000000000454e-01 4.490752397369829896e-01 5.000000000000000278e-02 3.533425870623056464e-01
5.420199999999999463e-01 4.529829292695929932e-01 5.000000000000000278e-02 3.519169907499564154e-01
5.429199999999999582e-01 4.547436188022039860e-01 5.000000000000000278e-02 3.504285427112783791e-01
5.438100000000000156e-01 4.551588562288970130e-01 5.000000000000000278e-02 3.488675182272917841e-01
5.447100000000000275e-01 4.522289106708419770e-01 5.000000000000000278e-02 3.472177901715340353e-01
5.455999999999999739e-01 4.549663157252900048e-01 5.000000000000000278e-02 3.455281525131825848e-01
5.464999999999999858e-01 4.550002758927100266e-01 5.000000000000000278e-02 3.437518963415246986e-01
5.473900000000000432e-01 4.473826809471579957e-01 5.000000000000000278e-02 3.419098522305553667e-01
5.482900000000000551e-01 4.512806411145769969e-01 5.000000000000000278e-02 3.399916793937061144e-01
5.491800000000000015e-01 4.488870461690249725e-01 5.000000000000000278e-02 3.380404403558005533e-01
5.500800000000000134e-01 4.519460063364439950e-01 5.000000000000000278e-02 3.359851912185580769e-01
5.509800000000000253e-01 4.519519665038639888e-01 5.000000000000000278e-02 3.338684390077398811e-01
5.518699999999999717e-01 4.553753715583119810e-01 5.000000000000000278e-02 3.317239050145686652e-01
5.527699999999999836e-01 4.592573317257310217e-01 5.000000000000000278e-02 3.294945755360566553e-01
5.536600000000000410e-01 4.601357367801789944e-01 5.000000000000000278e-02 3.272164211108612442e-01
5.545600000000000529e-01 4.544926969475989731e-01 5.000000000000000278e-02 3.248643138746391545e-01
5.554499999999999993e-01 4.389781020020470104e-01 5.000000000000000278e-02 3.224909991604546500e-01
5.563500000000000112e-01 4.348480621694659765e-01 5.000000000000000278e-02 3.200187118594229330e-01
5.572399999999999576e-01 4.429964672239140033e-01 5.000000000000000278e-02 3.175228152913970314e-01
5.581399999999999695e-01 4.341844273913340047e-01 5.000000000000000278e-02 3.149541804087511165e-01
5.590300000000000269e-01 4.224288324457819988e-01 5.000000000000000278e-02 3.123612848580575307e-01
5.599300000000000388e-01 4.184587926132010138e-01 5.000000000000000278e-02 3.096775011060539096e-01
5.608199999999999852e-01 4.161291976676489979e-01 5.000000000000000278e-02 3.069825936810483547e-01
5.617199999999999971e-01 4.181671578350690255e-01 5.000000000000000278e-02 3.042164344644115448e-01
5.626100000000000545e-01 4.149945628895170269e-01 5.000000000000000278e-02 3.014196901462957157e-01
5.635099999999999554e-01 4.131325230569359852e-01 5.000000000000000278e-02 2.985496492289947956e-01
5.644000000000000128e-01 4.125919281113840098e-01 5.000000000000000278e-02 2.956745617456658648e-01
5.653000000000000247e-01 4.078058882788039852e-01 5.000000000000000278e-02 2.927213129825479432e-01
5.661899999999999711e-01 4.040452933332520091e-01 5.000000000000000278e-02 2.897513474779166986e-01
5.670899999999999830e-01 3.958902535006709744e-01 5.000000000000000278e-02 2.867141436155138945e-01
5.679800000000000404e-01 3.877356585551189894e-01 5.000000000000000278e-02 2.836777193616300541e-01
5.688800000000000523e-01 3.852966187225390082e-01 5.000000000000000278e-02 2.805553457381567140e-01
5.697699999999999987e-01 3.787320237769870035e-01 5.000000000000000278e-02 2.774352037206927468e-01
5.706599999999999451e-01 3.621514288314349739e-01 5.000000000000000278e-02 2.742856832840817050e-01
5.715599999999999570e-01 3.598693889988540118e-01 5.000000000000000278e-02 2.710628349587845265e-01
5.724500000000000144e-01 3.551597940533020026e-01 5.000000000000000278e-02 2.678377863919855773e-01
5.733500000000000263e-01 3.475837542207220188e-01 5.000000000000000278e-02 2.645498268067222880e-01
5.742399999999999727e-01 3.416381592751699947e-01 5.000000000000000278e-02 2.612725501159283703e-01
5.751399999999999846e-01 3.308861194425889996e-01 5.000000000000000278e-02 2.579172393492071280e-01
5.760300000000000420e-01 3.341015244970370057e-01 5.000000000000000278e-02 2.545754122106158035e-01
5.769300000000000539e-01 3.268394846644570029e-01 5.000000000000000278e-02 2.511730563917848880e-01
5.778200000000000003e-01 3.354258897189050237e-01 5.000000000000000278e-02 2.477795991218812166e-01
5.787099999999999467e-01 3.375732947733530165e-01 5.000000000000000278e-02 2.443588217739915136e-01
5.796099999999999586e-01 3.246232549407719881e-01 5.000000000000000278e-02 2.408799737124060758e-01
5.805000000000000160e-01 3.160216599952199723e-01 5.000000000000000278e-02 2.374204768740702243e-01
5.814000000000000279e-01 3.064436201626399847e-01 5.000000000000000278e-02 2.338926356933217487e-01
5.822899999999999743e-01 2.986150252170879926e-01 5.000000000000000278e-02 2.303876388605173020e-01
5.831800000000000317e-01 2.906664302715359915e-01 5.000000000000000278e-02 2.268670164765208552e-01
5.840800000000000436e-01 2.739793904389549728e-01 5.000000000000000278e-02 2.232859766248855571e-01
5.849699999999999900e-01 2.663167954934029802e-01 5.000000000000000278e-02 2.197271660660817805e-01
5.858700000000000019e-01 2.662097556608229998e-01 5.000000000000000278e-02 2.161155313304029546e-01
5.867599999999999483e-01 2.665761607152710155e-01 5.000000000000000278e-02 2.125310886101914043e-01
5.876500000000000057e-01 2.466035657697190075e-01 5.000000000000000278e-02 2.089291006778432880e-01
5.885500000000000176e-01 2.312665259371380067e-01 5.000000000000000278e-02 2.052769100960056270e-01
5.894399999999999640e-01 2.266079309915859930e-01 5.000000000000000278e-02 2.016560635933383472e-01
5.903399999999999759e-01 2.247528911590060130e-01 5.000000000000000278e-02 1.979825408094484651e-01
5.912300000000000333e-01 2.234802962134539994e-01 5.000000000000000278e-02 1.943410361441644807e-01
5.921199999999999797e-01 2.243777012679019911e-01 5.000000000000000278e-02 1.906933134205741343e-01
5.939100000000000490e-01 2.200420664897690115e-01 5.000000000000000278e-02 1.833368738319788027e-01
5.947999999999999954e-01 2.026824715442170077e-01 5.000000000000000278e-02 1.796722583375232885e-01
5.957000000000000073e-01 1.821524317116370029e-01 5.000000000000000278e-02 1.759633746239561425e-01
5.965899999999999537e-01 1.778198367660850099e-01 5.000000000000000278e-02 1.722926266289953601e-01
5.974800000000000111e-01 1.806582418205329998e-01 5.000000000000000278e-02 1.686208170486262481e-01
5.983800000000000230e-01 1.721802019879520029e-01 5.000000000000000278e-02 1.649074585713021235e-01
5.992699999999999694e-01 1.689516070424000038e-01 5.000000000000000278e-02 1.612356883687086906e-01
6.001600000000000268e-01 1.602640120968480131e-01 5.000000000000000278e-02 1.575660817591669205e-01
6.010600000000000387e-01 1.626709722642679934e-01 5.000000000000000278e-02 1.538576382559290467e-01
6.019499999999999851e-01 1.502583773187159966e-01 5.000000000000000278e-02 1.501931213297858225e-01
6.028400000000000425e-01 1.456677823731639954e-01 5.000000000000000278e-02 1.465342746472353130e-01
6.037400000000000544e-01 1.252017425405829998e-01 5.000000000000000278e-02 1.428398113471083808e-01
6.046300000000000008e-01 1.206291475950310027e-01 5.000000000000000278e-02 1.391916754272345402e-01
6.055199999999999472e-01 1.101845526494800026e-01 5.000000000000000278e-02 1.355507081368964306e-01
6.064199999999999591e-01 1.010895128168989993e-01 5.000000000000000278e-02 1.318789520781750157e-01
6.073100000000000165e-01 1.144109178713469954e-01 5.000000000000000278e-02 1.282557374882485057e-01
6.081999999999999629e-01 1.272323229257950050e-01 5.000000000000000278e-02 1.246404595034402984e-01
6.090999999999999748e-01 1.378782830932140102e-01 5.000000000000000278e-02 1.209990767170615739e-01
6.099900000000000322e-01 1.264186881476629942e-01 5.000000000000000278e-02 1.174089727863060900e-01
6.108799999999999786e-01 1.014240932021110014e-01 5.000000000000000278e-02 1.138290938983521766e-01
6.117700000000000360e-01 1.096374982565589962e-01 5.000000000000000278e-02 1.102632781282251728e-01
6.126700000000000479e-01 1.105934584239779972e-01 5.000000000000000278e-02 1.066740475188759363e-01
6.135599999999999943e-01 1.111108634784259974e-01 5.000000000000000278e-02 1.031372845794384652e-01
6.144500000000000517e-01 9.558726853287430325e-02 5.000000000000000278e-02 9.961319873268584257e-02
6.153399999999999981e-01 7.991467358732229354e-02 5.000000000000000278e-02 9.611194304559207702e-02
6.162400000000000100e-01 6.431063375474170563e-02 5.000000000000000278e-02 9.258630012549692867e-02
6.171299999999999564e-01 6.188203880918979882e-02 5.000000000000000278e-02 8.911471781100432921e-02
6.180200000000000138e-01 5.877244386363789791e-02 5.000000000000000278e-02 8.566400609232005525e-02
6.189099999999999602e-01 6.970384891808589778e-02 5.000000000000000278e-02 8.223481911617423756e-02
6.198099999999999721e-01 6.300880908550539339e-02 5.000000000000000278e-02 7.878412409890221679e-02
6.207000000000000295e-01 7.561721413995349528e-02 5.000000000000000278e-02 7.538961015451668690e-02
6.215899999999999759e-01 7.442461919440150619e-02 5.000000000000000278e-02 7.202439480222640189e-02
6.224800000000000333e-01 7.781002424884959912e-02 5.000000000000000278e-02 6.867762246000756743e-02
6.233800000000000452e-01 4.866998441626899791e-02 5.000000000000000278e-02 6.531243441973626218e-02
6.242699999999999916e-01 2.286638947071700095e-02 5.000000000000000278e-02 6.201215305958964613e-02
6.251600000000000490e-01 2.463479452516510043e-02 5.000000000000000278e-02 5.873723321238665668e-02
6.260499999999999954e-01 3.587519957961320116e-02 5.000000000000000278e-02 5.548265017627143636e-02
6.269500000000000073e-01 4.897815974703260272e-02 5.000000000000000278e-02 5.221506032470814296e-02
6.278399999999999537e-01 6.147356480148059854e-02 5.000000000000000278e-02 4.901766882273449893e-02
6.287300000000000111e-01 3.773996985592879827e-02 5.000000000000000278e-02 4.584216501163426716e-02
6.296199999999999575e-01 1.913637491037679939e-02 5.000000000000000278e-02 4.268873942345797340e-02
6.305100000000000149e-01 2.978377996482490034e-02 5.000000000000000278e-02 3.956944532222676780e-02
6.314100000000000268e-01 2.958774013224430011e-02 5.000000000000000278e-02 3.644313191134062463e-02
6.322999999999999732e-01 2.636114518669229953e-02 5.000000000000000278e-02 3.337535485007328551e-02
6.331900000000000306e-01 2.468855024114050001e-02 5.000000000000000278e-02 3.033592983862748102e-02
6.340799999999999770e-01 1.003395529558850051e-02 5.000000000000000278e-02 2.733320097725179879e-02
6.349700000000000344e-01 2.464336035003659997e-02 5.000000000000000278e-02 2.435523987982033192e-02
6.358599999999999808e-01 2.498076540448460059e-02 5.000000000000000278e-02 2.140220491144716186e-02
6.367599999999999927e-01 3.454872557190410282e-02 5.000000000000000278e-02 1.845689894451716870e-02
6.376500000000000501e-01 1.515186937364780030e-02 5.000000000000000278e-02 1.557345708054034758e-02
6.385399999999999965e-01 1.465746431919980053e-02 5.000000000000000278e-02 1.271609201214983498e-02
6.394300000000000539e-01 1.433507998036319918e-02 5.000000000000000278e-02 9.892319882682633694e-03
6.403200000000000003e-01 2.542447941589980054e-02 5.000000000000000278e-02 7.106741240599981531e-03
6.412099999999999467e-01 3.149403881216290141e-02 5.000000000000000278e-02 4.348263597682617589e-03
6.421000000000000041e-01 3.840659820842599881e-02 5.000000000000000278e-02 1.660432129514261826e-03
6.430000000000000160e-01 1.417238667175750068e-02 5.000000000000000278e-02 2.004149849954099932e-03
6.438899999999999624e-01 1.413182727549439945e-02 5.000000000000000278e-02 3.753845532060201464e-03
6.447800000000000198e-01 2.719073212076869930e-02 5.000000000000000278e-02 6.381458095624045583e-03
6.456699999999999662e-01 4.681929151703170117e-02 5.000000000000000278e-02 8.970571516520267630e-03
6.465600000000000236e-01 1.282585091329480065e-02 5.000000000000000278e-02 1.152114732675267768e-02
6.474499999999999700e-01 1.396958969044210033e-02 5.000000000000000278e-02 1.404282500533883711e-02
6.483400000000000274e-01 2.690696970582090106e-02 5.000000000000000278e-02 1.653380618425970630e-02
6.492299999999999738e-01 4.390252910208399667e-02 5.000000000000000278e-02 1.897665657510140200e-02
6.501299999999999857e-01 3.707454422190060300e-02 5.000000000000000278e-02 2.141680927092916645e-02
6.510200000000000431e-01 7.272110361816369606e-02 5.000000000000000278e-02 2.379989082748494925e-02
6.519099999999999895e-01 4.857466301442669998e-02 5.000000000000000278e-02 2.614001699595105283e-02
6.528000000000000469e-01 2.906522241068979981e-02 5.000000000000000278e-02 2.844225484109751123e-02
6.536899999999999933e-01 4.808378180695289938e-02 5.000000000000000278e-02 3.071431599698752624e-02
6.545800000000000507e-01 6.200234120321589798e-02 5.000000000000000278e-02 3.295185158422751781e-02
6.554699999999999971e-01 5.605990059947899701e-02 5.000000000000000278e-02 3.514187400648217247e-02
6.563600000000000545e-01 5.974545999574210065e-02 5.000000000000000278e-02 3.730129210141491097e-02
6.572500000000000009e-01 5.035901939200509991e-02 5.000000000000000278e-02 3.943005829526224915e-02
6.581399999999999473e-01 5.515657878826819849e-02 5.000000000000000278e-02 4.151137450729912304e-02
6.590300000000000047e-01 6.101213818453130044e-02 5.000000000000000278e-02 4.355687393653664280e-02
6.599199999999999511e-01 6.066569758079429914e-02 5.000000000000000278e-02 4.557141529538529662e-02
6.608100000000000085e-01 5.404825697705740312e-02 5.000000000000000278e-02 4.754742493087411870e-02
6.617100000000000204e-01 5.200227209687399710e-02 5.000000000000000278e-02 4.949967620067857732e-02
6.625999999999999668e-01 6.281083149313700098e-02 5.000000000000000278e-02 5.139855985199425631e-02
6.634900000000000242e-01 7.421539088940010132e-02 5.000000000000000278e-02 5.326625800680519218e-02
6.643799999999999706e-01 7.917495028566319537e-02 5.000000000000000278e-02 5.508322360104003779e-02
6.652700000000000280e-01 6.893950968192620599e-02 5.000000000000000278e-02 5.686653209502994660e-02
6.661599999999999744e-01 7.055806907818930329e-02 5.000000000000000278e-02 5.861856366652991313e-02
6.670500000000000318e-01 6.087562847445240205e-02 5.000000000000000278e-02 6.032914659665750134e-02
6.679399999999999782e-01 7.426518787071539895e-02 5.000000000000000278e-02 6.199668508667498246e-02
6.688300000000000356e-01 7.650674726697849481e-02 5.000000000000000278e-02 6.363294845864361782e-02
6.697199999999999820e-01 7.899230666324159877e-02 5.000000000000000278e-02 6.523715147041989071e-02
6.706100000000000394e-01 8.501186605950460107e-02 5.000000000000000278e-02 6.678902964658169072e-02
6.714999999999999858e-01 6.781042545576769498e-02 5.000000000000000278e-02 6.830972426234302453e-02
6.723900000000000432e-01 7.649698485203079712e-02 5.000000000000000278e-02 6.979925540568295006e-02
6.732799999999999896e-01 7.664854424829380120e-02 5.000000000000000278e-02 7.124440648930951969e-02
6.741700000000000470e-01 7.759110364455690245e-02 5.000000000000000278e-02 7.265002153942938523e-02
6.750599999999999934e-01 7.085266304081999644e-02 5.000000000000000278e-02 7.402466520174411091e-02
6.759500000000000508e-01 7.577922243708300198e-02 5.000000000000000278e-02 7.536445488886801825e-02
6.768399999999999972e-01 7.366678183334610108e-02 5.000000000000000278e-02 7.665575761634488283e-02
6.777300000000000546e-01 8.336734122960920423e-02 5.000000000000000278e-02 7.791636266198147254e-02
6.786200000000000010e-01 8.662590062587219308e-02 5.000000000000000278e-02 7.914631193215272698e-02
6.795099999999999474e-01 8.504046002213530575e-02 5.000000000000000278e-02 8.032960402182913462e-02
6.804000000000000048e-01 9.502001941839839649e-02 5.000000000000000278e-02 8.147728148160894579e-02
6.812899999999999512e-01 7.588157881466139898e-02 5.000000000000000278e-02 8.259466759233297095e-02
6.821800000000000086e-01 7.437013821092450239e-02 5.000000000000000278e-02 8.367495300352552345e-02
6.830600000000000005e-01 8.746824188363409858e-02 5.000000000000000278e-02 8.469949904109703998e-02
6.839499999999999469e-01 5.846080127989709829e-02 5.000000000000000278e-02 8.570632532794900116e-02
6.848400000000000043e-01 5.958636067616020215e-02 5.000000000000000278e-02 8.668335511788555214e-02
6.857299999999999507e-01 5.914492007242330013e-02 5.000000000000000278e-02 8.761159547713009976e-02
6.866200000000000081e-01 5.899247946868629855e-02 5.000000000000000278e-02 8.850895081923165764e-02
6.875099999999999545e-01 7.338803886494940643e-02 5.000000000000000278e-02 8.937702705307319639e-02
6.884000000000000119e-01 8.695859826121249414e-02 5.000000000000000278e-02 9.020580861410482099e-02
6.892899999999999583e-01 7.550915765747549802e-02 5.000000000000000278e-02 9.099557920133134747e-02
6.901800000000000157e-01 8.341971705373860124e-02 5.000000000000000278e-02 9.175665215479074377e-02
6.910699999999999621e-01 6.803527645000169433e-02 5.000000000000000278e-02 9.248769501900259982e-02
6.919600000000000195e-01 7.878483584626469471e-02 5.000000000000000278e-02 9.317197433842720755e-02
6.928499999999999659e-01 8.733539524252779962e-02 5.000000000000000278e-02 9.382819746910101011e-02
6.937400000000000233e-01 8.358195463879089515e-02 5.000000000000000278e-02 9.445645307392215584e-02
6.946200000000000152e-01 7.369805831150040565e-02 5.000000000000000278e-02 9.503784825012288884e-02
6.955099999999999616e-01 3.519561770776349907e-02 5.000000000000000278e-02 9.559208931628923600e-02
6.964000000000000190e-01 1.137517710402649943e-02 5.000000000000000278e-02 9.611906315999370343e-02
6.972899999999999654e-01 1.169826349971040021e-02 5.000000000000000278e-02 9.661429459380498075e-02
6.981800000000000228e-01 1.752829589655269943e-02 5.000000000000000278e-02 9.706853750805571890e-02
6.990699999999999692e-01 3.411985529281569979e-02 5.000000000000000278e-02 9.749627006074265689e-02
6.999600000000000266e-01 2.142041468907879970e-02 5.000000000000000278e-02 9.789759432695779862e-02
7.008499999999999730e-01 1.153602591465809936e-02 5.000000000000000278e-02 9.825788828379627970e-02
7.017299999999999649e-01 7.090307775805139434e-02 5.000000000000000278e-02 9.858555366557276989e-02
7.026200000000000223e-01 7.292563715431449323e-02 5.000000000000000278e-02 9.889166326159840037e-02
7.035099999999999687e-01 7.698219655057760014e-02 5.000000000000000278e-02 9.916498773438377212e-02
7.044000000000000261e-01 5.637075594684060054e-02 5.000000000000000278e-02 9.940305333543990318e-02
7.052899999999999725e-01 1.494931534310369944e-02 5.000000000000000278e-02 9.961636757366161554e-02
7.061800000000000299e-01 1.661787473936680165e-02 5.000000000000000278e-02 9.980504370590334573e-02
7.070600000000000218e-01 2.269797841207630076e-02 5.000000000000000278e-02 9.995101120441568510e-02
7.079499999999999682e-01 5.426537808339380181e-03 5.000000000000000278e-02 1.000750338555343177e-01
7.088400000000000256e-01 3.543509720460250034e-02 5.000000000000000278e-02 1.001753072924556481e-01
7.097299999999999720e-01 7.621365660086550087e-02 5.000000000000000278e-02 1.002424470208144458e-01
7.106200000000000294e-01 7.918721599712859327e-02 5.000000000000000278e-02 1.002798713855105606e-01
7.115000000000000213e-01 5.107531966983810262e-02 5.000000000000000278e-02 1.002945947574502977e-01
7.123899999999999677e-01 4.146587906610119806e-02 5.000000000000000278e-02 1.002839988573688418e-01
7.132800000000000251e-01 2.303143846236430092e-02 5.000000000000000278e-02 1.002385181298331845e-01
7.141699999999999715e-01 1.092900214137270017e-02 5.000000000000000278e-02 1.001711674432120280e-01
7.150600000000000289e-01 3.642442745109599964e-03 5.000000000000000278e-02 1.000820735999095462e-01
7.159400000000000208e-01 5.329066092759990325e-02 5.000000000000000278e-02 9.996156553030716152e-02
7.168299999999999672e-01 1.080777967613700055e-02 5.000000000000000278e-02 9.981561230012588048e-02
7.177200000000000246e-01 1.076722027987389932e-02 5.000000000000000278e-02 9.964889451671045395e-02
7.186099999999999710e-01 1.184733911638909988e-02 5.000000000000000278e-02 9.945647162608871328e-02
7.195000000000000284e-01 4.462389851265220059e-02 5.000000000000000278e-02 9.923495922804738412e-02
7.203800000000000203e-01 6.000800218536180008e-02 5.000000000000000278e-02 9.899661079692302634e-02
7.212699999999999667e-01 3.084556158162480091e-02 5.000000000000000278e-02 9.873608302865434505e-02
7.221600000000000241e-01 4.884612097788790241e-02 5.000000000000000278e-02 9.844343949661969739e-02
7.230499999999999705e-01 3.858268037415100299e-02 5.000000000000000278e-02 9.813151713130240095e-02
7.239299999999999624e-01 1.048421595313949947e-02 5.000000000000000278e-02 9.780498403656062711e-02
7.248200000000000198e-01 7.418734344312359619e-02 5.000000000000000278e-02 9.744932074568683766e-02
7.257099999999999662e-01 7.380690283938659557e-02 5.000000000000000278e-02 9.707030064414613746e-02
7.265899999999999581e-01 1.098600651209620006e-02 5.000000000000000278e-02 9.667837373445881122e-02
7.274800000000000155e-01 1.032243409164070036e-02 5.000000000000000278e-02 9.626276469325925622e-02
7.283699999999999619e-01 5.854212530462230002e-02 5.000000000000000278e-02 9.582023865963071318e-02
7.292600000000000193e-01 3.811768470088539723e-02 5.000000000000000278e-02 9.536117534984149546e-02
7.301400000000000112e-01 1.020121162640509963e-02 5.000000000000000278e-02 9.489132652464775386e-02
7.310299999999999576e-01 1.035634776985800039e-02 5.000000000000000278e-02 9.439161302976749324e-02
7.319200000000000150e-01 1.980890716612110011e-02 5.000000000000000278e-02 9.387370658426753833e-02
7.328000000000000069e-01 1.007998916116940001e-02 5.000000000000000278e-02 9.334664630979248867e-02
7.336899999999999533e-01 3.538857023509370259e-02 5.000000000000000278e-02 9.279475994018925034e-02
7.345800000000000107e-01 3.194912963135679990e-02 5.000000000000000278e-02 9.222164630924113704e-02
7.354600000000000026e-01 2.496623330406630079e-02 5.000000000000000278e-02 9.164097721544370301e-02
7.363499999999999490e-01 9.918207299670619981e-03 5.000000000000000278e-02 9.103964840563677496e-02
7.372400000000000064e-01 9.877647903407549973e-03 5.000000000000000278e-02 9.041535949954819518e-02
7.381299999999999528e-01 2.304291149285549872e-02 5.000000000000000278e-02 8.977741554932444634e-02
7.390099999999999447e-01 9.796984834434939449e-03 5.000000000000000278e-02 8.913386003367247679e-02
7.399000000000000021e-01 9.756425438171869441e-03 5.000000000000000278e-02 8.846520077493960632e-02
7.407899999999999485e-01 9.715866041908809841e-03 5.000000000000000278e-02 8.778036115452712840e-02
7.416700000000000514e-01 9.675762369199250243e-03 5.000000000000000278e-02 8.709141429095042242e-02
7.425599999999999978e-01 9.635202972936190643e-03 5.000000000000000278e-02 8.638148871874162804e-02
7.434399999999999897e-01 3.955390069977340189e-02 5.000000000000000278e-02 8.566155689401414031e-02
7.443300000000000471e-01 2.571146009603639954e-02 5.000000000000000278e-02 8.492258890479521816e-02
7.452199999999999935e-01 2.561801949229949860e-02 5.000000000000000278e-02 8.417269635284574392e-02
7.460999999999999854e-01 9.473876834990959186e-03 5.000000000000000278e-02 8.341525358491541642e-02
7.469900000000000428e-01 9.433317438727889179e-03 5.000000000000000278e-02 8.263758371845157658e-02
7.478799999999999892e-01 1.189224195753520001e-02 5.000000000000000278e-02 8.185001019418611246e-02
7.487599999999999811e-01 2.016434563024470036e-02 5.000000000000000278e-02 8.105933826374067674e-02
7.496500000000000385e-01 9.312094973492199973e-03 5.000000000000000278e-02 8.024649792225262146e-02
7.505300000000000304e-01 1.202100869921730007e-02 5.000000000000000278e-02 7.943409034703198535e-02
7.514199999999999768e-01 5.271256809548040267e-02 5.000000000000000278e-02 7.860374892858151830e-02
7.523100000000000342e-01 8.341127491743479533e-03 5.000000000000000278e-02 7.775930838861698502e-02
7.531900000000000261e-01 9.150768835546970251e-03 5.000000000000000278e-02 7.691651796955727149e-02
7.540799999999999725e-01 1.005579056071610050e-02 5.000000000000000278e-02 7.605645599698712678e-02
7.549599999999999644e-01 1.576894233425640054e-03 5.000000000000000278e-02 7.519563122594917493e-02
7.558500000000000218e-01 9.029546370311289719e-03 5.000000000000000278e-02 7.431605653574833992e-02
7.567399999999999682e-01 8.988986974048219711e-03 5.000000000000000278e-02 7.342966957832527952e-02
7.576199999999999601e-01 8.948883301338679194e-03 5.000000000000000278e-02 7.254583543537375390e-02
7.585100000000000176e-01 3.410967609492440017e-02 5.000000000000000278e-02 7.164231560118571041e-02
7.593900000000000095e-01 4.948577976763399860e-02 5.000000000000000278e-02 7.074320756888079209e-02
7.602799999999999558e-01 5.593333916389699872e-02 5.000000000000000278e-02 6.982819132799125694e-02
7.611599999999999477e-01 1.934744283660659939e-02 5.000000000000000278e-02 6.891509396251545294e-02
7.620500000000000052e-01 6.241002232869629664e-03 5.000000000000000278e-02 6.798607370631609692e-02
7.629299999999999971e-01 5.194910590557919733e-02 5.000000000000000278e-02 6.706279150500633890e-02
7.638200000000000545e-01 5.155766530184219959e-02 5.000000000000000278e-02 6.612304140535289754e-02
7.647000000000000464e-01 8.626231025448209341e-03 5.000000000000000278e-02 6.518809363354799435e-02
7.655899999999999928e-01 3.514732837081489814e-02 5.000000000000000278e-02 6.423865922471572176e-02
7.664699999999999847e-01 4.659443204352439749e-02 5.000000000000000278e-02 6.329603258790748865e-02
7.673600000000000421e-01 1.798099143978749981e-02 5.000000000000000278e-02 6.233704563669627968e-02
7.682499999999999885e-01 3.115155083605049974e-02 5.000000000000000278e-02 6.137500614224450368e-02
7.691299999999999804e-01 4.144665450876010293e-02 5.000000000000000278e-02 6.042091227613567705e-02
7.700200000000000378e-01 8.383786094976839603e-03 5.000000000000000278e-02 5.945208194008937824e-02
7.709000000000000297e-01 5.278131757773270316e-02 5.000000000000000278e-02 5.849135405731811788e-02
7.717800000000000216e-01 5.391142125044229988e-02 5.000000000000000278e-02 5.752860267323001153e-02
7.726699999999999680e-01 7.891398064670529511e-02 5.000000000000000278e-02 5.655259843323686558e-02
7.735499999999999599e-01 8.012608431941489751e-02 5.000000000000000278e-02 5.558524367803273358e-02
7.744400000000000173e-01 8.870064371567790151e-02 5.000000000000000278e-02 5.460562603915843777e-02
7.753200000000000092e-01 6.783574738838750451e-02 5.000000000000000278e-02 5.363585309673283424e-02
7.762099999999999556e-01 5.711330678465049993e-02 5.000000000000000278e-02 5.265362757406327754e-02
7.770899999999999475e-01 9.527841045736010206e-02 5.000000000000000278e-02 5.168188769151591672e-02
7.779800000000000049e-01 7.735396985362319455e-02 5.000000000000000278e-02 5.069869284897958461e-02
7.788599999999999968e-01 4.012307352633270180e-02 5.000000000000000278e-02 4.972627950051427409e-02
7.797500000000000542e-01 6.189963292259580141e-02 5.000000000000000278e-02 4.874298864868310821e-02
7.806300000000000461e-01 7.764473659530529703e-02 5.000000000000000278e-02 4.777106626754430707e-02
7.815199999999999925e-01 5.547629599156839869e-02 5.000000000000000278e-02 4.678859575642106694e-02
7.823999999999999844e-01 7.627939966427789431e-02 5.000000000000000278e-02 4.581837691610311097e-02
7.832799999999999763e-01 8.555850333698750143e-02 5.000000000000000278e-02 4.484916244811262137e-02
7.841700000000000337e-01 7.917806273325060651e-02 5.000000000000000278e-02 4.387004894137173233e-02
7.850500000000000256e-01 7.407916640596010072e-02 5.000000000000000278e-02 4.290404133818997295e-02
7.859399999999999720e-01 8.280272580222319823e-02 5.000000000000000278e-02 4.192896572564554919e-02
7.868199999999999639e-01 8.164282947493270437e-02 5.000000000000000278e-02 4.096660112075038718e-02
7.877100000000000213e-01 6.979038887119580481e-02 5.000000000000000278e-02 3.999580966512644026e-02
7.885900000000000132e-01 8.509449254390540063e-02 5.000000000000000278e-02 3.903907514536446299e-02
7.894700000000000051e-01 9.826159621661489929e-02 5.000000000000000278e-02 3.808469171606521098e-02
7.903599999999999515e-01 8.987315561287799459e-02 5.000000000000000278e-02 3.712201895421545633e-02
7.912400000000000544e-01 9.839925928558750090e-02 5.000000000000000278e-02 3.617480686087997527e-02
7.921200000000000463e-01 1.001523629582970060e-01 5.000000000000000278e-02 3.523053073675362634e-02
7.930099999999999927e-01 6.991192235456010484e-02 5.000000000000000278e-02 3.427861139095728094e-02
7.938899999999999846e-01 6.210802602726969712e-02 5.000000000000000278e-02 3.334216961503726206e-02
7.947800000000000420e-01 6.205958542353279955e-02 5.000000000000000278e-02 3.239944249460314368e-02
7.956600000000000339e-01 3.848368909624230033e-02 5.000000000000000278e-02 3.147090647826478876e-02
7.965400000000000258e-01 3.417779276895179658e-02 5.000000000000000278e-02 3.054685779545393901e-02
7.974299999999999722e-01 6.281235216521489917e-02 5.000000000000000278e-02 2.961830585758326584e-02
7.983099999999999641e-01 8.044045583792450160e-02 5.000000000000000278e-02 2.870431766878749763e-02
7.991899999999999560e-01 8.318855951063400256e-02 5.000000000000000278e-02 2.779444786486435712e-02
8.000800000000000134e-01 7.200311890689710392e-02 5.000000000000000278e-02 2.688168014047178159e-02
8.009600000000000053e-01 6.973777420393369869e-03 5.000000000000000278e-02 2.598399619819805051e-02
