#     thickness (A)        interface (A)       rho (1e-6/A^2)      irho (1e-6/A^2)
                   0     3.35862441415718                2.069                    0
    10.3308764048771     3.35862441415718     3.28036857265534                    0
    115.419363271688                    0      2.2699167530334                    0
                 8.5                    0     2.26991675297025                    0
                 0.5                    0     2.27095023786769                    0
                 0.5                    0     2.27171791669381                    0
                 0.5                    0     2.27298748624314                    0
                 0.5                    0     2.27503847860688                    0
                 0.5                    0     2.27827518454149                    0
                 0.5                    0     2.28326488831725                    0
                 0.5                    0     2.29077902229757                    0
                 0.5                    0     2.30183292864479                    0
                 0.5                    0     2.31771784813873                    0
                 0.5                    0     2.34001688119997                    0
                 0.5                    0     2.37059549734585                    0
                 0.5                    0     2.41155729015916                    0
                 0.5                    0     2.46515761215396                    0
                 0.5                    0     2.53367178105362                    0
                 0.5                    0     2.61922063696849                    0
                 0.5                    0     2.72356374847321                    0
                 0.5                    0     2.84787838944911                    0
                 0.5                    0     2.99254901859035                    0
                 0.5                    0     3.15699575518288                    0
                 0.5                    0      3.3395698906666                    0
                 0.5                    0     3.53753910188747                    0
                 0.5                    0     3.74717499611522                    0
                 0.5                    0     3.96394223028958                    0
                 0.5                    0      4.1827738989655                    0
                 0.5                    0      4.3984048264378                    0
                 0.5                    0     4.60572535422021                    0
                 0.5                    0     4.80011499580452                    0
                 0.5                    0     4.97771859230393                    0
                 0.5                    0       5.135636684654                    0
                 0.5                    0      5.2720149057318                    0
                 0.5                    0     5.38603175951067                    0
                 0.5                    0     5.47779754175046                    0
                 0.5                    0      5.5481871743499                    0
                 0.5                    0     5.59863506226259                    0
                 0.5                    0     5.63092048142092                    0
                 0.5                    0     5.64696817469671                    0
                 0.5                    0     5.64868214233052                    0
                 0.5                    0     5.63782270386597                    0
                 0.5                    0     5.61592930682902                    0
                 0.5                    0     5.58428539646859                    0
                 0.5                    0     5.54391754946186                    0
                 0.5                    0     5.49561910940859                    0
                 0.5                    0     5.43998844633256                    0
                 0.5                    0     5.37747317389279                    0
                 0.5                    0     5.30841361436059                    0
                 0.5                    0     5.23308098713275                    0
                 0.5                    0     5.15170783437911                    0
                 0.5                    0     5.06450986734682                    0
                 0.5                    0     4.97169963665861                    0
                 0.5                    0     4.87349321565803                    0
                 0.5                    0     4.77011150824071                    0
                 0.5                    0     4.66177794084167                    0
                 0.5                    0       4.548714255712                    0
                 0.5                    0     4.43113595503747                    0
                 0.5                    0     4.30924869864836                    0
                 0.5                    0     4.18324666156492                    0
                 0.5                    0     4.05331353060452                    0
                 0.5                    0     3.91962647641716                    0
                 0.5                    0     3.78236309299462                    0
                 0.5                    0     3.64171096718112                    0
                 0.5                    0     3.49787924438879                    0
                 0.5                    0     3.35111131291169                    0
                 0.5                    0      3.2016975561315                    0
                 0.5                    0     3.04998703424529                    0
                 0.5                    0      2.8963969640261                    0
                 0.5                    0     2.74141896843666                    0
                 0.5                    0     2.58562126149196                    0
                 0.5                    0     2.42964620348688                    0
                 0.5                    0     2.27420298645645                    0
                 0.5                    0     2.12005556318903                    0
                 0.5                    0     1.96800628608158                    0
                 0.5                    0     1.81887604527315                    0
                 0.5                    0     1.67348196207039                    0
                 0.5                    0      1.5326138820137                    0
                 0.5                    0     1.39701100738398                    0
                 0.5                    0     1.26734000514445                    0
                 0.5                    0     1.14417582553358                    0
                 0.5                    0      1.0279862792407                    0
                 0.5                    0    0.919121164706431                    0
                 0.5                    0    0.817806434056502                    0
                 0.5                    0    0.724143561758845                    0
                 0.5                    0     0.63811395994969                    0
                 0.5                    0    0.559587992282737                    0
                 0.5                    0    0.488337894077776                    0
                 0.5                    0    0.424053725196487                    0
                 0.5                    0    0.366361372100423                    0
                 0.5                    0    0.314841579331893                    0
                 0.5                    0    0.269049024701676                    0
                 0.5                    0    0.228530548237608                    0
                 0.5                    0     0.19284179006873                    0
                 0.5                    0    0.161561672028927                    0
                 0.5                    0     0.13430435589854                    0
                 0.5                    0    0.110728512083269                    0
                 0.5                    0   0.0905439216516654                    0
                 0.5                    0   0.0735155996303758                    0
                 0.5                    0   0.0594657586048635                    0
                 0.5                    0   0.0482740223405257                    0
                 0.5                    0   0.0398763458225669                    0
                 0.5                    0   0.0342631004082906                    0
                 0.5                    0   0.0314767432037106                    0
                 0.5                    0   0.0316094134729993                    0
                 0.5                    0   0.0348006933177012                    0
                 0.5                    0   0.0412356443665667                    0
                 0.5                    0   0.0511430975541816                    0
                 0.5                    0   0.0647940408554108                    0
                 0.5                    0   0.0824998319235001                    0
                 0.5                    0    0.104609870291818                    0
                 0.5                    0    0.131508307190538                    0
                 0.5                    0    0.163609358033347                    0
                 0.5                    0    0.201350818265865                    0
                 0.5                    0    0.245185468946567                    0
                 0.5                    0     0.29557019143764                    0
                 0.5                    0    0.352952783839593                    0
                 0.5                    0     0.41775667397874                    0
                 0.5                    0    0.490363939782178                    0
                 0.5                    0    0.571097259875847                    0
                 0.5                    0    0.660201605860636                    0
                 0.5                    0    0.757826633749402                    0
                 0.5                    0    0.864010818233328                    0
                 0.5                    0    0.978668386315013                    0
                 0.5                    0     1.10158003833722                    0
                 0.5                    0     1.23238829315275                    0
                 0.5                    0     1.37059806608454                    0
                 0.5                    0     1.51558279674005                    0
                 0.5                    0     1.66659610861521                    0
                 0.5                    0     1.82278862883614                    0
                 0.5                    0     1.98322925247419                    0
                 0.5                    0     2.14692983027226                    0
                 0.5                    0     2.31287201777346                    0
                 0.5                    0      2.4800348693607                    0
                 0.5                    0     2.64742170716973                    0
                 0.5                    0     2.81408484818849                    0
                 0.5                    0     2.97914692971219                    0
                 0.5                    0     3.14181782115676                    0
                 0.5                    0     3.30140642849477                    0
                 0.5                    0     3.45732705965407                    0
                 0.5                    0     3.60910039497197                    0
                 0.5                    0     3.75634946544818                    0
                 0.5                    0     3.89879135456236                    0
                 0.5                    0     4.03622558315289                    0
                 0.5                    0     4.16852029454339                    0
                 0.5                    0     4.29559742021345                    0
                 0.5                    0      4.4174179749468                    0
                 0.5                    0     4.53396851287521                    0
                 0.5                    0     4.64524958748618                    0
                 0.5                    0      4.7512668199641                    0
                 0.5                    0     4.85202491462502                    0
                 0.5                    0     4.94752469171854                    0
                 0.5                    0     5.03776295889494                    0
                 0.5                    0     5.12273483200351                    0
                 0.5                    0       5.202437957458                    0
                 0.5                    0     5.27687799024976                    0
                 0.5                    0     5.34607464589955                    0
                 0.5                    0     5.41006766772159                    0
                 0.5                    0     5.46892212453525                    0
                 0.5                    0     5.52273256674417                    0
                 0.5                    0     5.57162570682072                    0
                 0.5                    0     5.61576143942339                    0
                 0.5                    0     5.65533216314528                    0
                 0.5                    0     5.69056049863298                    0
                 0.5                    0     5.72169560758905                    0
                 0.5                    0     5.74900839815888                    0
                 0.5                    0     5.77278595178942                    0
                 0.5                    0     5.79332552521164                    0
                 0.5                    0     5.81092847163984                    0
                 0.5                    0     5.82589439239515                    0
                 0.5                    0     5.83851577992542                    0
                 0.5                    0     5.84907335206601                    0
                 0.5                    0     5.85783221165928                    0
                 0.5                    0     5.86503890094238                    0
                 0.5                    0     5.87091936099866                    0
                 0.5                    0     5.87567775637017                    0
                 0.5                    0     5.87949608567009                    0
                 0.5                    0     5.88253447150195                    0
                 0.5                    0     5.88493200691891                    0
                 0.5                    0     5.88680802994217                    0
                 0.5                    0     5.88826370063851                    0
                 0.5                    0     5.88938376495757                    0
                 0.5                    0      5.8902384038905                    0
                 0.5                    0     5.89088508358123                    0
                 0.5                    0     5.89137034008447                    0
                  51                    0     5.89267642909971                    0
                   0                    0     5.89267642909971                    0
