# x	 y	 dy	 fy
1.003700000000000009e-01 1.209609480515740021e+00 5.000000000000000278e-02 1.280779364888438909e+00
1.010999999999999954e-01 1.206665344300569931e+00 5.000000000000000278e-02 1.292047359121918149e+00
1.018199999999999938e-01 1.230862620910269989e+00 5.000000000000000278e-02 1.303123382874117997e+00
1.025500000000000023e-01 1.270276484695100017e+00 5.000000000000000278e-02 1.314210304096707693e+00
1.032799999999999968e-01 1.278296348479929900e+00 5.000000000000000278e-02 1.325246573679788264e+00
1.039999999999999952e-01 1.271709625089620044e+00 5.000000000000000278e-02 1.336026932165367276e+00
1.047300000000000036e-01 1.303353488874450017e+00 5.000000000000000278e-02 1.346860669405936406e+00
1.054599999999999982e-01 1.323303352659279897e+00 5.000000000000000278e-02 1.357626852859361799e+00
1.061900000000000066e-01 1.329536216444120011e+00 5.000000000000000278e-02 1.368244993877336224e+00
1.069100000000000050e-01 1.362999493053810074e+00 5.000000000000000278e-02 1.378671833777701972e+00
1.076399999999999996e-01 1.396600356838640034e+00 5.000000000000000278e-02 1.389089425582403559e+00
1.083699999999999941e-01 1.396189220623470062e+00 5.000000000000000278e-02 1.399431405737094014e+00
1.090900000000000064e-01 1.391531497233170045e+00 5.000000000000000278e-02 1.409524345369260523e+00
1.098200000000000010e-01 1.379973361018000055e+00 5.000000000000000278e-02 1.419628514221846549e+00
1.105499999999999955e-01 1.402358224802829900e+00 5.000000000000000278e-02 1.429670528181291145e+00
1.112699999999999939e-01 1.421175501412520026e+00 5.000000000000000278e-02 1.439389288556317759e+00
1.120000000000000023e-01 1.435059365197359993e+00 5.000000000000000278e-02 1.449189163175657491e+00
1.127299999999999969e-01 1.445100228982189927e+00 5.000000000000000278e-02 1.458829545969905217e+00
1.134600000000000053e-01 1.466410092767020057e+00 5.000000000000000278e-02 1.468365463073511012e+00
1.141800000000000037e-01 1.465160369376709903e+00 5.000000000000000278e-02 1.477666389452596318e+00
1.149099999999999983e-01 1.468599233161540063e+00 5.000000000000000278e-02 1.486931658215570717e+00
1.156400000000000067e-01 1.471917096946369963e+00 5.000000000000000278e-02 1.496136397373892590e+00
1.163600000000000051e-01 1.493483373556069971e+00 5.000000000000000278e-02 1.505004509057319861e+00
1.170899999999999996e-01 1.517542237340899991e+00 5.000000000000000278e-02 1.513926131831228039e+00
1.178199999999999942e-01 1.521151101125729932e+00 5.000000000000000278e-02 1.522689133605725553e+00
1.185400000000000065e-01 1.534811377735429971e+00 5.000000000000000278e-02 1.531198708074372750e+00
1.192700000000000010e-01 1.534866241520260077e+00 5.000000000000000278e-02 1.539727708121298777e+00
1.199999999999999956e-01 1.526032105305090036e+00 5.000000000000000278e-02 1.548053399132292896e+00
1.207300000000000040e-01 1.550507969089919946e+00 5.000000000000000278e-02 1.556311656875011717e+00
1.214500000000000024e-01 1.579966245699609972e+00 5.000000000000000278e-02 1.564245864868885727e+00
1.221799999999999969e-01 1.571573109484440067e+00 5.000000000000000278e-02 1.572192139033315783e+00
1.229100000000000054e-01 1.576503973269270054e+00 5.000000000000000278e-02 1.579986249157439682e+00
1.236300000000000038e-01 1.586790249878970105e+00 5.000000000000000278e-02 1.587505792157316353e+00
1.243599999999999983e-01 1.596111113663799985e+00 5.000000000000000278e-02 1.595044478848784753e+00
1.250900000000000067e-01 1.609688977448630043e+00 5.000000000000000278e-02 1.602339560136722074e+00
1.258100000000000052e-01 1.622209254058329941e+00 5.000000000000000278e-02 1.609465000684917602e+00
1.265400000000000136e-01 1.622798117843160082e+00 5.000000000000000278e-02 1.616478084430489348e+00
1.272699999999999942e-01 1.635512981627990081e+00 5.000000000000000278e-02 1.623361910955507081e+00
1.280000000000000027e-01 1.619593845412820032e+00 5.000000000000000278e-02 1.630105136450470837e+00
1.287200000000000011e-01 1.626807122022509988e+00 5.000000000000000278e-02 1.636551914607851765e+00
1.294500000000000095e-01 1.649096985807350091e+00 5.000000000000000278e-02 1.643014542166614467e+00
1.301799999999999902e-01 1.668357849592180031e+00 5.000000000000000278e-02 1.649204760472671394e+00
1.308999999999999886e-01 1.658440126201869980e+00 5.000000000000000278e-02 1.655228922835409566e+00
1.316299999999999970e-01 1.661797989986699919e+00 5.000000000000000278e-02 1.661136328760439262e+00
1.323600000000000054e-01 1.668861853771530068e+00 5.000000000000000278e-02 1.666881439605499615e+00
1.330800000000000038e-01 1.664556130381229959e+00 5.000000000000000278e-02 1.672425060773817584e+00
1.338100000000000123e-01 1.690157994166060051e+00 5.000000000000000278e-02 1.677804256350447165e+00
1.345399999999999929e-01 1.703342857950890021e+00 5.000000000000000278e-02 1.683102101745779677e+00
1.352599999999999913e-01 1.703184134560590035e+00 5.000000000000000278e-02 1.688068918673196306e+00
1.359899999999999998e-01 1.716124998345420094e+00 5.000000000000000278e-02 1.692993317639360562e+00
1.367200000000000082e-01 1.722723862130250083e+00 5.000000000000000278e-02 1.697731446462221960e+00
1.374499999999999889e-01 1.720912725915080044e+00 5.000000000000000278e-02 1.702273113554394035e+00
1.381699999999999873e-01 1.724352002524770056e+00 5.000000000000000278e-02 1.706649516887358109e+00
1.388999999999999957e-01 1.733304866309600012e+00 5.000000000000000278e-02 1.710807693163321597e+00
1.396300000000000041e-01 1.737887730094429983e+00 5.000000000000000278e-02 1.714880602132795584e+00
1.403500000000000025e-01 1.760280006704129985e+00 5.000000000000000278e-02 1.718654405998554902e+00
1.410800000000000110e-01 1.764841870488959907e+00 5.000000000000000278e-02 1.722337820138213571e+00
1.418099999999999916e-01 1.775459734273789891e+00 5.000000000000000278e-02 1.725854378208272033e+00
1.425299999999999900e-01 1.785883010883489996e+00 5.000000000000000278e-02 1.729096096018824635e+00
1.432599999999999985e-01 1.783717874668319991e+00 5.000000000000000278e-02 1.732299003542953519e+00
1.439900000000000069e-01 1.803186738453149918e+00 5.000000000000000278e-02 1.735188819136040506e+00
1.447100000000000053e-01 1.827542015062840086e+00 5.000000000000000278e-02 1.737953694065617949e+00
1.454400000000000137e-01 1.825972878847669900e+00 5.000000000000000278e-02 1.740526801401742540e+00
1.461699999999999944e-01 1.828192742632499979e+00 5.000000000000000278e-02 1.742925244617432590e+00
1.468899999999999928e-01 1.820320019242199994e+00 5.000000000000000278e-02 1.745148787756448661e+00
1.476200000000000012e-01 1.775498883027029962e+00 5.000000000000000278e-02 1.747142686439526527e+00
1.483500000000000096e-01 1.774957746811860027e+00 5.000000000000000278e-02 1.749047164135444143e+00
1.490700000000000081e-01 1.788054023421560057e+00 5.000000000000000278e-02 1.750636984146329178e+00
1.497999999999999887e-01 1.802790887206390025e+00 5.000000000000000278e-02 1.752133595192813642e+00
1.505299999999999971e-01 1.803348750991220051e+00 5.000000000000000278e-02 1.753422033748039954e+00
1.512499999999999956e-01 1.820423027600909904e+00 5.000000000000000278e-02 1.754491100800190884e+00
1.519800000000000040e-01 1.829224891385750063e+00 5.000000000000000278e-02 1.755454865210229753e+00
1.527100000000000124e-01 1.820770755170580069e+00 5.000000000000000278e-02 1.756125542195028366e+00
1.534300000000000108e-01 1.811387031780270052e+00 5.000000000000000278e-02 1.756701071729845687e+00
1.541599999999999915e-01 1.817724895565099974e+00 5.000000000000000278e-02 1.757012618257688619e+00
1.548899999999999999e-01 1.815589759349929944e+00 5.000000000000000278e-02 1.757179120024770613e+00
1.556099999999999983e-01 1.819877035959629907e+00 5.000000000000000278e-02 1.757163720006891694e+00
1.563400000000000067e-01 1.822105899744459911e+00 5.000000000000000278e-02 1.756916087326559239e+00
1.570699999999999874e-01 1.812321763529290086e+00 5.000000000000000278e-02 1.756572867483431777e+00
1.577900000000000136e-01 1.797749040138989951e+00 5.000000000000000278e-02 1.755915306743397686e+00
1.585199999999999942e-01 1.810223903923819933e+00 5.000000000000000278e-02 1.755161693461109396e+00
1.592500000000000027e-01 1.814601767708649893e+00 5.000000000000000278e-02 1.754162690537472313e+00
1.599700000000000011e-01 1.836838044318340080e+00 5.000000000000000278e-02 1.753008044606305660e+00
1.607000000000000095e-01 1.844881908103169987e+00 5.000000000000000278e-02 1.751681246258335101e+00
1.614299999999999902e-01 1.863990771887999998e+00 5.000000000000000278e-02 1.750094055501540957e+00
1.621499999999999886e-01 1.862613048497699930e+00 5.000000000000000278e-02 1.748442813955617403e+00
1.628799999999999970e-01 1.838150912282529914e+00 5.000000000000000278e-02 1.746461567219997457e+00
1.636100000000000054e-01 1.827029776067359945e+00 5.000000000000000278e-02 1.744369841971848745e+00
1.643300000000000038e-01 1.801632052677059947e+00 5.000000000000000278e-02 1.742093930112058597e+00
1.650600000000000123e-01 1.803374916461889965e+00 5.000000000000000278e-02 1.739590038938514160e+00
1.657899999999999929e-01 1.788464780246719954e+00 5.000000000000000278e-02 1.736957125467381458e+00
1.665099999999999913e-01 1.794355056856409947e+00 5.000000000000000278e-02 1.734078648924844757e+00
1.672399999999999998e-01 1.796097920641239964e+00 5.000000000000000278e-02 1.731073940162212610e+00
1.679700000000000082e-01 1.799234784426070100e+00 5.000000000000000278e-02 1.727793638304857993e+00
1.686900000000000066e-01 1.795677061035769961e+00 5.000000000000000278e-02 1.724425817342654987e+00
1.694199999999999873e-01 1.790957924820600011e+00 5.000000000000000278e-02 1.720823888391015855e+00
1.701499999999999957e-01 1.808274788605430006e+00 5.000000000000000278e-02 1.717001025990142704e+00
1.708699999999999941e-01 1.811849065215130006e+00 5.000000000000000278e-02 1.713132817255085039e+00
1.716000000000000025e-01 1.827784928999959924e+00 5.000000000000000278e-02 1.708906909597589063e+00
1.723300000000000110e-01 1.793897792784789891e+00 5.000000000000000278e-02 1.704592821334196318e+00
1.730500000000000094e-01 1.755441069394479969e+00 5.000000000000000278e-02 1.700098883335614763e+00
1.737799999999999900e-01 1.751361933179309993e+00 5.000000000000000278e-02 1.695385894168077723e+00
1.745099999999999985e-01 1.736386796964140000e+00 5.000000000000000278e-02 1.690515482791120627e+00
1.752299999999999969e-01 1.747150073573839890e+00 5.000000000000000278e-02 1.685473750742211285e+00
1.759600000000000053e-01 1.762096937358669901e+00 5.000000000000000278e-02 1.680278567765274733e+00
1.766900000000000137e-01 1.761947801143499914e+00 5.000000000000000278e-02 1.674787226032629084e+00
1.774100000000000121e-01 1.776145077753199963e+00 5.000000000000000278e-02 1.669276977441895404e+00
1.781399999999999928e-01 1.772913653251489974e+00 5.000000000000000278e-02 1.663479108992204303e+00
1.788700000000000012e-01 1.761440880958569988e+00 5.000000000000000278e-02 1.657503388603979610e+00
1.795899999999999996e-01 1.753569941162800072e+00 5.000000000000000278e-02 1.651485429019047935e+00
1.803200000000000081e-01 1.732917168869869906e+00 5.000000000000000278e-02 1.645128166329983932e+00
1.810499999999999887e-01 1.710860396576940001e+00 5.000000000000000278e-02 1.638687559115146852e+00
1.817699999999999871e-01 1.701641456781179951e+00 5.000000000000000278e-02 1.632079671482040695e+00
1.824999999999999956e-01 1.705326684488249978e+00 5.000000000000000278e-02 1.625264122028983627e+00
1.832199999999999940e-01 1.704383744692490099e+00 5.000000000000000278e-02 1.618366143766361009e+00
1.839500000000000024e-01 1.720302972399559982e+00 5.000000000000000278e-02 1.611180879694869894e+00
1.846800000000000108e-01 1.704417200106630004e+00 5.000000000000000278e-02 1.603896484966098823e+00
1.854000000000000092e-01 1.680625260310860014e+00 5.000000000000000278e-02 1.596446805092525123e+00
1.861299999999999899e-01 1.686938488017940108e+00 5.000000000000000278e-02 1.588818175073514194e+00
1.868599999999999983e-01 1.698418715725009909e+00 5.000000000000000278e-02 1.580963710509762254e+00
1.875799999999999967e-01 1.663680775929240019e+00 5.000000000000000278e-02 1.573086413189278776e+00
1.883100000000000052e-01 1.654097003636310070e+00 5.000000000000000278e-02 1.564952796639682786e+00
1.890400000000000136e-01 1.642485231343389973e+00 5.000000000000000278e-02 1.556614059833112629e+00
1.897600000000000120e-01 1.671432291547620075e+00 5.000000000000000278e-02 1.548317705325781279e+00
1.904899999999999927e-01 1.674350519254689917e+00 5.000000000000000278e-02 1.539638295388303657e+00
1.912200000000000011e-01 1.649214746961759959e+00 5.000000000000000278e-02 1.530881837787137822e+00
1.919399999999999995e-01 1.621524807166000004e+00 5.000000000000000278e-02 1.522058619918113642e+00
1.926700000000000079e-01 1.600196034873069939e+00 5.000000000000000278e-02 1.512967779383420197e+00
1.933900000000000063e-01 1.601044095077309937e+00 5.000000000000000278e-02 1.503886345204605401e+00
1.941199999999999870e-01 1.627180322784379962e+00 5.000000000000000278e-02 1.494468193820464696e+00
1.948499999999999954e-01 1.612128550491449985e+00 5.000000000000000278e-02 1.484978885568166040e+00
1.955699999999999938e-01 1.593827610695679908e+00 5.000000000000000278e-02 1.475395016493078471e+00
1.963000000000000023e-01 1.560556838402759938e+00 5.000000000000000278e-02 1.465588376766036705e+00
1.970300000000000107e-01 1.558230066109830059e+00 5.000000000000000278e-02 1.455624050563427030e+00
1.977500000000000091e-01 1.564715126314059956e+00 5.000000000000000278e-02 1.445644226971006807e+00
1.984799999999999898e-01 1.569559354021129893e+00 5.000000000000000278e-02 1.435437628118031439e+00
1.991999999999999882e-01 1.544965414225369926e+00 5.000000000000000278e-02 1.425159315046880426e+00
1.999299999999999966e-01 1.526032641932439926e+00 5.000000000000000278e-02 1.414676049652677570e+00
2.006600000000000050e-01 1.472679869639510031e+00 5.000000000000000278e-02 1.404000617789295413e+00
2.013800000000000034e-01 1.459355929843749955e+00 5.000000000000000278e-02 1.393372811590441129e+00
2.021100000000000119e-01 1.450102157550819948e+00 5.000000000000000278e-02 1.382471053619611867e+00
2.028300000000000103e-01 1.480882217755050023e+00 5.000000000000000278e-02 1.371563956029618447e+00
2.035599999999999909e-01 1.489640445462129925e+00 5.000000000000000278e-02 1.360441415517043007e+00
2.042899999999999994e-01 1.493656673169200033e+00 5.000000000000000278e-02 1.349108224374625964e+00
2.050099999999999978e-01 1.489243733373430079e+00 5.000000000000000278e-02 1.337874764254115334e+00
2.057400000000000062e-01 1.455272961080499972e+00 5.000000000000000278e-02 1.326327716442850857e+00
2.064699999999999869e-01 1.422384188787580106e+00 5.000000000000000278e-02 1.314674301934079192e+00
2.071900000000000130e-01 1.408713248991809941e+00 5.000000000000000278e-02 1.303084699907834043e+00
2.079199999999999937e-01 1.348510476698880023e+00 5.000000000000000278e-02 1.291178542338246915e+00
2.086500000000000021e-01 1.343915704405949985e+00 5.000000000000000278e-02 1.279217745322195121e+00
2.093700000000000006e-01 1.301387764610189901e+00 5.000000000000000278e-02 1.267244377042135550e+00
2.101000000000000090e-01 1.286696992317259980e+00 5.000000000000000278e-02 1.255043350970093119e+00
2.108200000000000074e-01 1.297805052521499913e+00 5.000000000000000278e-02 1.242887126880768855e+00
2.115499999999999881e-01 1.309356280228570091e+00 5.000000000000000278e-02 1.230455300868750435e+00
2.122799999999999965e-01 1.331096507935640050e+00 5.000000000000000278e-02 1.217951059840709727e+00
2.129999999999999949e-01 1.294636568139879929e+00 5.000000000000000278e-02 1.205469300931079291e+00
2.137300000000000033e-01 1.263926795846950002e+00 5.000000000000000278e-02 1.192768976111829193e+00
2.144500000000000017e-01 1.286792856051180101e+00 5.000000000000000278e-02 1.180101274127497435e+00
2.151800000000000102e-01 1.262028083758250041e+00 5.000000000000000278e-02 1.167192930770698966e+00
2.159099999999999908e-01 1.206191311465329985e+00 5.000000000000000278e-02 1.154189214666528684e+00
2.166299999999999892e-01 1.183370371669560051e+00 5.000000000000000278e-02 1.141260885022574945e+00
2.173599999999999977e-01 1.155743599376630071e+00 5.000000000000000278e-02 1.128103603931791321e+00
2.180799999999999961e-01 1.101232659580869910e+00 5.000000000000000278e-02 1.114989274241071415e+00
2.188100000000000045e-01 1.125248887287940036e+00 5.000000000000000278e-02 1.101655167729484797e+00
2.195400000000000129e-01 1.166132114995009905e+00 5.000000000000000278e-02 1.088210530510658414e+00
2.202600000000000113e-01 1.172638175199250066e+00 5.000000000000000278e-02 1.074886246208130780e+00
2.209899999999999920e-01 1.145025402906320044e+00 5.000000000000000278e-02 1.061307930829912927e+00
2.217099999999999904e-01 1.126596463110550062e+00 5.000000000000000278e-02 1.047821389998336850e+00
2.224399999999999988e-01 1.096225690817620002e+00 5.000000000000000278e-02 1.034113622588350712e+00
2.231700000000000073e-01 1.096561918524699974e+00 5.000000000000000278e-02 1.020288200872486284e+00
2.238900000000000057e-01 1.114014978728929961e+00 5.000000000000000278e-02 1.006619780417410848e+00
2.246199999999999863e-01 1.083944206436000091e+00 5.000000000000000278e-02 9.926810176207241376e-01
2.253400000000000125e-01 1.045983266640239995e+00 5.000000000000000278e-02 9.788745636036340070e-01
2.260699999999999932e-01 1.014481494347309942e+00 5.000000000000000278e-02 9.648293186205323391e-01
2.268000000000000016e-01 1.013031722054380079e+00 5.000000000000000278e-02 9.507014913497803255e-01
2.275200000000000000e-01 9.940257822586160419e-01 5.000000000000000278e-02 9.367417004751384946e-01
2.282500000000000084e-01 9.223710099656869943e-01 5.000000000000000278e-02 9.225041942396057237e-01
2.289700000000000069e-01 9.609060701699230211e-01 5.000000000000000278e-02 9.084309482282671988e-01
2.296999999999999875e-01 9.269472978769940363e-01 5.000000000000000278e-02 8.941077152779649539e-01
2.304299999999999959e-01 9.201035255840660509e-01 5.000000000000000278e-02 8.797342662300187133e-01
2.311499999999999944e-01 8.553645857883009906e-01 5.000000000000000278e-02 8.655295577842864185e-01
2.318800000000000028e-01 7.907608134953729717e-01 5.000000000000000278e-02 8.510627808502909675e-01
2.326000000000000012e-01 8.765318736996080551e-01 5.000000000000000278e-02 8.367764301853992670e-01
2.328300000000000092e-01 9.611897262648499973e-01 5.000000000000000278e-02 8.321957834226798578e-01
2.333300000000000096e-01 9.200111014066789661e-01 5.000000000000000278e-02 8.222378556776378522e-01
2.337400000000000033e-01 9.497699690229800540e-01 5.000000000000000278e-02 8.140719189445827508e-01
2.340599999999999903e-01 8.528153291137510195e-01 5.000000000000000278e-02 8.076735092336617683e-01
2.346499999999999975e-01 9.302572117811109820e-01 5.000000000000000278e-02 7.958764413291508077e-01
2.347799999999999887e-01 7.406523893179860485e-01 5.000000000000000278e-02 7.932770873840891968e-01
2.355099999999999971e-01 7.057456170250580030e-01 5.000000000000000278e-02 7.786446085650072790e-01
2.355599999999999916e-01 9.124164545392410286e-01 5.000000000000000278e-02 7.776413776886806906e-01
2.362299999999999955e-01 7.489826772292930146e-01 5.000000000000000278e-02 7.641980839459029395e-01
2.364600000000000035e-01 8.897865297945349861e-01 5.000000000000000278e-02 7.595704875242761389e-01
2.369600000000000040e-01 7.329999049363650210e-01 5.000000000000000278e-02 7.495081777161148873e-01
2.373699999999999977e-01 8.766527725526650494e-01 5.000000000000000278e-02 7.412570836734228008e-01
2.376800000000000024e-01 7.009519651405999863e-01 5.000000000000000278e-02 7.350095971215454549e-01
2.382799999999999918e-01 8.564760153107959795e-01 5.000000000000000278e-02 7.229045701011305169e-01
2.384100000000000108e-01 7.471661928476710512e-01 5.000000000000000278e-02 7.202818142467068974e-01
2.391399999999999915e-01 7.169114205547429952e-01 5.000000000000000278e-02 7.055385460121205154e-01
2.391800000000000037e-01 8.320800905660890034e-01 5.000000000000000278e-02 7.047299096922765571e-01
2.398599999999999899e-01 5.673344807589779659e-01 5.000000000000000278e-02 6.909830922549338172e-01
2.400899999999999979e-01 8.077213333242200255e-01 5.000000000000000278e-02 6.863311682787556212e-01
2.405899999999999983e-01 6.319377084660500188e-01 5.000000000000000278e-02 6.762075540385000805e-01
2.409999999999999920e-01 7.900885760823499471e-01 5.000000000000000278e-02 6.679061903614906814e-01
2.413099999999999967e-01 7.068337686702850231e-01 5.000000000000000278e-02 6.616287714846450507e-01
2.419000000000000039e-01 7.620596513376439729e-01 5.000000000000000278e-02 6.496700424948080865e-01
2.420400000000000051e-01 7.107469963773570543e-01 5.000000000000000278e-02 6.468323779887450442e-01
2.427600000000000036e-01 6.313230565815920459e-01 5.000000000000000278e-02 6.322358533427544502e-01
2.428099999999999981e-01 7.352648940957750012e-01 5.000000000000000278e-02 6.312217858183299946e-01
2.434900000000000120e-01 5.966762842886630391e-01 5.000000000000000278e-02 6.174304674861570419e-01
2.437199999999999922e-01 7.417841368539049851e-01 5.000000000000000278e-02 6.127657568738050786e-01
2.442199999999999926e-01 5.923475119957349877e-01 5.000000000000000278e-02 6.026238406545766368e-01
2.446200000000000041e-01 7.213022121091989813e-01 5.000000000000000278e-02 5.945101524979865548e-01
2.449399999999999911e-01 5.594545721999699683e-01 5.000000000000000278e-02 5.880192019727147335e-01
2.455299999999999983e-01 6.888104548673289473e-01 5.000000000000000278e-02 5.760546869131188963e-01
2.456699999999999995e-01 6.511097999070419862e-01 5.000000000000000278e-02 5.732158110864719047e-01
2.463899999999999979e-01 5.902828601112769524e-01 5.000000000000000278e-02 5.586172949577620228e-01
2.464399999999999924e-01 6.607436976254600358e-01 5.000000000000000278e-02 5.576042054155161409e-01
2.471200000000000063e-01 6.035940878183490010e-01 5.000000000000000278e-02 5.438261876409722362e-01
2.473400000000000043e-01 6.319257728807540220e-01 5.000000000000000278e-02 5.393685936550906002e-01
2.478400000000000047e-01 5.734191480225839799e-01 5.000000000000000278e-02 5.292448165779826130e-01
2.482499999999999984e-01 6.226440156388840519e-01 5.000000000000000278e-02 5.209478134217885303e-01
2.485700000000000132e-01 5.915163757296549862e-01 5.000000000000000278e-02 5.144721036413439919e-01
2.491599999999999926e-01 6.186362583970149709e-01 5.000000000000000278e-02 5.025444262404450413e-01
2.492900000000000116e-01 5.794424359338899988e-01 5.000000000000000278e-02 4.999181467274739221e-01
2.500200000000000200e-01 7.086596636409620009e-01 5.000000000000000278e-02 4.851705771546380719e-01
2.500600000000000045e-01 5.989843336523079653e-01 5.000000000000000278e-02 4.843624911506473896e-01
2.507499999999999729e-01 6.401478913480339594e-01 5.000000000000000278e-02 4.704526379779895850e-01
2.509700000000000264e-01 5.513225764104390247e-01 5.000000000000000278e-02 4.660177622019101573e-01
2.514700000000000268e-01 5.483319515522689924e-01 5.000000000000000278e-02 4.559460184598254084e-01
2.518799999999999928e-01 5.192118191685689554e-01 5.000000000000000278e-02 4.477026441095264819e-01
2.527800000000000047e-01 5.079938944238630016e-01 5.000000000000000278e-02 4.296195363268334733e-01
2.536900000000000266e-01 4.962161371819939770e-01 5.000000000000000278e-02 4.113794786786503233e-01
2.545999999999999930e-01 4.817773799401239843e-01 5.000000000000000278e-02 3.931931260427875552e-01
2.555000000000000049e-01 4.388794551954179890e-01 5.000000000000000278e-02 3.752492172175274088e-01
2.564100000000000268e-01 4.171306979535480131e-01 5.000000000000000278e-02 3.571509113649040668e-01
2.573199999999999932e-01 3.950069407116790221e-01 5.000000000000000278e-02 3.391280802248076154e-01
2.582200000000000051e-01 3.624400159669730059e-01 5.000000000000000278e-02 3.213624562968376841e-01
2.591300000000000270e-01 3.667812587251029766e-01 5.000000000000000278e-02 3.034557209050103843e-01
2.600299999999999834e-01 3.498043339803970087e-01 5.000000000000000278e-02 2.858133959708242244e-01
2.609400000000000053e-01 3.441665767385270192e-01 5.000000000000000278e-02 2.680681980256585661e-01
2.618400000000000172e-01 3.074866519938210252e-01 5.000000000000000278e-02 2.505848933085503272e-01
2.627499999999999836e-01 2.592778947519520094e-01 5.000000000000000278e-02 2.329766565208526152e-01
2.636600000000000055e-01 2.103671375100819863e-01 5.000000000000000278e-02 2.154726668656878896e-01
2.645600000000000174e-01 2.537522127653760173e-01 5.000000000000000278e-02 1.982535788337313754e-01
2.654699999999999838e-01 2.589034555235060209e-01 5.000000000000000278e-02 1.809229644090034339e-01
2.663699999999999957e-01 2.468535307788000122e-01 5.000000000000000278e-02 1.638685992763938559e-01
2.672800000000000176e-01 1.814597735369309905e-01 5.000000000000000278e-02 1.467599033444412227e-01
2.681899999999999840e-01 2.008140162950609875e-01 5.000000000000000278e-02 1.297425222666496458e-01
2.690899999999999959e-01 2.054390915503550019e-01 5.000000000000000278e-02 1.130027309838739502e-01
2.700000000000000178e-01 1.681963343084849904e-01 5.000000000000000278e-02 9.620264751217422194e-02
2.708999999999999742e-01 1.948444095637789919e-01 5.000000000000000278e-02 7.971567878296875742e-02
2.718099999999999961e-01 2.257946523219100110e-01 5.000000000000000278e-02 6.314698202727163368e-02
2.727100000000000080e-01 2.056637275772039974e-01 5.000000000000000278e-02 4.686182773137419905e-02
2.736199999999999743e-01 1.390529703353340085e-01 5.000000000000000278e-02 3.056685708398285822e-02
2.745299999999999963e-01 1.338972130934640015e-01 5.000000000000000278e-02 1.438812026943868914e-02
2.754300000000000082e-01 1.340712883487580054e-01 5.000000000000000278e-02 5.538241919379188402e-03
2.763399999999999745e-01 1.539925311068890135e-01 5.000000000000000278e-02 1.789839716318218296e-02
2.772399999999999864e-01 1.513446063621829984e-01 5.000000000000000278e-02 3.301239314707986316e-02
2.781500000000000083e-01 4.948384912031299904e-02 5.000000000000000278e-02 4.864937154414662041e-02
2.790500000000000203e-01 5.252692437560679828e-02 5.000000000000000278e-02 6.399367355860395568e-02
2.799599999999999866e-01 1.053271671337370069e-01 5.000000000000000278e-02 7.932031271392808724e-02
2.808599999999999985e-01 8.414624238903109510e-02 5.000000000000000278e-02 9.433222414588131322e-02
2.817700000000000204e-01 4.984348514716149814e-02 5.000000000000000278e-02 1.093799927788548926e-01
2.826699999999999768e-01 3.019956040245539916e-02 5.000000000000000278e-02 1.241146728982247815e-01
2.835799999999999987e-01 7.415280316058579790e-02 5.000000000000000278e-02 1.388087055708543960e-01
2.844800000000000106e-01 9.148187841587969438e-02 5.000000000000000278e-02 1.532035365096163781e-01
2.853899999999999770e-01 6.701953265505609936e-02 5.000000000000000278e-02 1.676180528500373357e-01
2.862899999999999889e-01 5.246559192287209711e-02 5.000000000000000278e-02 1.816778592822241578e-01
2.872000000000000108e-01 4.173400740477480053e-02 5.000000000000000278e-02 1.957146589704381878e-01
2.881000000000000227e-01 2.413306667259070004e-02 5.000000000000000278e-02 2.094517114217965548e-01
2.890099999999999891e-01 2.385951784550659899e-02 5.000000000000000278e-02 2.231880126368815387e-01
2.899100000000000010e-01 1.222458577690709990e-03 5.000000000000000278e-02 2.365337453141976853e-01
2.908200000000000229e-01 4.865695690421199815e-02 5.000000000000000278e-02 2.498750260743590468e-01
2.917199999999999793e-01 6.708501617202790313e-02 5.000000000000000278e-02 2.629172231841161445e-01
2.926300000000000012e-01 1.021894316539310038e-01 5.000000000000000278e-02 2.759000163146576035e-01
2.935300000000000131e-01 1.456834909217470109e-01 5.000000000000000278e-02 2.885309222881501379e-01
2.944399999999999795e-01 1.747599064036489958e-01 5.000000000000000278e-02 3.011421620678282896e-01
2.953399999999999914e-01 1.880349656714649931e-01 5.000000000000000278e-02 3.134561613549289305e-01
2.962500000000000133e-01 2.069123811533679913e-01 5.000000000000000278e-02 3.256488082658725025e-01
2.971500000000000252e-01 2.388954404211839910e-01 5.000000000000000278e-02 3.375338372529464448e-01
2.980599999999999916e-01 2.244708559030859918e-01 5.000000000000000278e-02 3.493843753680732078e-01
2.989600000000000035e-01 2.298169151709019975e-01 5.000000000000000278e-02 3.609042101900024058e-01
2.998600000000000154e-01 2.702499744387180103e-01 5.000000000000000278e-02 3.721862472501825114e-01
3.007699999999999818e-01 2.963683899206209782e-01 5.000000000000000278e-02 3.834231730245697412e-01
3.016699999999999937e-01 2.759504491884369748e-01 5.000000000000000278e-02 3.943675274719842805e-01
3.025800000000000156e-01 2.799378646703399864e-01 5.000000000000000278e-02 4.051745802817857123e-01
3.034800000000000275e-01 3.041789239381549881e-01 5.000000000000000278e-02 4.156648431369804886e-01
3.043899999999999939e-01 3.161653394200579781e-01 5.000000000000000278e-02 4.260961352684717873e-01
3.052900000000000058e-01 3.246813986878739899e-01 5.000000000000000278e-02 4.362165846615353448e-01
3.061900000000000177e-01 3.380284579556899760e-01 5.000000000000000278e-02 4.460728488163758776e-01
3.070999999999999841e-01 3.409778734375930043e-01 5.000000000000000278e-02 4.558605129953275381e-01
3.079999999999999960e-01 3.638909327054090093e-01 5.000000000000000278e-02 4.653638467286544955e-01
3.089100000000000179e-01 3.939833481873110110e-01 5.000000000000000278e-02 4.747186378631679804e-01
3.098099999999999743e-01 4.203204074551269986e-01 5.000000000000000278e-02 4.837499638436689176e-01
3.107199999999999962e-01 4.134948229370299932e-01 5.000000000000000278e-02 4.926999615761133433e-01
3.116200000000000081e-01 4.116858822048459765e-01 5.000000000000000278e-02 5.013639192634220532e-01
3.125200000000000200e-01 4.153939414726620094e-01 5.000000000000000278e-02 5.097402264640087388e-01
3.134299999999999864e-01 4.354023569545639738e-01 5.000000000000000278e-02 5.180266710238992101e-01
3.143299999999999983e-01 4.449144162223799825e-01 5.000000000000000278e-02 5.260403735150607218e-01
3.152300000000000102e-01 4.495584754901960078e-01 5.000000000000000278e-02 5.338122224509770364e-01
3.161399999999999766e-01 4.605808909720989774e-01 5.000000000000000278e-02 5.414295833093709653e-01
3.170399999999999885e-01 4.724209502399149829e-01 5.000000000000000278e-02 5.487795772314887355e-01
3.179500000000000104e-01 4.865403657218180244e-01 5.000000000000000278e-02 5.560247694694601117e-01
3.188500000000000223e-01 4.998254249896330048e-01 5.000000000000000278e-02 5.628966496298987154e-01
3.197499999999999787e-01 5.014614842574489639e-01 5.000000000000000278e-02 5.695798876188618021e-01
3.206600000000000006e-01 5.224498997393519639e-01 5.000000000000000278e-02 5.761510691501828818e-01
3.215600000000000125e-01 5.274199590071679822e-01 5.000000000000000278e-02 5.824209173561987196e-01
3.224699999999999789e-01 5.332533744890709526e-01 5.000000000000000278e-02 5.885025022539948081e-01
3.233699999999999908e-01 5.395424337568870410e-01 5.000000000000000278e-02 5.943326988771974184e-01
3.242700000000000027e-01 5.443134930247029990e-01 5.000000000000000278e-02 5.999812156477520864e-01
3.251800000000000246e-01 5.582199085066049671e-01 5.000000000000000278e-02 6.054079856319755093e-01
3.260799999999999810e-01 5.686849677744210130e-01 5.000000000000000278e-02 6.105713561135284184e-01
3.269799999999999929e-01 5.801870270422370135e-01 5.000000000000000278e-02 6.155537040759806455e-01
3.278900000000000148e-01 5.909604425241400394e-01 5.000000000000000278e-02 6.203741794411774535e-01
3.287900000000000267e-01 6.034415017919559920e-01 5.000000000000000278e-02 6.248736339660916350e-01
3.296899999999999831e-01 6.211185610597720341e-01 5.000000000000000278e-02 6.291932613696913368e-01
3.306000000000000050e-01 6.380119765416739641e-01 5.000000000000000278e-02 6.333763325227331764e-01
3.315000000000000169e-01 6.462080358094900445e-01 5.000000000000000278e-02 6.372509228487893695e-01
3.323999999999999733e-01 6.554530950773059805e-01 5.000000000000000278e-02 6.409129886937114939e-01
3.333099999999999952e-01 6.625925105592089803e-01 5.000000000000000278e-02 6.444337723217483660e-01
3.342100000000000071e-01 6.737715698270250186e-01 5.000000000000000278e-02 6.477192994786492575e-01
3.351100000000000190e-01 6.806356290948409882e-01 5.000000000000000278e-02 6.507306293379383488e-01
3.360199999999999854e-01 6.912120445767430121e-01 5.000000000000000278e-02 6.535965284272822196e-01
3.369199999999999973e-01 6.962191038445589841e-01 5.000000000000000278e-02 6.562541123352993999e-01
3.378200000000000092e-01 7.022961631123749715e-01 5.000000000000000278e-02 6.586684411368204373e-01
3.387299999999999756e-01 7.089405785942779481e-01 5.000000000000000278e-02 6.608884732167691345e-01
3.396299999999999875e-01 7.124886378620940430e-01 5.000000000000000278e-02 6.629095331518590761e-01
3.405299999999999994e-01 7.094216971299099894e-01 5.000000000000000278e-02 6.647530575182619694e-01
3.414400000000000213e-01 7.115841126118119808e-01 5.000000000000000278e-02 6.663378000515490784e-01
3.423399999999999777e-01 7.205841718796279771e-01 5.000000000000000278e-02 6.677332893886549492e-01
3.432399999999999896e-01 7.274502311474440042e-01 5.000000000000000278e-02 6.689605486473985119e-01
3.441400000000000015e-01 7.275012904152600157e-01 5.000000000000000278e-02 6.699657012623350116e-01
3.450500000000000234e-01 7.361747058971630508e-01 5.000000000000000278e-02 6.707592108305318046e-01
3.459499999999999797e-01 7.399167651649789512e-01 5.000000000000000278e-02 6.713772288923999243e-01
3.468499999999999917e-01 7.402178244327940471e-01 5.000000000000000278e-02 6.718315217249750670e-01
3.477600000000000136e-01 7.413012399146969855e-01 5.000000000000000278e-02 6.720250681180433006e-01
3.486600000000000255e-01 7.419112991825129733e-01 5.000000000000000278e-02 6.720480950784574192e-01
3.495599999999999818e-01 7.475743584503290462e-01 5.000000000000000278e-02 6.719118036764045732e-01
3.504599999999999937e-01 7.462224177181450147e-01 5.000000000000000278e-02 6.715761263703454720e-01
3.513700000000000156e-01 7.438898332000479785e-01 5.000000000000000278e-02 6.710160003568644838e-01
3.522700000000000276e-01 7.564118924678630007e-01 5.000000000000000278e-02 6.703050866470050551e-01
3.531699999999999839e-01 7.544209517356790240e-01 5.000000000000000278e-02 6.694403832529418619e-01
3.540800000000000058e-01 7.416783672175819575e-01 5.000000000000000278e-02 6.683273079389351334e-01
3.549800000000000177e-01 7.370284264853980138e-01 5.000000000000000278e-02 6.670589580383127215e-01
3.558799999999999741e-01 7.420464857532139691e-01 5.000000000000000278e-02 6.656420583475497477e-01
3.567799999999999860e-01 7.347415450210299515e-01 5.000000000000000278e-02 6.640493926407743386e-01
3.576900000000000079e-01 7.273609605029329739e-01 5.000000000000000278e-02 6.622242468247582226e-01
3.585900000000000198e-01 7.347240197707479714e-01 5.000000000000000278e-02 6.602738282305844475e-01
3.594899999999999762e-01 7.321500790385639945e-01 5.000000000000000278e-02 6.581812802989458477e-01
3.603899999999999881e-01 7.343751383063800153e-01 5.000000000000000278e-02 6.558803853777316339e-01
3.613000000000000100e-01 7.314605537882830077e-01 5.000000000000000278e-02 6.533906090555964274e-01
3.622000000000000219e-01 7.268046130560990026e-01 5.000000000000000278e-02 6.507902226656343547e-01
3.630999999999999783e-01 7.200566723239150146e-01 5.000000000000000278e-02 6.480379534478848402e-01
3.639999999999999902e-01 7.068377315917300230e-01 5.000000000000000278e-02 6.450830830947065220e-01
3.649000000000000021e-01 6.972507908595459991e-01 5.000000000000000278e-02 6.419982256205964966e-01
3.658100000000000240e-01 6.970312063414489945e-01 5.000000000000000278e-02 6.387465745700656727e-01
3.667099999999999804e-01 6.820352656092649735e-01 5.000000000000000278e-02 6.353501400772774144e-01
3.676099999999999923e-01 6.781793248770809912e-01 5.000000000000000278e-02 6.318001693853776413e-01
3.685100000000000042e-01 6.670103841448969950e-01 5.000000000000000278e-02 6.281276829595127120e-01
3.694100000000000161e-01 6.731494434127129889e-01 5.000000000000000278e-02 6.243246408136384762e-01
3.703199999999999825e-01 6.758688588946150100e-01 5.000000000000000278e-02 6.202899247809274819e-01
3.712199999999999944e-01 6.648719181624309638e-01 5.000000000000000278e-02 6.161817136469081024e-01
3.721200000000000063e-01 6.689319774302470156e-01 5.000000000000000278e-02 6.119587561677071186e-01
3.730200000000000182e-01 6.686330366980629547e-01 5.000000000000000278e-02 6.075814281540379280e-01
3.739199999999999746e-01 6.608130959658790049e-01 5.000000000000000278e-02 6.030630319174333787e-01
3.748299999999999965e-01 6.475215114477820277e-01 5.000000000000000278e-02 5.983842114147852609e-01
3.757300000000000084e-01 6.322875707155980463e-01 5.000000000000000278e-02 5.936484708284031075e-01
3.766300000000000203e-01 6.254586299834139496e-01 5.000000000000000278e-02 5.887418689800785199e-01
3.775299999999999767e-01 6.283936892512289596e-01 5.000000000000000278e-02 5.837346220720386336e-01
3.784299999999999886e-01 6.208717485190450303e-01 5.000000000000000278e-02 5.786277870976025417e-01
3.793400000000000105e-01 6.134141640009479479e-01 5.000000000000000278e-02 5.733339277216786822e-01
3.802400000000000224e-01 5.942812232687639806e-01 5.000000000000000278e-02 5.679703832814276820e-01
3.811399999999999788e-01 5.838492825365799721e-01 5.000000000000000278e-02 5.625145701342852966e-01
3.820399999999999907e-01 5.703593418043959584e-01 5.000000000000000278e-02 5.569675610525554044e-01
3.829400000000000026e-01 5.700384010722120420e-01 5.000000000000000278e-02 5.512781077911621530e-01
3.838400000000000145e-01 5.670194603400270372e-01 5.000000000000000278e-02 5.455001262462385592e-01
3.847499999999999809e-01 5.596038758219300524e-01 5.000000000000000278e-02 5.395720425169217016e-01
3.856499999999999928e-01 5.640799350897459652e-01 5.000000000000000278e-02 5.336061462938772593e-01
3.865500000000000047e-01 5.553629943575619787e-01 5.000000000000000278e-02 5.275298414294544713e-01
3.874500000000000166e-01 5.332260536253780048e-01 5.000000000000000278e-02 5.213772321154901412e-01
3.883499999999999730e-01 5.321521128931939737e-01 5.000000000000000278e-02 5.151494149240273268e-01
3.892499999999999849e-01 5.265271721610099709e-01 5.000000000000000278e-02 5.088083822675754098e-01
3.901499999999999968e-01 5.037582314288250318e-01 5.000000000000000278e-02 5.023920006269398941e-01
3.910600000000000187e-01 4.920326469107280110e-01 5.000000000000000278e-02 4.958349710086769058e-01
3.919599999999999751e-01 4.940207061785439890e-01 5.000000000000000278e-02 4.892703426197296257e-01
3.928599999999999870e-01 4.867567654463599847e-01 5.000000000000000278e-02 4.826146594335685713e-01
3.937599999999999989e-01 4.675488247141760256e-01 5.000000000000000278e-02 4.758988396401141463e-01
3.946600000000000108e-01 4.427068839819919832e-01 5.000000000000000278e-02 4.691239841479611372e-01
3.955600000000000227e-01 4.340279432498079792e-01 5.000000000000000278e-02 4.622637748372956379e-01
3.964599999999999791e-01 4.394930025176230215e-01 5.000000000000000278e-02 4.553430592455441350e-01
3.973599999999999910e-01 4.316700617854389854e-01 5.000000000000000278e-02 4.483708006403713253e-01
3.982600000000000029e-01 4.293941210532549735e-01 5.000000000000000278e-02 4.413400195044832053e-01
3.991700000000000248e-01 4.152025365351579844e-01 5.000000000000000278e-02 4.341609591668860735e-01
4.000699999999999812e-01 4.004575958029740201e-01 5.000000000000000278e-02 4.270159829327076495e-01
4.009699999999999931e-01 3.828476550707899939e-01 5.000000000000000278e-02 4.198280576152904064e-01
4.018700000000000050e-01 3.702927143386059994e-01 5.000000000000000278e-02 4.125808720917154560e-01
4.027700000000000169e-01 3.562167736064220103e-01 5.000000000000000278e-02 4.052893920418910723e-01
4.036699999999999733e-01 3.470308328742370274e-01 5.000000000000000278e-02 3.979623276905660534e-01
4.045699999999999852e-01 3.384018921420530179e-01 5.000000000000000278e-02 3.905969224898253600e-01
4.054699999999999971e-01 3.241649514098690066e-01 5.000000000000000278e-02 3.831839711018943384e-01
4.063700000000000090e-01 3.221950106776850231e-01 5.000000000000000278e-02 3.757427042835754238e-01
4.072700000000000209e-01 3.064330699455010132e-01 5.000000000000000278e-02 3.682741772367788546e-01
4.081699999999999773e-01 2.927811292133170040e-01 5.000000000000000278e-02 3.607699280234801797e-01
4.090699999999999892e-01 2.843621884811329825e-01 5.000000000000000278e-02 3.532390400579484280e-01
4.099800000000000111e-01 2.736736039630360273e-01 5.000000000000000278e-02 3.456038883438517506e-01
4.108800000000000230e-01 2.609856632308509838e-01 5.000000000000000278e-02 3.380323016773583156e-01
4.117799999999999794e-01 2.577297224986669910e-01 5.000000000000000278e-02 3.304356604905803740e-01
4.126799999999999913e-01 2.513867817664829918e-01 5.000000000000000278e-02 3.228259200126275541e-01
4.135800000000000032e-01 2.361398410342989973e-01 5.000000000000000278e-02 3.152040876893402732e-01
4.144800000000000151e-01 2.235419003021149875e-01 5.000000000000000278e-02 3.075684487131673528e-01
4.153800000000000270e-01 2.147939595699309978e-01 5.000000000000000278e-02 2.999238443200695770e-01
4.162799999999999834e-01 2.184710188377469997e-01 5.000000000000000278e-02 2.922739300335682189e-01
4.171799999999999953e-01 2.133490781055630003e-01 5.000000000000000278e-02 2.846196300019089853e-01
4.180800000000000072e-01 1.906611373733790027e-01 5.000000000000000278e-02 2.769631026059671264e-01
4.189800000000000191e-01 1.741041966411940034e-01 5.000000000000000278e-02 2.693078600354910646e-01
4.198799999999999755e-01 1.706512559090100078e-01 5.000000000000000278e-02 2.616548482196974779e-01
4.207799999999999874e-01 1.669673151768260033e-01 5.000000000000000278e-02 2.540074678734454694e-01
4.216799999999999993e-01 1.509083744446420017e-01 5.000000000000000278e-02 2.463690096936482499e-01
4.225800000000000112e-01 1.478594337124579938e-01 5.000000000000000278e-02 2.387391302515780300e-01
4.234800000000000231e-01 1.366824929802739896e-01 5.000000000000000278e-02 2.311188961681545084e-01
4.243799999999999795e-01 1.303555522480900064e-01 5.000000000000000278e-02 2.235186413736033884e-01
4.252799999999999914e-01 1.200476115159059970e-01 5.000000000000000278e-02 2.159330882014393327e-01
4.261800000000000033e-01 1.049246707837220016e-01 5.000000000000000278e-02 2.083631086818863443e-01
4.270800000000000152e-01 1.004147300515370045e-01 5.000000000000000278e-02 2.008160113072688102e-01
4.279800000000000271e-01 8.208878931935330303e-02 5.000000000000000278e-02 1.932952201566910944e-01
4.288799999999999835e-01 8.480684858716920627e-02 5.000000000000000278e-02 1.857958370604313181e-01
4.297799999999999954e-01 8.393490785498509965e-02 5.000000000000000278e-02 1.783187005559728200e-01
4.306800000000000073e-01 4.099596712280099975e-02 5.000000000000000278e-02 1.708818460524844651e-01
4.315800000000000192e-01 1.947602639061679977e-02 5.000000000000000278e-02 1.634724351558086985e-01
4.324799999999999756e-01 2.851908565843270030e-02 5.000000000000000278e-02 1.560907972247997377e-01
4.333799999999999875e-01 3.734814492624859844e-02 5.000000000000000278e-02 1.487469932595188449e-01
4.342799999999999994e-01 2.537820419406449854e-02 5.000000000000000278e-02 1.414460740181449072e-01
4.351800000000000113e-01 8.666263461880390276e-03 5.000000000000000278e-02 1.341781818605312093e-01
4.360800000000000232e-01 4.774677270303709711e-03 5.000000000000000278e-02 1.269440672568786788e-01
4.369799999999999796e-01 3.050381997512160125e-03 5.000000000000000278e-02 1.197674911746802462e-01
4.378799999999999915e-01 1.002544126532800041e-02 5.000000000000000278e-02 1.126306885874273495e-01
4.387800000000000034e-01 1.081549946685609991e-02 5.000000000000000278e-02 1.055325789946127829e-01
4.396800000000000153e-01 6.119559800959840229e-03 5.000000000000000278e-02 9.848489937004206718e-02
4.405800000000000272e-01 1.717261906877570049e-02 5.000000000000000278e-02 9.149559553209139773e-02
4.414799999999999836e-01 1.284767833659159961e-02 5.000000000000000278e-02 8.454960535552000223e-02
4.423799999999999955e-01 8.459179233242490256e-03 5.000000000000000278e-02 7.764758371577984430e-02
4.432800000000000074e-01 8.629772606103860641e-03 5.000000000000000278e-02 7.081754727208901257e-02
4.441800000000000193e-01 3.758365978965230118e-03 5.000000000000000278e-02 6.403882079316919329e-02
4.450799999999999756e-01 1.287195935182659963e-02 5.000000000000000278e-02 5.730832172068433400e-02
4.459799999999999875e-01 1.692555272468789992e-02 5.000000000000000278e-02 5.063848731772260803e-02
4.468799999999999994e-01 2.624914609754929948e-02 5.000000000000000278e-02 4.404117628730026129e-02
4.477800000000000114e-01 5.279173947041070070e-02 5.000000000000000278e-02 3.749604059141999068e-02
4.486800000000000233e-01 5.819733284327210238e-02 5.000000000000000278e-02 3.100363410138866349e-02
4.495700000000000252e-01 4.483474184532389856e-02 5.000000000000000278e-02 2.466605442079253252e-02
4.504699999999999815e-01 4.062033521818519954e-02 5.000000000000000278e-02 1.831808259271861319e-02
4.513699999999999934e-01 5.642992859104659781e-02 5.000000000000000278e-02 1.202638384193559576e-02
4.522700000000000053e-01 6.725352196390789461e-02 5.000000000000000278e-02 5.804316008777793065e-03
4.531700000000000172e-01 7.865311533676930256e-02 5.000000000000000278e-02 4.105732694444584260e-03
4.540699999999999736e-01 9.789070870963069437e-02 5.000000000000000278e-02 6.412242604475116951e-03
4.549699999999999855e-01 1.084023020824920053e-01 5.000000000000000278e-02 1.243078352539477363e-02
4.558699999999999974e-01 1.171718954553530034e-01 5.000000000000000278e-02 1.835571239108937242e-02
4.567700000000000093e-01 1.236264888282150032e-01 5.000000000000000278e-02 2.421061115651297266e-02
4.576700000000000212e-01 1.222560822010760051e-01 5.000000000000000278e-02 3.000266733709344019e-02
4.585699999999999776e-01 1.318576755739369888e-01 5.000000000000000278e-02 3.571929393568567396e-02
4.594599999999999795e-01 1.517120845759890035e-01 5.000000000000000278e-02 4.127885578849826986e-02
4.603599999999999914e-01 1.557526779488510038e-01 5.000000000000000278e-02 4.683656970415804588e-02
4.612600000000000033e-01 1.680762713217119897e-01 5.000000000000000278e-02 5.232857132023215063e-02
4.621600000000000152e-01 1.784188646945729928e-01 5.000000000000000278e-02 5.771942888391376481e-02
4.630600000000000271e-01 1.901404580674349865e-01 5.000000000000000278e-02 6.303361200730561720e-02
4.639599999999999835e-01 2.024880514402959963e-01 5.000000000000000278e-02 6.827992419888749553e-02
4.648599999999999954e-01 2.036166448131579987e-01 5.000000000000000278e-02 7.344588970581657217e-02
4.657600000000000073e-01 2.203962381860190001e-01 5.000000000000000278e-02 7.850956623150343039e-02
4.666500000000000092e-01 2.324346471880709974e-01 5.000000000000000278e-02 8.344869262385526398e-02
4.675500000000000211e-01 2.387892405609320090e-01 5.000000000000000278e-02 8.837401009979939381e-02
4.684499999999999775e-01 2.315378339337930136e-01 5.000000000000000278e-02 9.319305258988679064e-02
4.693499999999999894e-01 2.350774273066550124e-01 5.000000000000000278e-02 9.793036862676873788e-02
4.702500000000000013e-01 2.456000206795160012e-01 5.000000000000000278e-02 1.025962888702238174e-01
4.711500000000000132e-01 2.485296140523780006e-01 5.000000000000000278e-02 1.071788049700967832e-01
4.720500000000000251e-01 2.678492074252389887e-01 5.000000000000000278e-02 1.116535839737355096e-01
4.729400000000000270e-01 2.718956164272909870e-01 5.000000000000000278e-02 1.160075699117936454e-01
4.738399999999999834e-01 2.632252098001520157e-01 5.000000000000000278e-02 1.203384701045658867e-01
4.747399999999999953e-01 2.672158031730130223e-01 5.000000000000000278e-02 1.245602649543023771e-01
4.756400000000000072e-01 2.836433965458750039e-01 5.000000000000000278e-02 1.286968899419986823e-01
4.765400000000000191e-01 2.927929899187359797e-01 5.000000000000000278e-02 1.327600605200579542e-01
4.774399999999999755e-01 3.089425832915970171e-01 5.000000000000000278e-02 1.367385274314653898e-01
4.783299999999999774e-01 3.247844666785140166e-01 5.000000000000000278e-02 1.405630574128954313e-01
4.792299999999999893e-01 3.321291562111249873e-01 5.000000000000000278e-02 1.443578617741095305e-01
4.801300000000000012e-01 3.399978457437359824e-01 5.000000000000000278e-02 1.480786906378970258e-01
4.810300000000000131e-01 3.395765352763460143e-01 5.000000000000000278e-02 1.516897487500667441e-01
4.819300000000000250e-01 3.448312248089570042e-01 5.000000000000000278e-02 1.552137882234451149e-01
4.828200000000000269e-01 3.454764622356499837e-01 5.000000000000000278e-02 1.586263242611734292e-01
4.837199999999999833e-01 3.343801517682600255e-01 5.000000000000000278e-02 1.619918832616338289e-01
4.846199999999999952e-01 3.241098413008710044e-01 5.000000000000000278e-02 1.652464087913359803e-01
4.855200000000000071e-01 3.447095308334819919e-01 5.000000000000000278e-02 1.684269740831218498e-01
4.864200000000000190e-01 3.559042203660919834e-01 5.000000000000000278e-02 1.715336255019224432e-01
4.873100000000000209e-01 3.626314577927849947e-01 5.000000000000000278e-02 1.744985262773233459e-01
4.882099999999999773e-01 3.817451473253959948e-01 5.000000000000000278e-02 1.774107788586799239e-01
4.891099999999999892e-01 3.888828368580060091e-01 5.000000000000000278e-02 1.802495856329577040e-01
4.900100000000000011e-01 3.803375263906170201e-01 5.000000000000000278e-02 1.830044855740898535e-01
4.909100000000000130e-01 3.841592159232269932e-01 5.000000000000000278e-02 1.856489888879782890e-01
4.918000000000000149e-01 3.766604533499199881e-01 5.000000000000000278e-02 1.881928493872128960e-01
4.927000000000000268e-01 3.862631428825309965e-01 5.000000000000000278e-02 1.906933852111964423e-01
4.935999999999999832e-01 3.868458324151409777e-01 5.000000000000000278e-02 1.930872954273239461e-01
4.944999999999999951e-01 3.937895219477520192e-01 5.000000000000000278e-02 1.953963957870084311e-01
4.953899999999999970e-01 4.044257593744450263e-01 5.000000000000000278e-02 1.976099673092569786e-01
4.962900000000000089e-01 4.045354489070550064e-01 5.000000000000000278e-02 1.997667662741385020e-01
4.971900000000000208e-01 4.010321384396660083e-01 5.000000000000000278e-02 2.018169321261301941e-01
4.980899999999999772e-01 4.142948279722770133e-01 5.000000000000000278e-02 2.037967849830480405e-01
4.989799999999999791e-01 4.178600653989690272e-01 5.000000000000000278e-02 2.056864421912195373e-01
4.998799999999999910e-01 4.201477549315800197e-01 5.000000000000000278e-02 2.074943488725126961e-01
5.007800000000000029e-01 4.257694444641910159e-01 5.000000000000000278e-02 2.092212322038367878e-01
5.016800000000000148e-01 4.269681339968010025e-01 5.000000000000000278e-02 2.108795194778629867e-01
5.025699999999999612e-01 4.245133714234939903e-01 5.000000000000000278e-02 2.124425823991143991e-01
5.034699999999999731e-01 4.241330609561049791e-01 5.000000000000000278e-02 2.139218976623436241e-01
5.043699999999999850e-01 4.216717504887150247e-01 5.000000000000000278e-02 2.153343329817238028e-01
5.052600000000000424e-01 4.272769879154080241e-01 5.000000000000000278e-02 2.166662822416742518e-01
5.061600000000000543e-01 4.301306774480190276e-01 5.000000000000000278e-02 2.179152337235923664e-01
5.070599999999999552e-01 4.302453669806289849e-01 5.000000000000000278e-02 2.190880573100337236e-01
5.079599999999999671e-01 4.320710565132400149e-01 5.000000000000000278e-02 2.201962139801993679e-01
5.088500000000000245e-01 4.340962939399329867e-01 5.000000000000000278e-02 2.212194096159625367e-01
5.097500000000000364e-01 4.339239834725430178e-01 5.000000000000000278e-02 2.221594542718434429e-01
5.106500000000000483e-01 4.424106730051540204e-01 5.000000000000000278e-02 2.230369483112232265e-01
5.115399999999999947e-01 4.477199104318470013e-01 5.000000000000000278e-02 2.238441671416117051e-01
5.124400000000000066e-01 4.474895999644569744e-01 5.000000000000000278e-02 2.245688456081827156e-01
5.133400000000000185e-01 4.471112894970680207e-01 5.000000000000000278e-02 2.252232200336286294e-01
5.142299999999999649e-01 4.480325269237609986e-01 5.000000000000000278e-02 2.258118303968752738e-01
5.151299999999999768e-01 4.509892164563710226e-01 5.000000000000000278e-02 2.263379955930527321e-01
5.160299999999999887e-01 4.498409059889820205e-01 5.000000000000000278e-02 2.267772854353999057e-01
5.169300000000000006e-01 4.430365955215920248e-01 5.000000000000000278e-02 2.271591059250236688e-01
5.178199999999999470e-01 4.499658329482850161e-01 5.000000000000000278e-02 2.274811469054634772e-01
5.187199999999999589e-01 4.529295224808960185e-01 5.000000000000000278e-02 2.277226797442618300e-01
5.196199999999999708e-01 4.538432120135060255e-01 5.000000000000000278e-02 2.279004753360857338e-01
5.205100000000000282e-01 4.613604494401989942e-01 5.000000000000000278e-02 2.280230969754801218e-01
5.214100000000000401e-01 4.683711389728100194e-01 5.000000000000000278e-02 2.280840961385461330e-01
5.223100000000000520e-01 4.714078285054210116e-01 5.000000000000000278e-02 2.280668664691308800e-01
5.231999999999999984e-01 4.656770659321129990e-01 5.000000000000000278e-02 2.279990936145696589e-01
5.241000000000000103e-01 4.615507554647240163e-01 5.000000000000000278e-02 2.278796289994346191e-01
5.249899999999999567e-01 4.595789928914170153e-01 5.000000000000000278e-02 2.276865218046439931e-01
5.258899999999999686e-01 4.579196824240269748e-01 5.000000000000000278e-02 2.274355356658647187e-01
5.267899999999999805e-01 4.590553719566379809e-01 5.000000000000000278e-02 2.271359736413651464e-01
5.276800000000000379e-01 4.534526093833309845e-01 5.000000000000000278e-02 2.267838306205780530e-01
5.285800000000000498e-01 4.545782989159409815e-01 5.000000000000000278e-02 2.263596464462228897e-01
5.294799999999999507e-01 4.577389884485519866e-01 5.000000000000000278e-02 2.258897876362425672e-01
5.303700000000000081e-01 4.528882258752440215e-01 5.000000000000000278e-02 2.253811531663399426e-01
5.312700000000000200e-01 4.483739154078549838e-01 5.000000000000000278e-02 2.247993521612917933e-01
5.321599999999999664e-01 4.495511528345479957e-01 5.000000000000000278e-02 2.241764755215540361e-01
5.330599999999999783e-01 4.517528423671590132e-01 5.000000000000000278e-02 2.235048464857284090e-01
5.339599999999999902e-01 4.501245318997689759e-01 5.000000000000000278e-02 2.227831611651107380e-01
5.348500000000000476e-01 4.470867693264620191e-01 5.000000000000000278e-02 2.220117258994391274e-01
5.357499999999999485e-01 4.453484588590719828e-01 5.000000000000000278e-02 2.211930065342185003e-01
5.366400000000000059e-01 4.389406962857649863e-01 5.000000000000000278e-02 2.203456419923272847e-01
5.375400000000000178e-01 4.399483858183759755e-01 5.000000000000000278e-02 2.194302974150823815e-01
5.384400000000000297e-01 4.378300753509870025e-01 5.000000000000000278e-02 2.184748632588766892e-01
5.393299999999999761e-01 4.411233127776790219e-01 5.000000000000000278e-02 2.174951575881532706e-01
5.402299999999999880e-01 4.468000023102899898e-01 5.000000000000000278e-02 2.164615990279211144e-01
5.411200000000000454e-01 4.490752397369829896e-01 5.000000000000000278e-02 2.153920102866127839e-01
5.420199999999999463e-01 4.529829292695929932e-01 5.000000000000000278e-02 2.142782342268154672e-01
5.429199999999999582e-01 4.547436188022039860e-01 5.000000000000000278e-02 2.131322100546932941e-01
5.438100000000000156e-01 4.551588562288970130e-01 5.000000000000000278e-02 2.119510412669278199e-01
5.447100000000000275e-01 4.522289106708419770e-01 5.000000000000000278e-02 2.107245319231806913e-01
5.455999999999999739e-01 4.549663157252900048e-01 5.000000000000000278e-02 2.094831945478672075e-01
5.464999999999999858e-01 4.550002758927100266e-01 5.000000000000000278e-02 2.081924642637274780e-01
5.473900000000000432e-01 4.473826809471579957e-01 5.000000000000000278e-02 2.068785444302786158e-01
5.482900000000000551e-01 4.512806411145769969e-01 5.000000000000000278e-02 2.055241555645573315e-01
5.491800000000000015e-01 4.488870461690249725e-01 5.000000000000000278e-02 2.041598551305054965e-01
5.500800000000000134e-01 4.519460063364439950e-01 5.000000000000000278e-02 2.027410565962475819e-01
5.509800000000000253e-01 4.519519665038639888e-01 5.000000000000000278e-02 2.012978391471931527e-01
5.518699999999999717e-01 4.553753715583119810e-01 5.000000000000000278e-02 1.998485738030000847e-01
5.527699999999999836e-01 4.592573317257310217e-01 5.000000000000000278e-02 1.983552106798520953e-01
5.536600000000000410e-01 4.601357367801789944e-01 5.000000000000000278e-02 1.968504366555770546e-01
5.545600000000000529e-01 4.544926969475989731e-01 5.000000000000000278e-02 1.953094011790570128e-01
5.554499999999999993e-01 4.389781020020470104e-01 5.000000000000000278e-02 1.937667948127889672e-01
5.563500000000000112e-01 4.348480621694659765e-01 5.000000000000000278e-02 1.921775581268287680e-01
5.572399999999999576e-01 4.429964672239140033e-01 5.000000000000000278e-02 1.905890206634208162e-01
5.581399999999999695e-01 4.341844273913340047e-01 5.000000000000000278e-02 1.889665076325850734e-01
5.590300000000000269e-01 4.224288324457819988e-01 5.000000000000000278e-02 1.873420659706128699e-01
5.599300000000000388e-01 4.184587926132010138e-01 5.000000000000000278e-02 1.856802820668513043e-01
5.608199999999999852e-01 4.161291976676489979e-01 5.000000000000000278e-02 1.840238075076093549e-01
5.617199999999999971e-01 4.181671578350690255e-01 5.000000000000000278e-02 1.823357695501243436e-01
5.626100000000000545e-01 4.149945628895170269e-01 5.000000000000000278e-02 1.806471511597725899e-01
5.635099999999999554e-01 4.131325230569359852e-01 5.000000000000000278e-02 1.789290372297269449e-01
5.644000000000000128e-01 4.125919281113840098e-01 5.000000000000000278e-02 1.772200019266130244e-01
5.653000000000000247e-01 4.078058882788039852e-01 5.000000000000000278e-02 1.754790631759099717e-01
5.661899999999999711e-01 4.040452933332520091e-01 5.000000000000000278e-02 1.737467023700681734e-01
5.670899999999999830e-01 3.958902535006709744e-01 5.000000000000000278e-02 1.719874099941331724e-01
5.679800000000000404e-01 3.877356585551189894e-01 5.000000000000000278e-02 1.702404411351775559e-01
5.688800000000000523e-01 3.852966187225390082e-01 5.000000000000000278e-02 1.684640469995524192e-01
5.697699999999999987e-01 3.787320237769870035e-01 5.000000000000000278e-02 1.667025016079442257e-01
5.706599999999999451e-01 3.621514288314349739e-01 5.000000000000000278e-02 1.649364901329932187e-01
5.715599999999999570e-01 3.598693889988540118e-01 5.000000000000000278e-02 1.631453047033660508e-01
5.724500000000000144e-01 3.551597940533020026e-01 5.000000000000000278e-02 1.613705333181899848e-01
5.733500000000000263e-01 3.475837542207220188e-01 5.000000000000000278e-02 1.595736967156627384e-01
5.742399999999999727e-01 3.416381592751699947e-01 5.000000000000000278e-02 1.577949999367247169e-01
5.751399999999999846e-01 3.308861194425889996e-01 5.000000000000000278e-02 1.559951927957093643e-01
5.760300000000000420e-01 3.341015244970370057e-01 5.000000000000000278e-02 1.542155900677857072e-01
5.769300000000000539e-01 3.268394846644570029e-01 5.000000000000000278e-02 1.524165213721030976e-01
5.778200000000000003e-01 3.354258897189050237e-01 5.000000000000000278e-02 1.506392183435767140e-01
5.787099999999999467e-01 3.375732947733530165e-01 5.000000000000000278e-02 1.488646149992917112e-01
5.796099999999999586e-01 3.246232549407719881e-01 5.000000000000000278e-02 1.470727924492692684e-01
5.805000000000000160e-01 3.160216599952199723e-01 5.000000000000000278e-02 1.453043380789883487e-01
5.814000000000000279e-01 3.064436201626399847e-01 5.000000000000000278e-02 1.435222768571841612e-01
5.822899999999999743e-01 2.986150252170879926e-01 5.000000000000000278e-02 1.417647819836233003e-01
5.831800000000000317e-01 2.906664302715359915e-01 5.000000000000000278e-02 1.400122350699846696e-01
5.840800000000000436e-01 2.739793904389549728e-01 5.000000000000000278e-02 1.382485721482233365e-01
5.849699999999999900e-01 2.663167954934029802e-01 5.000000000000000278e-02 1.365122915806001869e-01
5.858700000000000019e-01 2.662097556608229998e-01 5.000000000000000278e-02 1.347635057003420400e-01
5.867599999999999483e-01 2.665761607152710155e-01 5.000000000000000278e-02 1.330426414587997097e-01
5.876500000000000057e-01 2.466035657697190075e-01 5.000000000000000278e-02 1.313339744594453906e-01
5.885500000000000176e-01 2.312665259371380067e-01 5.000000000000000278e-02 1.296148749088235907e-01
5.894399999999999640e-01 2.266079309915859930e-01 5.000000000000000278e-02 1.279237733308206670e-01
5.903399999999999759e-01 2.247528911590060130e-01 5.000000000000000278e-02 1.262284648034899814e-01
5.912300000000000333e-01 2.234802962134539994e-01 5.000000000000000278e-02 1.245637826168559531e-01
5.921199999999999797e-01 2.243777012679019911e-01 5.000000000000000278e-02 1.229095134167846187e-01
5.939100000000000490e-01 2.200420664897690115e-01 5.000000000000000278e-02 1.196260451443949130e-01
5.947999999999999954e-01 2.026824715442170077e-01 5.000000000000000278e-02 1.180138716909742425e-01
5.957000000000000073e-01 1.821524317116370029e-01 5.000000000000000278e-02 1.163960045479168759e-01
5.965899999999999537e-01 1.778198367660850099e-01 5.000000000000000278e-02 1.148162379030436414e-01
5.974800000000000111e-01 1.806582418205329998e-01 5.000000000000000278e-02 1.132509746660017996e-01
5.983800000000000230e-01 1.721802019879520029e-01 5.000000000000000278e-02 1.116818334411205371e-01
5.992699999999999694e-01 1.689516070424000038e-01 5.000000000000000278e-02 1.101476796693325738e-01
6.001600000000000268e-01 1.602640120968480131e-01 5.000000000000000278e-02 1.086336877845946874e-01
6.010600000000000387e-01 1.626709722642679934e-01 5.000000000000000278e-02 1.071175343688230974e-01
6.019499999999999851e-01 1.502583773187159966e-01 5.000000000000000278e-02 1.056330239984665242e-01
6.028400000000000425e-01 1.456677823731639954e-01 5.000000000000000278e-02 1.041736068747590865e-01
6.037400000000000544e-01 1.252017425405829998e-01 5.000000000000000278e-02 1.027142429281748676e-01
6.046300000000000008e-01 1.206291475950310027e-01 5.000000000000000278e-02 1.012869554863168597e-01
6.055199999999999472e-01 1.101845526494800026e-01 5.000000000000000278e-02 9.988105472586444877e-02
6.064199999999999591e-01 1.010895128168989993e-01 5.000000000000000278e-02 9.848182167855433489e-02
6.073100000000000165e-01 1.144109178713469954e-01 5.000000000000000278e-02 9.711492827830162100e-02
6.081999999999999629e-01 1.272323229257950050e-01 5.000000000000000278e-02 9.576508267109473671e-02
6.090999999999999748e-01 1.378782830932140102e-01 5.000000000000000278e-02 9.442886356722197949e-02
6.099900000000000322e-01 1.264186881476629942e-01 5.000000000000000278e-02 9.312508188429274858e-02
6.108799999999999786e-01 1.014240932021110014e-01 5.000000000000000278e-02 9.183865174012775801e-02
6.117700000000000360e-01 1.096374982565589962e-01 5.000000000000000278e-02 9.057687741699001205e-02
6.126700000000000479e-01 1.105934584239779972e-01 5.000000000000000278e-02 8.932429862831631207e-02
6.135599999999999943e-01 1.111108634784259974e-01 5.000000000000000278e-02 8.810381764514431391e-02
6.144500000000000517e-01 9.558726853287430325e-02 5.000000000000000278e-02 8.690290801460417991e-02
6.153399999999999981e-01 7.991467358732229354e-02 5.000000000000000278e-02 8.573136389479497910e-02
6.162400000000000100e-01 6.431063375474170563e-02 5.000000000000000278e-02 8.456537875213759881e-02
6.171299999999999564e-01 6.188203880918979882e-02 5.000000000000000278e-02 8.343094106055969073e-02
6.180200000000000138e-01 5.877244386363789791e-02 5.000000000000000278e-02 8.232369796644482818e-02
6.189099999999999602e-01 6.970384891808589778e-02 5.000000000000000278e-02 8.123940304782389932e-02
6.198099999999999721e-01 6.300880908550539339e-02 5.000000000000000278e-02 8.016206516827292794e-02
6.207000000000000295e-01 7.561721413995349528e-02 5.000000000000000278e-02 7.911835802434005749e-02
6.215899999999999759e-01 7.442461919440150619e-02 5.000000000000000278e-02 7.810379605012061910e-02
6.224800000000000333e-01 7.781002424884959912e-02 5.000000000000000278e-02 7.710807712347941822e-02
6.233800000000000452e-01 4.866998441626899791e-02 5.000000000000000278e-02 7.612056548966739111e-02
6.242699999999999916e-01 2.286638947071700095e-02 5.000000000000000278e-02 7.517298667216978925e-02
6.251600000000000490e-01 2.463479452516510043e-02 5.000000000000000278e-02 7.424746212120879318e-02
6.260499999999999954e-01 3.587519957961320116e-02 5.000000000000000278e-02 7.334080773431572720e-02
6.269500000000000073e-01 4.897815974703260272e-02 5.000000000000000278e-02 7.244747988609626099e-02
6.278399999999999537e-01 6.147356480148059854e-02 5.000000000000000278e-02 7.159205615622007968e-02
6.287300000000000111e-01 3.773996985592879827e-02 5.000000000000000278e-02 7.075540139031163966e-02
6.296199999999999575e-01 1.913637491037679939e-02 5.000000000000000278e-02 6.993749491091270920e-02
6.305100000000000149e-01 2.978377996482490034e-02 5.000000000000000278e-02 6.914974034121398883e-02
6.314100000000000268e-01 2.958774013224430011e-02 5.000000000000000278e-02 6.837364612860835633e-02
6.322999999999999732e-01 2.636114518669229953e-02 5.000000000000000278e-02 6.762491879664493666e-02
6.331900000000000306e-01 2.468855024114050001e-02 5.000000000000000278e-02 6.690009683879916125e-02
6.340799999999999770e-01 1.003395529558850051e-02 5.000000000000000278e-02 6.620096647296787318e-02
6.349700000000000344e-01 2.464336035003659997e-02 5.000000000000000278e-02 6.552001616138117268e-02
6.358599999999999808e-01 2.498076540448460059e-02 5.000000000000000278e-02 6.485719655394610317e-02
6.367599999999999927e-01 3.454872557190410282e-02 5.000000000000000278e-02 6.421773621575030400e-02
6.376500000000000501e-01 1.515186937364780030e-02 5.000000000000000278e-02 6.360352164527516283e-02
6.385399999999999965e-01 1.465746431919980053e-02 5.000000000000000278e-02 6.300698205003148200e-02
6.394300000000000539e-01 1.433507998036319918e-02 5.000000000000000278e-02 6.243460748090663703e-02
6.403200000000000003e-01 2.542447941589980054e-02 5.000000000000000278e-02 6.188508317381292978e-02
6.412099999999999467e-01 3.149403881216290141e-02 5.000000000000000278e-02 6.135268923725862439e-02
6.421000000000000041e-01 3.840659820842599881e-02 5.000000000000000278e-02 6.083868127628527106e-02
6.430000000000000160e-01 1.417238667175750068e-02 5.000000000000000278e-02 6.034639437129232092e-02
6.438899999999999624e-01 1.413182727549439945e-02 5.000000000000000278e-02 5.987637672570236130e-02
6.447800000000000198e-01 2.719073212076869930e-02 5.000000000000000278e-02 5.942276346416391908e-02
6.456699999999999662e-01 4.681929151703170117e-02 5.000000000000000278e-02 5.899278689331917402e-02
6.465600000000000236e-01 1.282585091329480065e-02 5.000000000000000278e-02 5.858246137717659091e-02
6.474499999999999700e-01 1.396958969044210033e-02 5.000000000000000278e-02 5.818781544636938974e-02
6.483400000000000274e-01 2.690696970582090106e-02 5.000000000000000278e-02 5.781120994123420398e-02
6.492299999999999738e-01 4.390252910208399667e-02 5.000000000000000278e-02 5.745796466665018670e-02
6.501299999999999857e-01 3.707454422190060300e-02 5.000000000000000278e-02 5.711594357425192614e-02
6.510200000000000431e-01 7.272110361816369606e-02 5.000000000000000278e-02 5.679263033819367118e-02
6.519099999999999895e-01 4.857466301442669998e-02 5.000000000000000278e-02 5.649163223253696881e-02
6.528000000000000469e-01 2.906522241068979981e-02 5.000000000000000278e-02 5.620691082703186542e-02
6.536899999999999933e-01 4.808378180695289938e-02 5.000000000000000278e-02 5.593608173818770402e-02
6.545800000000000507e-01 6.200234120321589798e-02 5.000000000000000278e-02 5.568227381647269242e-02
6.554699999999999971e-01 5.605990059947899701e-02 5.000000000000000278e-02 5.544779442578309792e-02
6.563600000000000545e-01 5.974545999574210065e-02 5.000000000000000278e-02 5.522627551553771497e-02
6.572500000000000009e-01 5.035901939200509991e-02 5.000000000000000278e-02 5.501759238479358993e-02
6.581399999999999473e-01 5.515657878826819849e-02 5.000000000000000278e-02 5.482937057384935919e-02
6.590300000000000047e-01 6.101213818453130044e-02 5.000000000000000278e-02 5.465381113538566454e-02
6.599199999999999511e-01 6.066569758079429914e-02 5.000000000000000278e-02 5.449009664074017795e-02
6.608100000000000085e-01 5.404825697705740312e-02 5.000000000000000278e-02 5.434194187308024476e-02
6.617100000000000204e-01 5.200227209687399710e-02 5.000000000000000278e-02 5.420738370360277114e-02
6.625999999999999668e-01 6.281083149313700098e-02 5.000000000000000278e-02 5.408529286424606369e-02
6.634900000000000242e-01 7.421539088940010132e-02 5.000000000000000278e-02 5.397414781213531743e-02
6.643799999999999706e-01 7.917495028566319537e-02 5.000000000000000278e-02 5.388005110741651144e-02
6.652700000000000280e-01 6.893950968192620599e-02 5.000000000000000278e-02 5.379568741261524234e-02
6.661599999999999744e-01 7.055806907818930329e-02 5.000000000000000278e-02 5.372091459301638755e-02
6.670500000000000318e-01 6.087562847445240205e-02 5.000000000000000278e-02 5.365934854755694677e-02
6.679399999999999782e-01 7.426518787071539895e-02 5.000000000000000278e-02 5.360893151967170006e-02
6.688300000000000356e-01 7.650674726697849481e-02 5.000000000000000278e-02 5.356700259298583650e-02
6.697199999999999820e-01 7.899230666324159877e-02 5.000000000000000278e-02 5.353442300641567814e-02
6.706100000000000394e-01 8.501186605950460107e-02 5.000000000000000278e-02 5.351408885383342889e-02
6.714999999999999858e-01 6.781042545576769498e-02 5.000000000000000278e-02 5.350111915999580803e-02
6.723900000000000432e-01 7.649698485203079712e-02 5.000000000000000278e-02 5.349536634639278504e-02
6.732799999999999896e-01 7.664854424829380120e-02 5.000000000000000278e-02 5.350002946626690459e-02
6.741700000000000470e-01 7.759110364455690245e-02 5.000000000000000278e-02 5.351207900409532536e-02
6.750599999999999934e-01 7.085266304081999644e-02 5.000000000000000278e-02 5.353020592221567620e-02
6.759500000000000508e-01 7.577922243708300198e-02 5.000000000000000278e-02 5.355548768281719052e-02
6.768399999999999972e-01 7.366678183334610108e-02 5.000000000000000278e-02 5.358858201988964121e-02
6.777300000000000546e-01 8.336734122960920423e-02 5.000000000000000278e-02 5.362660789922194665e-02
6.786200000000000010e-01 8.662590062587219308e-02 5.000000000000000278e-02 5.366941597036816586e-02
6.795099999999999474e-01 8.504046002213530575e-02 5.000000000000000278e-02 5.371926985699482238e-02
6.804000000000000048e-01 9.502001941839839649e-02 5.000000000000000278e-02 5.377320637677079906e-02
6.812899999999999512e-01 7.588157881466139898e-02 5.000000000000000278e-02 5.383077998250453133e-02
6.821800000000000086e-01 7.437013821092450239e-02 5.000000000000000278e-02 5.389278129075051466e-02
6.830600000000000005e-01 8.746824188363409858e-02 5.000000000000000278e-02 5.395790176905489871e-02
6.839499999999999469e-01 5.846080127989709829e-02 5.000000000000000278e-02 5.402622776406212218e-02
6.848400000000000043e-01 5.958636067616020215e-02 5.000000000000000278e-02 5.409701088869053182e-02
6.857299999999999507e-01 5.914492007242330013e-02 5.000000000000000278e-02 5.417083707277638160e-02
6.866200000000000081e-01 5.899247946868629855e-02 5.000000000000000278e-02 5.424604782491151272e-02
6.875099999999999545e-01 7.338803886494940643e-02 5.000000000000000278e-02 5.432249836027775586e-02
6.884000000000000119e-01 8.695859826121249414e-02 5.000000000000000278e-02 5.440022241481047571e-02
6.892899999999999583e-01 7.550915765747549802e-02 5.000000000000000278e-02 5.447844278345707891e-02
6.901800000000000157e-01 8.341971705373860124e-02 5.000000000000000278e-02 5.455680180973219301e-02
6.910699999999999621e-01 6.803527645000169433e-02 5.000000000000000278e-02 5.463507312051651965e-02
6.919600000000000195e-01 7.878483584626469471e-02 5.000000000000000278e-02 5.471250172072483764e-02
6.928499999999999659e-01 8.733539524252779962e-02 5.000000000000000278e-02 5.478899359008133213e-02
6.937400000000000233e-01 8.358195463879089515e-02 5.000000000000000278e-02 5.486441093124617974e-02
6.946200000000000152e-01 7.369805831150040565e-02 5.000000000000000278e-02 5.493672902407549519e-02
6.955099999999999616e-01 3.519561770776349907e-02 5.000000000000000278e-02 5.500771063080455575e-02
6.964000000000000190e-01 1.137517710402649943e-02 5.000000000000000278e-02 5.507658766183809451e-02
6.972899999999999654e-01 1.169826349971040021e-02 5.000000000000000278e-02 5.514245838764764152e-02
6.981800000000000228e-01 1.752829589655269943e-02 5.000000000000000278e-02 5.520434209883005178e-02
6.990699999999999692e-01 3.411985529281569979e-02 5.000000000000000278e-02 5.526311922105157926e-02
6.999600000000000266e-01 2.142041468907879970e-02 5.000000000000000278e-02 5.531866158773404013e-02
7.008499999999999730e-01 1.153602591465809936e-02 5.000000000000000278e-02 5.536809748832703659e-02
7.017299999999999649e-01 7.090307775805139434e-02 5.000000000000000278e-02 5.541289653291085748e-02
7.026200000000000223e-01 7.292563715431449323e-02 5.000000000000000278e-02 5.545407089206543655e-02
7.035099999999999687e-01 7.698219655057760014e-02 5.000000000000000278e-02 5.548902294853174516e-02
7.044000000000000261e-01 5.637075594684060054e-02 5.000000000000000278e-02 5.551763753435663001e-02
7.052899999999999725e-01 1.494931534310369944e-02 5.000000000000000278e-02 5.554116490978923404e-02
7.061800000000000299e-01 1.661787473936680165e-02 5.000000000000000278e-02 5.555895227338565612e-02
7.070600000000000218e-01 2.269797841207630076e-02 5.000000000000000278e-02 5.556763666737812163e-02
7.079499999999999682e-01 5.426537808339380181e-03 5.000000000000000278e-02 5.557058382315309408e-02
7.088400000000000256e-01 3.543509720460250034e-02 5.000000000000000278e-02 5.556748655430412270e-02
7.097299999999999720e-01 7.621365660086550087e-02 5.000000000000000278e-02 5.555478930115628072e-02
7.106200000000000294e-01 7.918721599712859327e-02 5.000000000000000278e-02 5.553418125754001899e-02
7.115000000000000213e-01 5.107531966983810262e-02 5.000000000000000278e-02 5.550713913175670672e-02
7.123899999999999677e-01 4.146587906610119806e-02 5.000000000000000278e-02 5.547116650809266053e-02
7.132800000000000251e-01 2.303143846236430092e-02 5.000000000000000278e-02 5.542445234702425561e-02
7.141699999999999715e-01 1.092900214137270017e-02 5.000000000000000278e-02 5.537016949145997374e-02
7.150600000000000289e-01 3.642442745109599964e-03 5.000000000000000278e-02 5.530822580153812312e-02
7.159400000000000208e-01 5.329066092759990325e-02 5.000000000000000278e-02 5.523412983903518148e-02
7.168299999999999672e-01 1.080777967613700055e-02 5.000000000000000278e-02 5.515059539405652023e-02
7.177200000000000246e-01 1.076722027987389932e-02 5.000000000000000278e-02 5.505873949760772129e-02
7.186099999999999710e-01 1.184733911638909988e-02 5.000000000000000278e-02 5.495535427619181734e-02
7.195000000000000284e-01 4.462389851265220059e-02 5.000000000000000278e-02 5.484018714571494563e-02
7.203800000000000203e-01 6.000800218536180008e-02 5.000000000000000278e-02 5.471759663205470053e-02
7.212699999999999667e-01 3.084556158162480091e-02 5.000000000000000278e-02 5.458398005968535804e-02
7.221600000000000241e-01 4.884612097788790241e-02 5.000000000000000278e-02 5.443533302843218263e-02
7.230499999999999705e-01 3.858268037415100299e-02 5.000000000000000278e-02 5.427722741536409462e-02
7.239299999999999624e-01 1.048421595313949947e-02 5.000000000000000278e-02 5.411164306055237655e-02
7.248200000000000198e-01 7.418734344312359619e-02 5.000000000000000278e-02 5.392970738260617625e-02
7.257099999999999662e-01 7.380690283938659557e-02 5.000000000000000278e-02 5.373586341625117418e-02
7.265899999999999581e-01 1.098600651209620006e-02 5.000000000000000278e-02 5.353446531202623454e-02
7.274800000000000155e-01 1.032243409164070036e-02 5.000000000000000278e-02 5.331859039604529282e-02
7.283699999999999619e-01 5.854212530462230002e-02 5.000000000000000278e-02 5.308750367908648959e-02
7.292600000000000193e-01 3.811768470088539723e-02 5.000000000000000278e-02 5.284604769099172233e-02
7.301400000000000112e-01 1.020121162640509963e-02 5.000000000000000278e-02 5.259719750411250005e-02
7.310299999999999576e-01 1.035634776985800039e-02 5.000000000000000278e-02 5.232826986046099083e-02
7.319200000000000150e-01 1.980890716612110011e-02 5.000000000000000278e-02 5.204796870043709028e-02
7.328000000000000069e-01 1.007998916116940001e-02 5.000000000000000278e-02 5.176037400504548969e-02
7.336899999999999533e-01 3.538857023509370259e-02 5.000000000000000278e-02 5.145491232364214629e-02
7.345800000000000107e-01 3.194912963135679990e-02 5.000000000000000278e-02 5.113477953354131356e-02
7.354600000000000026e-01 2.496623330406630079e-02 5.000000000000000278e-02 5.080753052345107768e-02
7.363499999999999490e-01 9.918207299670619981e-03 5.000000000000000278e-02 5.046481476040037828e-02
7.372400000000000064e-01 9.877647903407549973e-03 5.000000000000000278e-02 5.010409125863099500e-02
7.381299999999999528e-01 2.304291149285549872e-02 5.000000000000000278e-02 4.973222818994468136e-02
7.390099999999999447e-01 9.796984834434939449e-03 5.000000000000000278e-02 4.935369819874218383e-02
7.399000000000000021e-01 9.756425438171869441e-03 5.000000000000000278e-02 4.895415013874739041e-02
7.407899999999999485e-01 9.715866041908809841e-03 5.000000000000000278e-02 4.854106047092852233e-02
7.416700000000000514e-01 9.675762369199250243e-03 5.000000000000000278e-02 4.812164125986571894e-02
7.425599999999999978e-01 9.635202972936190643e-03 5.000000000000000278e-02 4.768383584636969041e-02
7.434399999999999897e-01 3.955390069977340189e-02 5.000000000000000278e-02 4.723441670773303319e-02
7.443300000000000471e-01 2.571146009603639954e-02 5.000000000000000278e-02 4.676880496236815454e-02
7.452199999999999935e-01 2.561801949229949860e-02 5.000000000000000278e-02 4.629192081218721361e-02
7.460999999999999854e-01 9.473876834990959186e-03 5.000000000000000278e-02 4.580219056745276490e-02
7.469900000000000428e-01 9.433317438727889179e-03 5.000000000000000278e-02 4.529514225988882925e-02
7.478799999999999892e-01 1.189224195753520001e-02 5.000000000000000278e-02 4.477687452357278358e-02
7.487599999999999811e-01 2.016434563024470036e-02 5.000000000000000278e-02 4.424943527170317747e-02
7.496500000000000385e-01 9.312094973492199973e-03 5.000000000000000278e-02 4.370122162155944123e-02
7.505300000000000304e-01 1.202100869921730007e-02 5.000000000000000278e-02 4.314832505632443943e-02
7.514199999999999768e-01 5.271256809548040267e-02 5.000000000000000278e-02 4.257710878828769446e-02
7.523100000000000342e-01 8.341127491743479533e-03 5.000000000000000278e-02 4.198821592552136328e-02
7.531900000000000261e-01 9.150768835546970251e-03 5.000000000000000278e-02 4.139524099073833147e-02
7.540799999999999725e-01 1.005579056071610050e-02 5.000000000000000278e-02 4.078474613982863151e-02
7.549599999999999644e-01 1.576894233425640054e-03 5.000000000000000278e-02 4.016493240455853292e-02
7.558500000000000218e-01 9.029546370311289719e-03 5.000000000000000278e-02 3.952558594469825215e-02
7.567399999999999682e-01 8.988986974048219711e-03 5.000000000000000278e-02 3.887560209888336199e-02
7.576199999999999601e-01 8.948883301338679194e-03 5.000000000000000278e-02 3.822003006199585495e-02
7.585100000000000176e-01 3.410967609492440017e-02 5.000000000000000278e-02 3.754189919794449770e-02
7.593900000000000095e-01 4.948577976763399860e-02 5.000000000000000278e-02 3.686129029746514768e-02
7.602799999999999558e-01 5.593333916389699872e-02 5.000000000000000278e-02 3.616275049128743480e-02
7.611599999999999477e-01 1.934744283660659939e-02 5.000000000000000278e-02 3.545531002767356860e-02
7.620500000000000052e-01 6.241002232869629664e-03 5.000000000000000278e-02 3.472978600055399295e-02
7.629299999999999971e-01 5.194910590557919733e-02 5.000000000000000278e-02 3.400277641436757342e-02
7.638200000000000545e-01 5.155766530184219959e-02 5.000000000000000278e-02 3.325373807975411100e-02
7.647000000000000464e-01 8.626231025448209341e-03 5.000000000000000278e-02 3.250094198940858131e-02
7.655899999999999928e-01 3.514732837081489814e-02 5.000000000000000278e-02 3.173025846647532788e-02
7.664699999999999847e-01 4.659443204352439749e-02 5.000000000000000278e-02 3.095773868347872701e-02
7.673600000000000421e-01 1.798099143978749981e-02 5.000000000000000278e-02 3.016221806727810775e-02
7.682499999999999885e-01 3.115155083605049974e-02 5.000000000000000278e-02 2.935771146550692628e-02
7.691299999999999804e-01 4.144665450876010293e-02 5.000000000000000278e-02 2.855357803029167155e-02
7.700200000000000378e-01 8.383786094976839603e-03 5.000000000000000278e-02 2.772662163448978007e-02
7.709000000000000297e-01 5.278131757773270316e-02 5.000000000000000278e-02 2.689953139456047193e-02
7.717800000000000216e-01 5.391142125044229988e-02 5.000000000000000278e-02 2.606437903066184669e-02
7.726699999999999680e-01 7.891398064670529511e-02 5.000000000000000278e-02 2.520899174178860280e-02
7.735499999999999599e-01 8.012608431941489751e-02 5.000000000000000278e-02 2.435226650086922892e-02
7.744400000000000173e-01 8.870064371567790151e-02 5.000000000000000278e-02 2.347812948327657190e-02
7.753200000000000092e-01 6.783574738838750451e-02 5.000000000000000278e-02 2.260596760764989679e-02
7.762099999999999556e-01 5.711330678465049993e-02 5.000000000000000278e-02 2.171159776511780506e-02
7.770899999999999475e-01 9.527841045736010206e-02 5.000000000000000278e-02 2.082024414571643708e-02
7.779800000000000049e-01 7.735396985362319455e-02 5.000000000000000278e-02 1.991174409860274261e-02
7.788599999999999968e-01 4.012307352633270180e-02 5.000000000000000278e-02 1.900347612338317352e-02
7.797500000000000542e-01 6.189963292259580141e-02 5.000000000000000278e-02 1.807690630671040383e-02
7.806300000000000461e-01 7.764473659530529703e-02 5.000000000000000278e-02 1.715448068105466031e-02
7.815199999999999925e-01 5.547629599156839869e-02 5.000000000000000278e-02 1.621403448061506034e-02
7.823999999999999844e-01 7.627939966427789431e-02 5.000000000000000278e-02 1.527535547445778470e-02
7.832799999999999763e-01 8.555850333698750143e-02 5.000000000000000278e-02 1.433117426094731445e-02
7.841700000000000337e-01 7.917806273325060651e-02 5.000000000000000278e-02 1.337067637922586573e-02
7.850500000000000256e-01 7.407916640596010072e-02 5.000000000000000278e-02 1.241229003146537661e-02
7.859399999999999720e-01 8.280272580222319823e-02 5.000000000000000278e-02 1.143782839969165362e-02
7.868199999999999639e-01 8.164282947493270437e-02 5.000000000000000278e-02 1.046954547374484915e-02
7.877100000000000213e-01 6.979038887119580481e-02 5.000000000000000278e-02 9.483798724629564567e-03
7.885900000000000132e-01 8.509449254390540063e-02 5.000000000000000278e-02 8.503498442442802840e-03
7.894700000000000051e-01 9.826159621661489929e-02 5.000000000000000278e-02 7.519218319168287541e-03
7.903599999999999515e-01 8.987315561287799459e-02 5.000000000000000278e-02 6.519282625746278953e-03
7.912400000000000544e-01 9.839925928558750090e-02 5.000000000000000278e-02 5.524883741674217232e-03
7.921200000000000463e-01 1.001523629582970060e-01 5.000000000000000278e-02 4.527258079682824725e-03
7.930099999999999927e-01 6.991192235456010484e-02 5.000000000000000278e-02 3.515065332888144944e-03
7.938899999999999846e-01 6.210802602726969712e-02 5.000000000000000278e-02 2.509672620742013031e-03
7.947800000000000420e-01 6.205958542353279955e-02 5.000000000000000278e-02 1.489941566951221482e-03
7.956600000000000339e-01 3.848368909624230033e-02 5.000000000000000278e-02 7.210148957685461090e-04
7.965400000000000258e-01 3.417779276895179658e-02 5.000000000000000278e-02 7.265925930812661441e-04
7.974299999999999722e-01 6.281235216521489917e-02 5.000000000000000278e-02 1.561953822516944134e-03
7.983099999999999641e-01 8.044045583792450160e-02 5.000000000000000278e-02 2.579688097062859172e-03
7.991899999999999560e-01 8.318855951063400256e-02 5.000000000000000278e-02 3.598981476710794766e-03
8.000800000000000134e-01 7.200311890689710392e-02 5.000000000000000278e-02 4.631766380122178360e-03
8.009600000000000053e-01 6.973777420393369869e-03 5.000000000000000278e-02 5.653750920991610154e-03
