# Q Iq dIq dQ fit
2.025000000000000064e-02 9.131999999999999673e+00 1.381999999999999895e-01 1.415999999999999941e-03 8.932807920622302333e+00
2.060999999999999985e-02 8.855999999999999872e+00 7.621999999999999609e-02 2.311000000000000120e-03 8.822190863327218580e+00
2.066000000000000128e-02 8.631000000000000227e+00 1.233000000000000068e-01 1.428999999999999932e-03 8.601695893327958586e+00
2.106999999999999845e-02 8.412000000000000810e+00 1.338000000000000023e-01 1.441999999999999922e-03 8.289882005660304642e+00
2.147999999999999909e-02 8.111000000000000654e+00 1.288999999999999868e-01 1.454999999999999913e-03 7.995622859385017378e+00
2.188999999999999974e-02 7.879999999999999893e+00 1.203999999999999931e-01 1.469000000000000037e-03 7.715009593655942410e+00
2.194000000000000117e-02 7.910000000000000142e+00 6.360999999999999988e-02 2.337000000000000102e-03 7.817206405432372662e+00
2.230000000000000038e-02 7.477999999999999758e+00 1.165000000000000063e-01 1.482000000000000027e-03 7.443341777123438696e+00
2.271000000000000102e-02 7.157000000000000028e+00 1.131000000000000061e-01 1.495999999999999934e-03 7.201358512706661053e+00
2.312000000000000166e-02 6.878999999999999559e+00 1.123999999999999999e-01 1.508999999999999925e-03 6.958654841605713237e+00
2.326999999999999902e-02 7.102000000000000313e+00 5.675999999999999795e-02 2.364999999999999915e-03 6.986197948519730971e+00
2.352999999999999883e-02 6.684999999999999609e+00 1.043000000000000038e-01 1.523000000000000048e-03 6.739207393597923534e+00
2.392999999999999988e-02 6.557999999999999829e+00 1.097999999999999948e-01 1.536999999999999955e-03 6.538544132120870600e+00
2.434000000000000052e-02 6.298000000000000043e+00 1.067000000000000032e-01 1.551000000000000078e-03 6.331475137150577304e+00
2.460000000000000034e-02 6.379999999999999893e+00 5.041999999999999954e-02 2.393999999999999861e-03 6.291076112866483605e+00
2.475000000000000117e-02 6.269000000000000128e+00 1.039999999999999952e-01 1.564999999999999985e-03 6.141698363019090223e+00
2.515999999999999834e-02 5.847999999999999865e+00 1.074999999999999983e-01 1.580000000000000024e-03 5.964148217588870260e+00
2.556999999999999898e-02 5.732999999999999652e+00 1.101000000000000034e-01 1.593999999999999931e-03 5.784242742571591656e+00
2.593000000000000166e-02 5.783000000000000362e+00 4.472000000000000280e-02 2.423999999999999939e-03 5.711449214875744751e+00
2.725999999999999951e-02 5.230000000000000426e+00 4.089000000000000273e-02 2.455999999999999850e-03 5.203136038345749448e+00
2.859000000000000083e-02 4.753999999999999559e+00 3.701999999999999735e-02 2.488999999999999893e-03 4.771357131025752984e+00
2.990999999999999909e-02 4.445999999999999730e+00 3.520000000000000212e-02 2.523000000000000069e-03 4.399026436158319342e+00
3.124000000000000041e-02 4.030999999999999694e+00 3.164999999999999758e-02 2.557999999999999944e-03 4.071802030327147826e+00
3.257000000000000173e-02 3.720000000000000195e+00 3.047000000000000056e-02 2.593999999999999952e-03 3.777637676316904169e+00
3.389999999999999958e-02 3.528000000000000025e+00 3.180999999999999800e-02 2.631000000000000092e-03 3.523534553889246190e+00
3.522999999999999743e-02 3.220000000000000195e+00 2.783000000000000057e-02 2.668999999999999932e-03 3.308915852671677982e+00
3.656000000000000222e-02 3.076000000000000068e+00 2.826000000000000040e-02 2.707999999999999904e-03 3.107330108329513507e+00
3.787999999999999701e-02 2.862000000000000099e+00 2.333000000000000004e-02 2.746999999999999876e-03 2.928099480916759756e+00
3.921000000000000180e-02 2.741999999999999993e+00 2.403999999999999887e-02 2.788000000000000114e-03 2.765810401951044550e+00
4.053999999999999965e-02 2.613999999999999879e+00 2.425000000000000072e-02 2.830000000000000050e-03 2.619419266282935421e+00
4.186999999999999750e-02 2.484999999999999876e+00 2.273999999999999980e-02 2.871999999999999987e-03 2.487319235573351772e+00
4.320000000000000229e-02 2.346000000000000085e+00 2.142000000000000154e-02 2.915000000000000056e-03 2.366618955616209607e+00
4.451999999999999708e-02 2.241999999999999993e+00 1.992000000000000021e-02 2.958000000000000126e-03 2.257815857115440306e+00
4.585000000000000187e-02 2.158999999999999808e+00 2.077999999999999986e-02 3.001999999999999894e-03 2.157666590380359128e+00
4.717999999999999972e-02 2.100000000000000089e+00 2.032000000000000126e-02 3.046999999999999795e-03 2.065663049514633087e+00
4.850000000000000144e-02 1.997999999999999998e+00 1.910999999999999852e-02 3.092999999999999829e-03 1.982394161691329426e+00
4.982999999999999929e-02 1.897000000000000020e+00 1.683000000000000121e-02 3.138999999999999863e-03 1.904037501289250756e+00
5.049000000000000016e-02 1.834000000000000075e+00 1.544000000000000060e-02 6.380000000000000254e-03 1.917116826601429125e+00
5.115999999999999714e-02 1.824000000000000066e+00 1.765999999999999862e-02 3.184999999999999897e-03 1.836688031713465286e+00
5.247999999999999887e-02 1.772999999999999909e+00 1.717000000000000123e-02 3.233000000000000197e-03 1.770978414774620369e+00
5.380999999999999672e-02 1.709999999999999964e+00 1.685999999999999999e-02 3.279999999999999930e-03 1.709784798806876172e+00
5.514000000000000151e-02 1.653000000000000025e+00 1.711000000000000021e-02 3.327999999999999795e-03 1.653011487950872827e+00
5.580000000000000238e-02 1.616999999999999993e+00 1.293000000000000052e-02 6.472000000000000322e-03 1.655526005368881393e+00
5.646000000000000324e-02 1.614999999999999991e+00 1.566999999999999990e-02 3.376999999999999794e-03 1.600449617302575289e+00
5.779000000000000109e-02 1.552999999999999936e+00 1.566000000000000031e-02 3.425999999999999792e-03 1.551443829397876062e+00
5.911000000000000282e-02 1.542000000000000037e+00 1.536000000000000039e-02 3.474999999999999790e-03 1.506516785343206877e+00
6.044000000000000067e-02 1.447999999999999954e+00 1.490999999999999964e-02 3.524999999999999922e-03 1.463071372469559650e+00
6.110000000000000153e-02 1.425000000000000044e+00 1.106999999999999998e-02 6.572999999999999850e-03 1.463459125670697247e+00
6.176000000000000240e-02 1.423000000000000043e+00 1.493000000000000056e-02 3.575000000000000053e-03 1.422814584436055796e+00
6.308999999999999331e-02 1.417000000000000037e+00 1.544000000000000060e-02 3.625999999999999883e-03 1.385267986307046062e+00
6.440999999999999504e-02 1.356999999999999984e+00 1.372999999999999915e-02 3.677000000000000147e-03 1.350920151239127787e+00
6.572999999999999676e-02 1.316000000000000059e+00 1.332999999999999984e-02 3.727999999999999977e-03 1.319061250918542427e+00
6.640000000000000069e-02 1.296999999999999931e+00 8.613000000000000864e-03 6.681999999999999572e-03 1.319367047540452420e+00
6.705999999999999461e-02 1.298999999999999932e+00 1.230999999999999976e-02 3.778999999999999807e-03 1.288035454462176599e+00
6.837999999999999634e-02 1.276000000000000023e+00 1.391000000000000049e-02 3.831000000000000204e-03 1.259312822974141710e+00
6.970999999999999419e-02 1.254999999999999893e+00 1.306000000000000043e-02 3.883000000000000167e-03 1.232569277763384541e+00
7.102999999999999592e-02 1.217000000000000082e+00 1.246000000000000059e-02 3.936000000000000262e-03 1.205637457096380816e+00
7.169000000000000372e-02 1.197000000000000064e+00 7.288000000000000207e-03 6.799000000000000356e-03 1.205859500404239393e+00
7.234999999999999765e-02 1.199999999999999956e+00 1.260999999999999968e-02 3.988000000000000225e-03 1.182052105102377126e+00
7.366999999999999937e-02 1.165999999999999925e+00 1.166000000000000023e-02 4.041000000000000321e-03 1.159751507470536680e+00
7.499999999999999722e-02 1.151000000000000023e+00 1.197999999999999933e-02 4.094999999999999682e-03 1.138956788197770909e+00
7.631999999999999895e-02 1.120999999999999996e+00 1.240999999999999916e-02 4.147999999999999778e-03 1.117661967938022416e+00
7.698000000000000675e-02 1.108999999999999986e+00 6.917999999999999670e-03 6.923000000000000334e-03 1.115909861999501373e+00
8.226999999999999591e-02 1.034000000000000030e+00 5.232999999999999804e-03 7.053000000000000241e-03 1.042292575262302012e+00
8.755000000000000282e-02 9.750999999999999668e-01 5.466999999999999638e-03 7.190000000000000210e-03 9.837496344501190926e-01
9.281999999999999973e-02 9.318999999999999506e-01 5.048000000000000403e-03 7.331999999999999976e-03 9.351947145213009849e-01
9.808999999999999664e-02 8.918000000000000371e-01 5.569000000000000165e-03 7.479999999999999670e-03 8.942284625184796498e-01
1.034000000000000058e-01 8.569999999999999840e-01 4.357999999999999895e-03 7.631999999999999895e-03 8.578411488241425298e-01
1.086000000000000021e-01 8.250999999999999446e-01 4.447999999999999697e-03 7.790000000000000049e-03 8.267650351005131348e-01
1.139000000000000012e-01 8.025999999999999801e-01 4.497000000000000129e-03 7.950999999999999734e-03 8.015238805485425111e-01
1.190999999999999975e-01 7.845999999999999641e-01 4.244999999999999642e-03 8.116999999999999216e-03 7.825258345379003666e-01
1.243999999999999967e-01 7.750000000000000222e-01 3.621000000000000087e-03 8.285999999999999963e-03 7.666789731409948683e-01
1.295999999999999930e-01 7.576000000000000512e-01 3.562000000000000062e-03 8.458999999999999506e-03 7.540880712107844719e-01
1.348000000000000032e-01 7.403999999999999471e-01 3.085000000000000069e-03 8.635000000000000314e-03 7.418919176550049510e-01
1.400000000000000133e-01 7.285000000000000364e-01 3.412000000000000102e-03 8.814000000000000654e-03 7.309483058911770970e-01
1.451999999999999957e-01 7.190999999999999615e-01 3.677999999999999846e-03 8.996000000000000524e-03 7.215336206419060705e-01
1.504000000000000059e-01 7.207999999999999963e-01 3.131000000000000102e-03 9.180000000000000659e-03 7.134695148709564450e-01
1.555999999999999883e-01 7.062000000000000499e-01 3.246999999999999886e-03 9.367000000000000326e-03 7.065792359924510935e-01
1.607999999999999985e-01 7.004000000000000226e-01 2.954000000000000029e-03 9.556000000000000258e-03 7.007071088894025745e-01
1.660000000000000087e-01 7.015000000000000124e-01 3.592999999999999840e-03 9.747000000000000455e-03 6.957215247109408418e-01
1.711999999999999911e-01 6.915000000000000036e-01 3.500000000000000073e-03 9.939999999999999183e-03 6.915074945376401550e-01
1.763000000000000123e-01 6.927999999999999714e-01 2.932999999999999843e-03 1.013000000000000012e-02 6.880206066923336694e-01
1.814999999999999947e-01 6.915000000000000036e-01 3.276999999999999965e-03 1.033000000000000064e-02 6.850308711010388851e-01
1.865999999999999881e-01 6.892000000000000348e-01 3.108999999999999785e-03 1.052999999999999943e-02 6.827962706516821356e-01
1.917000000000000093e-01 6.814999999999999947e-01 3.203999999999999817e-03 1.072999999999999995e-02 6.808173096562820659e-01
1.968000000000000027e-01 6.803000000000000158e-01 2.990000000000000036e-03 1.093000000000000048e-02 6.792308651837909439e-01
2.018999999999999961e-01 6.774000000000000021e-01 2.749999999999999840e-03 1.112999999999999927e-02 6.779846854377604704e-01
2.069999999999999896e-01 6.777999999999999581e-01 2.848999999999999970e-03 1.132999999999999979e-02 6.770122997668117648e-01
2.121000000000000107e-01 6.830000000000000515e-01 3.034999999999999937e-03 1.153000000000000032e-02 6.762446231105748717e-01
2.172000000000000042e-01 6.814999999999999947e-01 2.781000000000000052e-03 1.174000000000000044e-02 6.756248530418217380e-01
2.222999999999999976e-01 6.713999999999999968e-01 2.916999999999999888e-03 1.193999999999999923e-02 6.751316406111042001e-01
2.273000000000000020e-01 6.734999999999999876e-01 2.736999999999999850e-03 1.214999999999999934e-02 6.747607908048289804e-01
2.323000000000000065e-01 6.754000000000000004e-01 2.583999999999999925e-03 1.234999999999999987e-02 6.745219155609334383e-01
2.373999999999999999e-01 6.734999999999999876e-01 2.736000000000000151e-03 1.255999999999999998e-02 6.743539092256598533e-01
2.424000000000000044e-01 6.721000000000000307e-01 2.928000000000000047e-03 1.277000000000000010e-02 6.742738625530763086e-01
2.474000000000000088e-01 6.722000000000000197e-01 2.997999999999999797e-03 1.297000000000000063e-02 6.742557724812536790e-01
2.524000000000000132e-01 6.719000000000000528e-01 2.861999999999999961e-03 1.318000000000000074e-02 6.742869312012929051e-01
2.572999999999999732e-01 6.722000000000000197e-01 2.624000000000000030e-03 1.339000000000000086e-02 6.743511283646007604e-01
2.622999999999999776e-01 6.684999999999999831e-01 2.785999999999999848e-03 1.359999999999999924e-02 6.744345123046265877e-01
2.671999999999999931e-01 6.694999999999999840e-01 2.673000000000000029e-03 1.380999999999999936e-02 6.745253400003756727e-01
2.721999999999999975e-01 6.750000000000000444e-01 2.864999999999999925e-03 1.401999999999999948e-02 6.746170798583684958e-01
2.771000000000000130e-01 6.702000000000000179e-01 2.492999999999999990e-03 1.422000000000000000e-02 6.747071552459548149e-01
2.819999999999999729e-01 6.735999999999999766e-01 2.660000000000000038e-03 1.443000000000000012e-02 6.747915277404078482e-01
2.868999999999999884e-01 6.719000000000000528e-01 2.814999999999999794e-03 1.464000000000000024e-02 6.748667160442082258e-01
2.917000000000000148e-01 6.731000000000000316e-01 2.732000000000000053e-03 1.485000000000000035e-02 6.749295365714885753e-01
2.965999999999999748e-01 6.712000000000000188e-01 2.618000000000000101e-03 1.506000000000000047e-02 6.749810629778795201e-01
3.014999999999999902e-01 6.680000000000000382e-01 2.840000000000000076e-03 1.527000000000000059e-02 6.750188715919297477e-01
3.063000000000000167e-01 6.713000000000000078e-01 2.944000000000000002e-03 1.546999999999999938e-02 6.750423416690690681e-01
3.110999999999999877e-01 6.710000000000000409e-01 2.920999999999999985e-03 1.567999999999999949e-02 6.750500399862016110e-01
3.159000000000000141e-01 6.703999999999999959e-01 3.010999999999999788e-03 1.589000000000000135e-02 6.750481431633356122e-01
3.206999999999999851e-01 6.722000000000000197e-01 3.039000000000000035e-03 1.609999999999999973e-02 6.750363579504489175e-01
3.254000000000000226e-01 6.773000000000000131e-01 3.011999999999999920e-03 1.631000000000000158e-02 6.750166266365794643e-01
3.301999999999999935e-01 6.724999999999999867e-01 3.168999999999999942e-03 1.651000000000000037e-02 6.749897416154317931e-01
3.348999999999999755e-01 6.719000000000000528e-01 3.075000000000000042e-03 1.671999999999999875e-02 6.749579028379917300e-01
3.397000000000000020e-01 6.695999999999999730e-01 3.170000000000000075e-03 1.693000000000000060e-02 6.749206936834146742e-01
3.443999999999999839e-01 6.784000000000000030e-01 3.102999999999999856e-03 1.712999999999999939e-02 6.748794906406003768e-01
3.489999999999999769e-01 6.746999999999999664e-01 3.412999999999999801e-03 1.734000000000000125e-02 6.748379075562750407e-01
3.537000000000000144e-01 6.776999999999999691e-01 3.089999999999999865e-03 1.754000000000000004e-02 6.747917469361619514e-01
3.583999999999999964e-01 6.788999999999999480e-01 2.985999999999999939e-03 1.774999999999999842e-02 6.747435851512260108e-01
3.629999999999999893e-01 6.776999999999999691e-01 3.073000000000000211e-03 1.795000000000000068e-02 6.746946004183705936e-01
3.675999999999999823e-01 6.788999999999999480e-01 3.263999999999999974e-03 1.814999999999999947e-02 6.746456260299750207e-01
3.721999999999999753e-01 6.754000000000000004e-01 3.315999999999999937e-03 1.836000000000000132e-02 6.745982363938077819e-01
3.768000000000000238e-01 6.830000000000000515e-01 3.230999999999999931e-03 1.856000000000000011e-02 6.745508847005341480e-01
3.814000000000000168e-01 6.762000000000000233e-01 3.295000000000000186e-03 1.875999999999999890e-02 6.745068345505662588e-01
3.859000000000000208e-01 6.752000000000000224e-01 3.114000000000000015e-03 1.897000000000000075e-02 6.744638745647842937e-01
3.905000000000000138e-01 6.745999999999999774e-01 3.203000000000000118e-03 1.916999999999999954e-02 6.744222410792616307e-01
3.950000000000000178e-01 6.744999999999999885e-01 3.115999999999999846e-03 1.936999999999999833e-02 6.743838741709627937e-01
3.995000000000000218e-01 6.726999999999999647e-01 3.529000000000000019e-03 1.957000000000000059e-02 6.743477557676053058e-01
