#     thickness (A)        interface (A)       rho (1e-6/A^2)      irho (1e-6/A^2)
                  10                    0     6.50139436758176                    0
                 0.5                    0     6.49864336412354                    0
                 0.5                    0     6.49728255450977                    0
                 0.5                    0     6.49533769338308                    0
                 0.5                    0     6.49260148667496                    0
                 0.5                    0     6.48881192224048                    0
                 0.5                    0     6.48364511185774                    0
                 0.5                    0     6.47670984068284                    0
                 0.5                    0     6.46754490333251                    0
                 0.5                    0     6.45562037286491                    0
                 0.5                    0     6.44034389104368                    0
                 0.5                    0     6.42107285104189                    0
                 0.5                    0     6.39713294687852                    0
                 0.5                    0     6.36784298908598                    0
                 0.5                    0     6.33254516325994                    0
                 0.5                    0     6.29063909800881                    0
                 0.5                    0     6.24161730091149                    0
                 0.5                    0     6.18509882597326                    0
                 0.5                    0     6.12085757242104                    0
                 0.5                    0     6.04884149253528                    0
                 0.5                    0     5.96917928877696                    0
                 0.5                    0     5.88217194742788                    0
                 0.5                    0     5.78826767131633                    0
                 0.5                    0     5.68802036088699                    0
                 0.5                    0     5.58203361550618                    0
                 0.5                    0     5.47089410257405                    0
                 0.5                    0     5.35509985797786                    0
                 0.5                    0     5.23499041744211                    0
                 0.5                    0     5.11068643146139                    0
                 0.5                    0     4.98204642572075                    0
                 0.5                    0     4.84864753762745                    0
                 0.5                    0     4.70979537407295                    0
                 0.5                    0      4.5645656774633                    0
                 0.5                    0     4.41187743786142                    0
                 0.5                    0     4.25059372410982                    0
                 0.5                    0     4.07964317676465                    0
                 0.5                    0      3.8981522045415                    0
                 0.5                    0     3.70557584610137                    0
                 0.5                    0     3.50181433738599                    0
                 0.5                    0     3.28730288736743                    0
                 0.5                    0     3.06306407913246                    0
                 0.5                    0     2.83071555703547                    0
                 0.5                    0     2.59242992087978                    0
                 0.5                    0     2.35084854849593                    0
                 0.5                    0     2.10895582894708                    0
                 0.5                    0     1.86992440884985                    0
                 0.5                    0     1.63694500302979                    0
                 0.5                    0     1.41305572129978                    0
                 0.5                    0     1.20098555388662                    0
                 0.5                    0     1.00302471734126                    0
                 0.5                    0    0.820931293593411                    0
                 0.5                    0    0.655879471521383                    0
                 0.5                    0    0.508450288766241                    0
                 0.5                    0    0.378661637387447                    0
                 0.5                    0    0.266030920950732                    0
                 0.5                    0     0.16966146369032                    0
                 0.5                    0   0.0883427219442229                    0
                 0.5                    0   0.0206544978398869                    0
                 0.5                    0   -0.034933485336617                    0
                 0.5                    0  -0.0799734121475414                    0
                 0.5                    0   -0.115967124396791                    0
                 0.5                    0   -0.144312009128688                    0
                 0.5                    0   -0.166265169272225                    0
                 0.5                    0   -0.182924357869269                    0
                 0.5                    0   -0.195222999499317                    0
                 0.5                    0   -0.203935980246097                    0
                 0.5                    0   -0.209692703070305                    0
                 0.5                    0   -0.212994079608019                    0
                 0.5                    0   -0.214230546327526                    0
                 0.5                    0   -0.213698741543997                    0
                 0.5                    0   -0.211615069081627                    0
                 0.5                    0   -0.208124942080636                    0
                 0.5                    0   -0.203307014815914                    0
                 0.5                    0   -0.197172166820124                    0
                 0.5                    0   -0.189657417429077                    0
                 0.5                    0   -0.180615345880761                    0
                 0.5                    0   -0.169799998091728                    0
                 0.5                    0   -0.156850691812094                    0
                 0.5                    0   -0.141275583691911                    0
                 0.5                    0   -0.122437306513015                    0
                 0.5                    0  -0.0995433669224753                    0
                 0.5                    0  -0.0716442338069582                    0
                 0.5                    0  -0.0376420503117019                    0
                 0.5                    0  0.00368742607426344                    0
                 0.5                    0   0.0536577852305742                    0
                 0.5                    0    0.113619129372028                    0
                 0.5                    0    0.184890319883321                    0
                 0.5                    0    0.268679058218532                    0
                 0.5                    0    0.365994534048498                    0
                 0.5                    0    0.477559206121461                    0
                 0.5                    0    0.603727670981256                    0
                 0.5                    0    0.744421233653209                    0
                 0.5                    0    0.899086492243207                    0
                 0.5                    0      1.0666848634965                    0
                 0.5                    0     1.24571753558512                    0
                 0.5                    0       1.434287031194                    0
                 0.5                    0     1.63019274818279                    0
                 0.5                    0     1.83105398267378                    0
                 0.5                    0      2.0344505468577                    0
                 0.5                    0     2.23806865773286                    0
                 0.5                    0     2.43983866932939                    0
                 0.5                    0     2.63805164905307                    0
                 0.5                    0     2.83144374283995                    0
                 0.5                    0     3.01924049832583                    0
                 0.5                    0     3.20115739293839                    0
                 0.5                    0     3.37735717769007                    0
                 0.5                    0     3.54836865431487                    0
                 0.5                    0     3.71497450010665                    0
                 0.5                    0     3.87807715105489                    0
                 0.5                    0     4.03855112706594                    0
                 0.5                    0     4.19708745919862                    0
                 0.5                    0     4.35403162206108                    0
                 0.5                    0     4.50921214293582                    0
                 0.5                    0     4.66175562700371                    0
                 0.5                    0     4.80988899270642                    0
                 0.5                    0     4.95074456884095                    0
                 0.5                    0     5.08020888073578                    0
                 0.5                    0     5.19288622687561                    0
                 0.5                    0     5.28227085735019                    0
                 0.5                    0      5.3412185022027                    0
                 0.5                    0     5.36276244786074                    0
                 0.5                    0     5.34122704114296                    0
                 0.5                    0     5.27347032138479                    0
                 0.5                    0     5.15997881871226                    0
                 0.5                    0     5.00549390892325                    0
                 0.5                    0     4.81891014945627                    0
                 0.5                    0     4.61235379646758                    0
                 0.5                    0     4.39957806820366                    0
                 0.5                    0     4.19401978277211                    0
                 0.5                    0     4.00696842017189                    0
                 0.5                    0     3.84626003011059                    0
                 0.5                    0     3.71574064067138                    0
                 0.5                    0     3.61551429108142                    0
                 0.5                    0     3.54278576626241                    0
                 0.5                    0     3.49299373178373                    0
                 0.5                    0     3.46092747163527                    0
                 0.5                    0     3.44160559774885                    0
                 0.5                    0     3.43081802112307                    0
                 0.5                    0     3.42534372431234                    0
                 0.5                    0     3.42292632287353                    0
                 0.5                    0     3.42211125056958                    0
                 0.5                    0     3.42203463941519                    0
                 0.5                    0     3.42222317503256                    0
                 0.5                    0     3.42243227927545                    0
                 0.5                    0     3.42252583621242                    0
                 0.5                    0     3.42238666570278                    0
                 0.5                    0     3.42184155362563                    0
                 0.5                    0     3.42058545198909                    0
                 0.5                    0     3.41809491630448                    0
                 0.5                    0      3.4135305305433                    0
                 0.5                    0     3.40564168323153                    0
                 0.5                    0     3.39270278465565                    0
                 0.5                    0     3.37252318488797                    0
                 0.5                    0      3.3425762482419                    0
                 0.5                    0     3.30027849600504                    0
                 0.5                    0     3.24341381662826                    0
                 0.5                    0     3.17064569030698                    0
                 0.5                    0     3.08200810169997                    0
                 0.5                    0     2.97923612291663                    0
                 0.5                    0     2.86581019704217                    0
                 0.5                    0     2.74665002794235                    0
                 0.5                    0      2.6274898355275                    0
                 0.5                    0     2.51406382932924                    0
                 0.5                    0     2.41129167822323                    0
                 0.5                    0     2.32265375300954                    0
                 0.5                    0     2.24988499112122                    0
                 0.5                    0     2.19301913593824                    0
                 0.5                    0     2.15071924554205                    0
                 0.5                    0     2.12076848469563                    0
                 0.5                    0     2.10058215897806                    0
                 0.5                    0     2.08763163555297                    0
                 0.5                    0     2.07972306858259                    0
                 0.5                    0     2.07512592105104                    0
                 0.5                    0     2.07258226326282                    0
                 0.5                    0      2.0712425686168                    0
                 0.5                    0     2.07057096660639                    0
                 0.5                    0     2.07025059774232                    0
                 0.5                    0     2.07010548410524                    0
                 0.5                    0     2.07004401948062                    0
                 0.5                    0     2.07002251005379                    0
                 0.5                    0     2.07002475409652                    0
                 0.5                    0     2.07005420565169                    0
                 0.5                    0     2.07013770082261                    0
                 0.5                    0     2.07034338074284                    0
                 0.5                    0     2.07081997614464                    0
                 0.5                    0     2.07186946159715                    0
                 0.5                    0     2.07406875546824                    0
                 0.5                    0     2.07000000126728                    0
                 0.5                    0      2.0700000003136                    0
                 0.5                    0     2.07000000007394                    0
                 0.5                    0     2.07000000001661                    0
                 0.5                    0     2.07000000000355                    0
                 0.5                    0     2.07000000000072                    0
                 0.5                    0     2.07000000000014                    0
                 0.5                    0     2.07000000000003                    0
                 0.5                    0                 2.07                    0
                 0.5                    0                 2.07                    0
                 0.5                    0                 2.07                    0
                 0.5                    0                 2.07                    0
                 0.5                    0                 2.07                    0
                 0.5                    0                 2.07                    0
                  10                    0                 2.07                    0
