Q I dI dQ
0.00306651534547539 0.4850836033069088 0.32147869082227093 0.001047930848815892
0.0031873225057103727 0.44143127887594014 0.32147158508554574 0.0010490414884238204
0.003579056960640208 0.7876003023049427 0.32144672316203843 0.0010529287889497194
0.004018937118712492 0.5551418712667612 0.3214155243981018 0.0010578099754717733
0.004875459420359074 0.5254600318002411 0.32134503064123615 0.001068852874087023
0.005067530987287159 0.740011754671957 0.32132749348968925 0.001071603302372289
0.0054746725326642025 0.4055393511192299 0.32128827431903545 0.0010777592328810196
0.0063897168700520444 0.7099835595303723 0.3211902712165272 0.001093175080661332
0.009047100561704451 0.3648895778301217 0.257969542832949 0.0011495597036277224
0.010559245459755057 0.666061830685257 0.2209432560677787 0.0011886468322312397
0.010975233092133713 0.4049062749091462 0.21254542802313234 0.0012002066723526131
0.011857018200742742 0.5229266847716102 0.19669094508421625 0.0012257894653748722
0.012324132347032512 0.6479605593927165 0.18921069756817893 0.0012399111401468143
0.012809648727507119 0.2441958705418762 0.06243970978858274 0.0021436619756556147
0.01331429230891332 0.31183340232141304 0.010688858375523526 0.002153120136246753
0.013838816618485596 0.33271010200010276 0.010282101233242465 0.0021632917268402546
0.013838816618485596 0.1945361199638931 0.16842568343672457 0.0012882318976831849
0.01438400486910324 0.3109503567488224 0.16201495396412086 0.0013065120151075664
0.01438400486910324 0.3285822486445419 0.009890737113048659 0.002174227062389645
0.014950671128773666 0.3167497953825735 0.009514185508269803 0.0021859795053521657
0.014950671128773666 0.23839099990032242 0.15584686050292812 0.001325977648609745
0.015539661536188134 0.32257444554941106 0.009151888313631125 0.002198605582782237
0.015539661536188134 0.28384054576672335 0.1499122610246677 0.0013466910690407617
0.016151855564165058 0.31394348285707196 0.008803308993597068 0.0022121650993346255
0.016151855564165058 0.23765122465424485 0.14420236682339 0.0013687164620574648
0.016788167332867414 0.4321407419403648 0.1387087293432039 0.0013921199049659106
0.016788167332867414 0.32658105864733783 0.008467931778213936 0.0022267212450168446
0.01744954697475503 0.3142216454802591 0.00814526088418234 0.0022423406965067427
0.018136982053310043 0.24581820098559082 0.12833805489254793 0.0014433345839465772
0.018136982053310043 0.32357383474889484 0.007834819758818787 0.0022590937108547112
0.01885149903765389 0.23846345534957583 0.1234457085632399 0.0014712872608734055
0.01885149903765389 0.31508582291325893 0.007536150344513373 0.0022770542104252676
0.019594164835257583 0.32374491981386044 0.007248812361263712 0.0022962998580044977
0.019594164835257583 0.26910874836302096 0.11873897643637639 0.0015009008510439336
0.020366088385034113 0.32744874513673916 0.006972382604874219 0.002316912121111799
0.020366088385034113 0.16484716625627707 0.11421092622698747 0.0015322506660947173
0.02116842231319164 0.31163450012875954 0.006706454258490693 0.0023389763247094663
0.02116842231319164 0.2723681622156743 0.10985489408250448 0.0015654138667918884
0.022002364654319893 0.3216561613857078 0.006450636215283065 0.0023625816917033954
0.022002364654319893 0.6917626152307206 0.10566447348798687 0.0016004694863586146
0.022869160640279926 0.3208751467661921 0.006204552410351332 0.002387821370872474
0.022869160640279926 0.3209588148987425 0.10163350432242893 0.001637498465949886
0.023770104559568066 0.322381900012675 0.0059678411603099404 0.002414792452150801
0.023770104559568066 0.38776226362071936 0.09775606204083812 0.0016765837031766137
0.024706541689930698 0.3134915705584026 0.005740154509543425 0.00244359596951144
0.024706541689930698 0.19938525734832135 0.09402644696558542 0.0017178101143623193
0.025679870307115552 0.3117212393377746 0.005521157582837502 0.0024743368920560416
0.025679870307115552 0.41609011024485504 0.09425330990658998 0.0017612647109910772
0.026691543772758786 0.3194557700984177 0.10747773748599289 0.0018070366905838407
0.026691543772758786 0.3244542499815645 0.005310527944995667 0.00250712410429226
0.02774307270452572 0.24676185805572934 0.11726131128414373 0.0018552175420301126
0.02774307270452572 0.31436663537268983 0.005107954969147234 0.0025420703769690016
0.028836027231745536 0.3278192391525092 0.12711466080137207 0.001905901165210269
0.028836027231745536 0.32592377577256676 0.004913139216743704 0.0025792923302248878
0.02997203933990791 0.4796518424412436 0.1385026752780151 0.001959184004576576
0.02997203933990791 0.3156619685938073 0.004725791833665425 0.0026189103911733558
0.03115280530752254 0.31497289729143946 0.004545633968379458 0.0026610487483833185
0.03238008823898024 0.32197535970499436 0.004372396219572415 0.002705835306002333
0.03238008823898024 0.423613854399862 0.1749874514142321 0.002073946727860113
0.03365572069719736 0.31459509128913704 0.004205818121994156 0.002753401640495932
0.03365572069719736 0.6585316285634164 0.2118364293215956 0.0021356336110575284
0.03498160743997501 0.5820281659329163 0.2940472768750782 0.002200334065028837
0.03498160743997501 0.3102170567464214 0.004045647680188687 0.0028038829631304866
0.03635972826415863 0.3171788492368747 0.0038916409601292405 0.0028574180913988117
0.03635972826415863 0.5612549857826558 0.31643588431183434 0.002268159711273912
0.03779214096184485 0.3170487659671411 0.0037435617482561175 0.0029141494325725745
0.0392809843930499 0.3161505546632117 0.0036011812857937716 0.002974222982462358
0.04082848167942768 0.31615527109328473 0.003464278083295068 0.003037788342278101
0.04243694352380595 0.3166908643840155 0.0033326378160255556 0.0031049987562171556
0.044108771660497835 0.317003828255711 0.0032060532951406033 0.0031760111720753707
0.045846462441540344 0.3148924501312543 0.003084324502929887 0.003250986326792881
0.04765261056421461 0.31654024156063426 0.0029672586733170267 0.0033300888584269477
0.049529912945414235 0.31993424011425825 0.0028546703922194515 0.003413487445607093
0.0514811727486466 0.3149979062352225 0.0027463816874677915 0.0035013549750903274
0.0514811727486466 0.32623332367710656 0.005854187581042134 0.0063084278362739435
0.05350930356967999 0.31733905262279316 0.002642222076051034 0.0035938687376135072
0.05350930356967999 0.31839778238007616 0.002401934851359389 0.0063602411595066
0.055617333787087025 0.3182993107474402 0.0023108530488565914 0.006415747125644948
0.055617333787087025 0.31990226653227943 0.002542028538677113 0.0036912106518505895
0.05780841108418023 0.3131212665256336 0.00222323512112814 0.006475177959088034
0.05780841108418023 0.3180345453960096 0.0024456453987385233 0.003793567515937119
0.060085807149091675 0.31781220048829906 0.0021389460169851876 0.006538776675526128
0.060085807149091675 0.31517646642263236 0.0023529240946569174 0.0039011312857321727
0.062452922560015244 0.3119118546707385 0.0020578568533290557 0.006606797176121716
0.062452922560015244 0.3144682786567542 0.0022637228499939057 0.004014099378755305
0.06491329186290586 0.3205235479896421 0.002177906262151785 0.004132675002565712
0.06491329186290586 0.3170133840742752 0.0019798445412561832 0.006679504306512398
0.06747058884921735 0.31408088434992193 0.002095344844430734 0.0042570675062427454
0.06747058884921735 0.3142585595184113 0.0019047913697611434 0.006757173880890885
0.07012863204156022 0.31634979395693247 0.0020159145638690133 0.00438749275357854
0.07012863204156022 0.3134605255657761 0.0018325845856063485 0.006840092672368582
0.07289139039547005 0.3194594179118597 0.001939496415790347 0.004524173516599786
0.07289139039547005 0.3171814093094933 0.0017631160065606358 0.006928558371854064
0.07576298922580003 0.3161484592979392 0.0018659760646818008 0.0046673398880904
0.07576298922580003 0.31659183466755586 0.0016970201602030763 0.007022879518747695
0.0787477163665877 0.3162717131749096 0.0016867345119926781 0.007123375407833709
0.0787477163665877 0.31377137715397946 0.0017952435625177739 0.0048172297118825366
0.08185002857359294 0.3158462975864461 0.001663833227869148 0.007230375977802408
0.08185002857359294 0.31244031024241364 0.0017283805501373396 0.004974089029811988
0.08507455817906759 0.31741697970673804 0.0016284142482121315 0.007344221687815967
0.08507455817906759 0.31341255329639767 0.0019145629142450237 0.005138172544387766
0.08842612000869396 0.3151157501609415 0.0015891208320304084 0.007465263389399399
0.08842612000869396 0.3176445775339281 0.0021246437969187717 0.005309744096396815
0.09190971857101973 0.31621331205299613 0.0015479148529477494 0.007593862201653318
0.09190971857101973 0.31722755848075446 0.002305419486628181 0.005489077156846387
0.0955305555301251 0.3172296097691344 0.0015056319967480661 0.007730389398311655
0.0955305555301251 0.3209601181864569 0.002508375063901363 0.005676455332832548
0.09929403747268015 0.3146200644319948 0.0027607310682041903 0.005872172887108369
0.09929403747268015 0.3157962588263796 0.00146351140942965 0.007875226315476705
0.10320578398098941 0.31593577524022215 0.0014210717285396733 0.008028764288936566
0.10320578398098941 0.31994723513377277 0.003102367441838477 0.006076535271305265
0.10727163602407956 0.3137758002518294 0.003657492032854427 0.006289859672932831
0.10727163602407956 0.3138643968179646 0.0013793609206435725 0.008191404629797802
0.11149766467935777 0.31425702077702233 0.0013379299489196072 0.008363558646751978
0.11149766467935777 0.31911862189555984 0.004709158387222093 0.00651247557644354
0.1158901801978663 0.3144209886896827 0.001297151133178813 0.008545647722654521
0.1158901801978663 0.3186587028507052 0.008850887007493211 0.006744725338798034
0.12045574142666694 0.31485381354383213 0.0012573403826844146 0.008738103452253511
0.12520116560242586 0.3168923879579566 0.001218026469811374 0.008941367846901553
0.1301335385308234 0.3137897242284858 0.0011796199811027132 0.009155893610958317
0.13526022516698674 0.3148531059407177 0.0011422374522142998 0.009382144493392617
0.14058888061274463 0.31681135859945686 0.0011056427112336282 0.009620595716870975
0.14612746154712677 0.3160765592974451 0.0010698405113891993 0.009871734485422229
0.15188423810717308 0.3148035463088643 0.0010350413007884514 0.010136060570639056
0.15786780623679433 0.3153171864937026 0.0010012254188513324 0.010414086975355704
0.16408710052212475 0.31829896189235196 0.0009682874658150174 0.010706340672856588
0.17055140753252943 0.3159794234554424 0.0009361386479487927 0.011013363418943923
0.1772703796871884 0.3155663723158746 0.0009049302077044668 0.0113357126336369
0.18425404966796452 0.31739402777405146 0.0008746461220716872 0.01167396234889381
0.19151284540007313 0.3162614810179007 0.0008452657725137362 0.012028704218536834
0.19905760562292366 0.31494901542529685 0.0008167482516149714 0.012400548586507477
0.2068995960743857 0.31608527198821795 0.0007889955157626532 0.012790125609672034
0.21505052631264177 0.31578549709209786 0.0007620824079109557 0.01319808643161127
0.22352256720074645 0.3160877879173226 0.0007360028872081692 0.013625104404146314
0.23232836908000246 0.3143929132092897 0.0007107363639489987 0.014071876353750108
0.24148108065928495 0.3154522150880783 0.0006862624612743839 0.01453912389044919
0.25099436864852204 0.31667898090679014 0.0006625610341329112 0.015027594757314598
0.26088243816564977 0.3161782910373091 0.0006395987831867776 0.015538064219153972
0.27116005394750875 0.3154690386763512 0.0006173271335743122 0.01607133648953397
0.2818425623963566 0.31508694492667233 0.0005957707150702548 0.016628246195771038
0.29294591449491764 0.31608556152510203 0.0005749138781818122 0.017209659882017763
0.3044866896241824 0.3155230149971768 0.0005547374526429091 0.01781647755103442
0.3164821203195225 0.31592699953270265 0.0005362582313763337 0.018449634245666702
0.3289501180020906 0.31441834262159624 0.0005861935899571544 0.019110101671446608
0.3419092997239203 0.3156146074317995 0.0006049206958739645 0.019798889862093355
0.35537901596666555 0.3162443139766822 0.0006070835460022161 0.0205170488900162
0.3693793795354898 0.31678139135738687 0.0006058181320850596 0.021265670624211138
0.38393129559124484 0.31700104919609623 0.000602872947802648 0.022045890538201714
0.3990564928657833 0.3158138373723588 0.0005984982636233588 0.02285888957090351
0.41477755610702144 0.3158192728785415 0.0005933988535058483 0.023705896043495826
0.4311179598021894 0.31676775053221645 0.0005877951621288255 0.024588187635564203
0.44810210322962973 0.31592952400716884 0.0005818168185235539 0.025507093423940405
0.4657553468914843 0.31567523681589055 0.0005754920892147488 0.026463995987812648
0.4841040503816653 0.31585509725052585 0.0005693669101356298 0.027460333583812863
0.503175611745659 0.31598207297943914 0.0005627430652094764 0.028497602394912693
0.5229985083909285 0.3161905710730035 0.0005615973627729927 0.029577358857077914
0.543602339609012 0.31531360882105114 0.0007196192072826943 0.030701222067745178
0.5650178707727985 0.3170211617230098 0.0010184340296378327 0.031870876280296286
0.5872770792749802 0.31633652283460373 0.002319628065308699 0.03308807348881749
