# z rho mu P theta
-16.3183 2.07e-06 0 0 270
-6.31829 2.07e-06 0 0 270
-6.31829 2.07001e-06 0 0 270
-4.98147 2.07001e-06 0 0 270
-4.98147 2.07039e-06 0 0 270
-3.90156 2.07039e-06 0 0 270
-3.90156 2.0743e-06 0 0 270
-3.18219 2.0743e-06 0 0 270
-3.18219 2.08798e-06 0 0 270
-2.62178 2.08798e-06 0 0 270
-2.62178 2.11831e-06 0 0 270
-2.15038 2.11831e-06 0 0 270
-2.15038 2.1707e-06 0 0 270
-1.7345 2.1707e-06 0 0 270
-1.7345 2.24817e-06 0 0 270
-1.35502 2.24817e-06 0 0 270
-1.35502 2.35104e-06 0 0 270
-0.999696 2.35104e-06 0 0 270
-0.999696 2.47711e-06 0 0 270
-0.659791 2.47711e-06 0 0 270
-0.659791 2.62199e-06 0 0 270
-0.328507 2.62199e-06 0 0 270
-0.328507 2.77957e-06 0 0 270
-1.88738e-15 2.77957e-06 0 0 270
-1.88738e-15 2.94247e-06 0 0 270
0.331284 2.94247e-06 0 0 270
0.331284 3.10262e-06 0 0 270
0.671188 3.10262e-06 0 0 270
0.671188 3.25187e-06 0 0 270
1.02652 3.25187e-06 0 0 270
1.02652 3.38271e-06 0 0 270
1.40599 3.38271e-06 0 0 270
1.40599 3.48908e-06 0 0 270
1.82188 3.48908e-06 0 0 270
1.82188 3.56729e-06 0 0 270
2.29327 3.56729e-06 0 0 270
2.29327 3.61705e-06 0 0 270
2.85368 3.61705e-06 0 0 270
2.85368 3.64213e-06 0 0 270
3.57305 3.64213e-06 0 0 270
3.57305 3.65037e-06 0 0 270
4.65296 3.65037e-06 0 0 270
4.65296 3.65133e-06 0 0 270
5.98978 3.65133e-06 0 0 270
5.98978 3.65136e-06 0 0 270
8.30291 3.65136e-06 0 0 270
8.30291 3.65136e-06 0 0 270
9.63973 3.65136e-06 0 0 270
9.63973 3.65121e-06 0 0 270
10.7196 3.65121e-06 0 0 270
10.7196 3.64967e-06 0 0 270
11.439 3.64967e-06 0 0 270
11.439 3.64432e-06 0 0 270
11.9994 3.64432e-06 0 0 270
11.9994 3.63244e-06 0 0 270
12.4708 3.63244e-06 0 0 270
12.4708 3.61192e-06 0 0 270
12.8867 3.61192e-06 0 0 270
12.8867 3.58159e-06 0 0 270
13.2662 3.58159e-06 0 0 270
13.2662 3.5413e-06 0 0 270
13.6215 3.5413e-06 0 0 270
13.6215 3.49193e-06 0 0 270
13.9614 3.49193e-06 0 0 270
13.9614 3.43519e-06 0 0 270
14.2927 3.43519e-06 0 0 270
14.2927 3.37349e-06 0 0 270
14.6212 3.37349e-06 0 0 270
14.6212 3.27729e-06 0 0 270
15.2989 3.27729e-06 0 0 270
15.2989 3.12187e-06 0 0 270
16.6544 3.12187e-06 0 0 270
16.6544 3.04382e-06 0 0 270
18.0099 3.04382e-06 0 0 270
18.0099 3.03496e-06 0 0 270
19.3654 3.03496e-06 0 0 270
19.3654 3.03618e-06 0 0 270
20.7209 3.03618e-06 0 0 270
20.7209 3.03879e-06 0 0 270
22.0764 3.03879e-06 0 0 270
22.0764 3.04282e-06 0 0 270
23.4318 3.04282e-06 0 0 270
23.4318 3.04885e-06 0 0 270
24.7873 3.04885e-06 0 0 270
24.7873 3.05765e-06 0 0 270
26.1428 3.05765e-06 0 0 270
26.1428 3.07013e-06 0 0 270
27.4983 3.07013e-06 0 0 270
27.4983 3.08736e-06 0 0 270
28.8538 3.08736e-06 0 0 270
28.8538 3.11054e-06 0 0 270
30.2093 3.11054e-06 0 0 270
30.2093 3.14087e-06 0 0 270
31.5648 3.14087e-06 0 0 270
31.5648 3.17953e-06 0 0 270
32.9202 3.17953e-06 0 0 270
32.9202 3.22746e-06 0 0 270
34.2757 3.22746e-06 0 0 270
34.2757 3.28534e-06 0 0 270
35.6312 3.28534e-06 0 0 270
35.6312 3.35337e-06 0 0 270
36.9867 3.35337e-06 0 0 270
36.9867 3.43119e-06 0 0 270
38.3422 3.43119e-06 0 0 270
38.3422 3.51787e-06 0 0 270
39.6977 3.51787e-06 0 0 270
39.6977 3.61183e-06 0 0 270
41.0531 3.61183e-06 0 0 270
41.0531 3.71099e-06 0 0 270
42.4086 3.71099e-06 0 0 270
42.4086 3.78728e-06 0 0 270
43.0864 3.78728e-06 0 0 270
43.0864 3.84202e-06 0 0 270
43.8594 3.84202e-06 0 0 270
43.8594 3.90085e-06 0 0 270
44.6525 3.90085e-06 0 0 270
44.6525 3.96095e-06 0 0 270
45.4816 3.96095e-06 0 0 270
45.4816 4.02294e-06 0 0 270
46.367 4.02294e-06 0 0 270
46.367 4.08757e-06 0 0 270
47.3374 4.08757e-06 0 0 270
47.3374 4.15583e-06 0 0 270
48.4373 4.15583e-06 0 0 270
48.4373 4.22914e-06 0 0 270
49.7449 4.22914e-06 0 0 270
49.7449 4.30975e-06 0 0 270
51.4235 4.30975e-06 0 0 270
51.4235 4.40245e-06 0 0 270
53.9433 4.40245e-06 0 0 270
53.9433 4.49023e-06 0 0 270
57.0625 4.49023e-06 0 0 270
57.0625 4.53063e-06 0 0 270
57.9403 4.53063e-06 0 0 270
57.9403 4.55974e-06 0 0 270
61.5702 4.55974e-06 0 0 270
61.5702 4.58452e-06 0 0 270
66.2297 4.58452e-06 0 0 270
66.2297 4.59265e-06 0 0 270
73.2245 4.59265e-06 0 0 270
73.2245 4.5936e-06 0 0 270
81.8833 4.5936e-06 0 0 270
81.8833 4.59362e-06 0 0 270
162.216 4.59362e-06 0 0 270
162.216 4.59362e-06 0 0 270
162.716 4.59362e-06 0 0 270
162.716 4.59362e-06 0 0 270
163.216 4.59362e-06 0 0 270
163.216 4.59362e-06 0 0 270
163.716 4.59362e-06 0 0 270
163.716 4.59362e-06 0 0 270
164.216 4.59362e-06 0 0 270
164.216 4.59362e-06 0 0 270
164.716 4.59362e-06 0 0 270
164.716 4.59362e-06 0 0 270
165.216 4.59362e-06 0 0 270
165.216 4.59362e-06 0 0 270
165.716 4.59362e-06 0 0 270
165.716 4.59362e-06 0 0 270
166.216 4.59362e-06 0 0 270
166.216 4.59361e-06 0 0 270
166.716 4.59361e-06 0 0 270
166.716 4.59361e-06 0 0 270
167.216 4.59361e-06 0 0 270
167.216 4.59359e-06 0 0 270
167.716 4.59359e-06 0 0 270
167.716 4.59356e-06 0 0 270
168.216 4.59356e-06 0 0 270
168.216 4.5935e-06 0 0 270
168.716 4.5935e-06 0 0 270
168.716 4.59044e-06 0 0 270
169.216 4.59044e-06 0 0 270
169.216 4.59203e-06 0 0 270
169.716 4.59203e-06 0 0 270
169.716 4.59246e-06 0 0 270
170.216 4.59246e-06 0 0 270
170.216 4.59225e-06 0 0 270
170.716 4.59225e-06 0 0 270
170.716 4.59153e-06 0 0 270
171.216 4.59153e-06 0 0 270
171.216 4.59024e-06 0 0 270
171.716 4.59024e-06 0 0 270
171.716 4.58817e-06 0 0 270
172.216 4.58817e-06 0 0 270
172.216 4.58496e-06 0 0 270
172.716 4.58496e-06 0 0 270
172.716 4.58011e-06 0 0 270
173.216 4.58011e-06 0 0 270
173.216 4.57295e-06 0 0 270
173.716 4.57295e-06 0 0 270
173.716 4.56258e-06 0 0 270
174.216 4.56258e-06 0 0 270
174.216 4.54786e-06 0 0 270
174.716 4.54786e-06 0 0 270
174.716 4.5274e-06 0 0 270
175.216 4.5274e-06 0 0 270
175.216 4.49954e-06 0 0 270
175.716 4.49954e-06 0 0 270
175.716 4.46235e-06 0 0 270
176.216 4.46235e-06 0 0 270
176.216 4.41372e-06 0 0 270
176.716 4.41372e-06 0 0 270
176.716 4.3514e-06 0 0 270
177.216 4.3514e-06 0 0 270
177.216 4.27315e-06 0 0 270
177.716 4.27315e-06 0 0 270
177.716 4.17686e-06 0 0 270
178.216 4.17686e-06 0 0 270
178.216 4.06074e-06 0 0 270
178.716 4.06074e-06 0 0 270
178.716 3.92351e-06 0 0 270
179.216 3.92351e-06 0 0 270
179.216 3.76457e-06 0 0 270
179.716 3.76457e-06 0 0 270
179.716 3.5842e-06 0 0 270
180.216 3.5842e-06 0 0 270
180.216 3.38364e-06 0 0 270
180.716 3.38364e-06 0 0 270
180.716 3.16521e-06 0 0 270
181.216 3.16521e-06 0 0 270
181.216 2.93233e-06 0 0 270
181.716 2.93233e-06 0 0 270
181.716 2.68946e-06 0 0 270
182.216 2.68946e-06 0 0 270
182.216 2.44203e-06 0 0 270
182.716 2.44203e-06 0 0 270
182.716 2.19617e-06 0 0 270
183.216 2.19617e-06 0 0 270
183.216 1.95842e-06 0 0 270
183.716 1.95842e-06 0 0 270
183.716 1.73527e-06 0 0 270
184.216 1.73527e-06 0 0 270
184.216 1.53265e-06 0 0 270
184.716 1.53265e-06 0 0 270
184.716 1.35529e-06 0 0 270
185.216 1.35529e-06 0 0 270
185.216 1.20625e-06 0 0 270
185.716 1.20625e-06 0 0 270
185.716 1.08655e-06 0 0 270
186.216 1.08655e-06 0 0 270
186.216 9.95164e-07 0 0 270
186.716 9.95164e-07 0 0 270
186.716 9.2932e-07 0 0 270
187.216 9.2932e-07 0 0 270
187.216 8.8516e-07 0 0 270
187.716 8.8516e-07 0 0 270
187.716 8.58496e-07 0 0 270
188.216 8.58496e-07 0 0 270
188.216 8.45508e-07 0 0 270
188.716 8.45508e-07 0 0 270
188.716 8.43152e-07 0 0 270
189.216 8.43152e-07 0 0 270
189.216 8.49137e-07 0 0 270
189.716 8.49137e-07 0 0 270
189.716 8.61489e-07 0 0 270
190.216 8.61489e-07 0 0 270
190.216 8.77854e-07 0 0 270
190.716 8.77854e-07 0 0 270
190.716 8.94813e-07 0 0 270
191.216 8.94813e-07 0 0 270
191.216 9.0752e-07 0 0 270
191.716 9.0752e-07 0 0 270
191.716 9.09909e-07 0 0 270
192.216 9.09909e-07 0 0 270
192.216 8.95536e-07 0 0 270
192.716 8.95536e-07 0 0 270
192.716 8.58919e-07 0 0 270
193.216 8.58919e-07 0 0 270
193.216 7.96979e-07 0 0 270
193.716 7.96979e-07 0 0 270
193.716 7.1013e-07 0 0 270
194.216 7.1013e-07 0 0 270
194.216 6.02592e-07 0 0 270
194.716 6.02592e-07 0 0 270
194.716 4.81774e-07 0 0 270
195.216 4.81774e-07 0 0 270
195.216 3.56851e-07 0 0 270
195.716 3.56851e-07 0 0 270
195.716 2.36983e-07 0 0 270
196.216 2.36983e-07 0 0 270
196.216 1.29674e-07 0 0 270
196.716 1.29674e-07 0 0 270
196.716 3.97124e-08 0 0 270
197.216 3.97124e-08 0 0 270
197.216 -3.11221e-08 0 0 270
197.716 -3.11221e-08 0 0 270
197.716 -8.36548e-08 0 0 270
198.216 -8.36548e-08 0 0 270
198.216 -1.20489e-07 0 0 270
198.716 -1.20489e-07 0 0 270
198.716 -1.45069e-07 0 0 270
199.216 -1.45069e-07 0 0 270
199.216 -1.60899e-07 0 0 270
199.716 -1.60899e-07 0 0 270
199.716 -1.71031e-07 0 0 270
200.216 -1.71031e-07 0 0 270
200.216 -1.77848e-07 0 0 270
200.716 -1.77848e-07 0 0 270
200.716 -1.83059e-07 0 0 270
201.216 -1.83059e-07 0 0 270
201.216 -1.87814e-07 0 0 270
201.716 -1.87814e-07 0 0 270
201.716 -1.92855e-07 0 0 270
202.216 -1.92855e-07 0 0 270
202.216 -1.98657e-07 0 0 270
202.716 -1.98657e-07 0 0 270
202.716 -2.05526e-07 0 0 270
203.216 -2.05526e-07 0 0 270
203.216 -2.13662e-07 0 0 270
203.716 -2.13662e-07 0 0 270
203.716 -2.2319e-07 0 0 270
204.216 -2.2319e-07 0 0 270
204.216 -2.3417e-07 0 0 270
204.716 -2.3417e-07 0 0 270
204.716 -2.46597e-07 0 0 270
205.216 -2.46597e-07 0 0 270
205.216 -2.60393e-07 0 0 270
205.716 -2.60393e-07 0 0 270
205.716 -2.75401e-07 0 0 270
206.216 -2.75401e-07 0 0 270
206.216 -2.91382e-07 0 0 270
206.716 -2.91382e-07 0 0 270
206.716 -3.08013e-07 0 0 270
207.216 -3.08013e-07 0 0 270
207.216 -3.249e-07 0 0 270
207.716 -3.249e-07 0 0 270
207.716 -3.41585e-07 0 0 270
208.216 -3.41585e-07 0 0 270
208.216 -3.57569e-07 0 0 270
208.716 -3.57569e-07 0 0 270
208.716 -3.72337e-07 0 0 270
209.216 -3.72337e-07 0 0 270
209.216 -3.85386e-07 0 0 270
209.716 -3.85386e-07 0 0 270
209.716 -3.96254e-07 0 0 270
210.216 -3.96254e-07 0 0 270
210.216 -4.04553e-07 0 0 270
210.716 -4.04553e-07 0 0 270
210.716 -4.09987e-07 0 0 270
211.216 -4.09987e-07 0 0 270
211.216 -4.1238e-07 0 0 270
211.716 -4.1238e-07 0 0 270
211.716 -4.11681e-07 0 0 270
212.216 -4.11681e-07 0 0 270
212.216 -4.0797e-07 0 0 270
212.716 -4.0797e-07 0 0 270
212.716 -4.01451e-07 0 0 270
213.216 -4.01451e-07 0 0 270
213.216 -3.92437e-07 0 0 270
213.716 -3.92437e-07 0 0 270
213.716 -3.81329e-07 0 0 270
214.216 -3.81329e-07 0 0 270
214.216 -3.68588e-07 0 0 270
214.716 -3.68588e-07 0 0 270
214.716 -3.54705e-07 0 0 270
215.216 -3.54705e-07 0 0 270
215.216 -3.40176e-07 0 0 270
215.716 -3.40176e-07 0 0 270
215.716 -3.25465e-07 0 0 270
216.216 -3.25465e-07 0 0 270
216.216 -3.10982e-07 0 0 270
216.716 -3.10982e-07 0 0 270
216.716 -2.97056e-07 0 0 270
217.216 -2.97056e-07 0 0 270
217.216 -2.83901e-07 0 0 270
217.716 -2.83901e-07 0 0 270
217.716 -2.71574e-07 0 0 270
218.216 -2.71574e-07 0 0 270
218.216 -2.59913e-07 0 0 270
218.716 -2.59913e-07 0 0 270
218.716 -2.48446e-07 0 0 270
219.216 -2.48446e-07 0 0 270
219.216 -2.36272e-07 0 0 270
219.716 -2.36272e-07 0 0 270
219.716 -2.21935e-07 0 0 270
220.216 -2.21935e-07 0 0 270
220.216 -2.03319e-07 0 0 270
220.716 -2.03319e-07 0 0 270
220.716 -1.77642e-07 0 0 270
221.216 -1.77642e-07 0 0 270
221.216 -1.41615e-07 0 0 270
221.716 -1.41615e-07 0 0 270
221.716 -9.184e-08 0 0 270
222.216 -9.184e-08 0 0 270
222.216 -2.54215e-08 0 0 270
222.716 -2.54215e-08 0 0 270
222.716 5.92656e-08 0 0 270
223.216 5.92656e-08 0 0 270
223.216 1.61858e-07 0 0 270
223.716 1.61858e-07 0 0 270
223.716 2.79556e-07 0 0 270
224.216 2.79556e-07 0 0 270
224.216 4.07143e-07 0 0 270
224.716 4.07143e-07 0 0 270
224.716 5.3756e-07 0 0 270
225.216 5.3756e-07 0 0 270
225.216 6.62912e-07 0 0 270
225.716 6.62912e-07 0 0 270
225.716 7.75674e-07 0 0 270
226.216 7.75674e-07 0 0 270
226.216 8.69737e-07 0 0 270
226.716 8.69737e-07 0 0 270
226.716 9.41039e-07 0 0 270
227.216 9.41039e-07 0 0 270
227.216 9.8762e-07 0 0 270
227.716 9.8762e-07 0 0 270
227.716 1.0092e-06 0 0 270
228.216 1.0092e-06 0 0 270
228.216 1.00643e-06 0 0 270
228.716 1.00643e-06 0 0 270
228.716 9.80217e-07 0 0 270
229.216 9.80217e-07 0 0 270
229.216 9.3126e-07 0 0 270
229.716 9.3126e-07 0 0 270
229.716 8.60035e-07 0 0 270
230.216 8.60035e-07 0 0 270
230.216 7.6721e-07 0 0 270
230.716 7.6721e-07 0 0 270
230.716 6.54307e-07 0 0 270
231.216 6.54307e-07 0 0 270
231.216 5.24352e-07 0 0 270
231.716 5.24352e-07 0 0 270
231.716 3.82199e-07 0 0 270
232.216 3.82199e-07 0 0 270
232.216 2.34358e-07 0 0 270
232.716 2.34358e-07 0 0 270
232.716 8.82779e-08 0 0 270
233.216 8.82779e-08 0 0 270
233.216 -4.87181e-08 0 0 270
233.716 -4.87181e-08 0 0 270
233.716 -1.70549e-07 0 0 270
234.216 -1.70549e-07 0 0 270
234.216 -2.73219e-07 0 0 270
234.716 -2.73219e-07 0 0 270
234.716 -3.55167e-07 0 0 270
235.216 -3.55167e-07 0 0 270
235.216 -4.17098e-07 0 0 270
235.716 -4.17098e-07 0 0 270
235.716 -4.61402e-07 0 0 270
236.216 -4.61402e-07 0 0 270
236.216 -4.91401e-07 0 0 270
236.716 -4.91401e-07 0 0 270
236.716 -5.10624e-07 0 0 270
237.216 -5.10624e-07 0 0 270
237.216 -5.22282e-07 0 0 270
237.716 -5.22282e-07 0 0 270
237.716 -5.28974e-07 0 0 270
238.216 -5.28974e-07 0 0 270
238.216 -5.32609e-07 0 0 270
238.716 -5.32609e-07 0 0 270
238.716 -5.34478e-07 0 0 270
239.216 -5.34478e-07 0 0 270
239.216 -5.35388e-07 0 0 270
239.716 -5.35388e-07 0 0 270
239.716 -5.35807e-07 0 0 270
240.216 -5.35807e-07 0 0 270
240.216 -5.3599e-07 0 0 270
240.716 -5.3599e-07 0 0 270
240.716 -5.36112e-07 0 0 270
241.216 -5.36112e-07 0 0 270
241.216 -5.36112e-07 0 0 270
241.716 -5.36112e-07 0 0 270
241.716 -5.36112e-07 0 0 270
242.216 -5.36112e-07 0 0 270
242.216 -5.36112e-07 0 0 270
242.716 -5.36112e-07 0 0 270
242.716 -5.36112e-07 0 0 270
243.216 -5.36112e-07 0 0 270
243.216 -5.36112e-07 0 0 270
243.716 -5.36112e-07 0 0 270
243.716 -5.36112e-07 0 0 270
244.216 -5.36112e-07 0 0 270
244.216 -5.36112e-07 0 0 270
244.716 -5.36112e-07 0 0 270
244.716 -5.36112e-07 0 0 270
245.216 -5.36112e-07 0 0 270
245.216 -5.36112e-07 0 0 270
245.716 -5.36112e-07 0 0 270
245.716 -5.36112e-07 0 0 270
246.216 -5.36112e-07 0 0 270
246.216 -5.36112e-07 0 0 270
246.716 -5.36112e-07 0 0 270
246.716 -5.36112e-07 0 0 270
247.216 -5.36112e-07 0 0 270
247.216 -5.36112e-07 0 0 270
247.716 -5.36112e-07 0 0 270
247.716 -5.36112e-07 0 0 270
248.216 -5.36112e-07 0 0 270
248.216 -5.36112e-07 0 0 270
248.716 -5.36112e-07 0 0 270
248.716 -5.36112e-07 0 0 270
249.216 -5.36112e-07 0 0 270
249.216 -5.36112e-07 0 0 270
249.716 -5.36112e-07 0 0 270
249.716 -5.36112e-07 0 0 270
250.216 -5.36112e-07 0 0 270
250.216 -5.36112e-07 0 0 270
250.716 -5.36112e-07 0 0 270
250.716 -5.36112e-07 0 0 270
251.216 -5.36112e-07 0 0 270
251.216 -5.36112e-07 0 0 270
251.716 -5.36112e-07 0 0 270
251.716 -5.36112e-07 0 0 270
252.216 -5.36112e-07 0 0 270
252.216 -5.36112e-07 0 0 270
252.716 -5.36112e-07 0 0 270
252.716 -5.36112e-07 0 0 270
253.216 -5.36112e-07 0 0 270
253.216 -5.36112e-07 0 0 270
253.716 -5.36112e-07 0 0 270
253.716 -5.36112e-07 0 0 270
254.216 -5.36112e-07 0 0 270
254.216 -5.36112e-07 0 0 270
254.716 -5.36112e-07 0 0 270
254.716 -5.36112e-07 0 0 270
255.216 -5.36112e-07 0 0 270
255.216 -5.36112e-07 0 0 270
255.716 -5.36112e-07 0 0 270
255.716 -5.36112e-07 0 0 270
256.216 -5.36112e-07 0 0 270
256.216 -5.36112e-07 0 0 270
256.716 -5.36112e-07 0 0 270
256.716 -5.36112e-07 0 0 270
257.216 -5.36112e-07 0 0 270
257.216 -5.36112e-07 0 0 270
257.716 -5.36112e-07 0 0 270
257.716 -5.36112e-07 0 0 270
258.216 -5.36112e-07 0 0 270
258.216 -5.36112e-07 0 0 270
258.716 -5.36112e-07 0 0 270
258.716 -5.36112e-07 0 0 270
259.216 -5.36112e-07 0 0 270
259.216 -5.36112e-07 0 0 270
259.716 -5.36112e-07 0 0 270
259.716 -5.36112e-07 0 0 270
260.216 -5.36112e-07 0 0 270
260.216 -5.36112e-07 0 0 270
260.716 -5.36112e-07 0 0 270
260.716 -5.36112e-07 0 0 270
261.216 -5.36112e-07 0 0 270
261.216 -5.36112e-07 0 0 270
261.716 -5.36112e-07 0 0 270
261.716 -5.36112e-07 0 0 270
262.216 -5.36112e-07 0 0 270
262.216 -5.36112e-07 0 0 270
262.716 -5.36112e-07 0 0 270
262.716 -5.36112e-07 0 0 270
263.216 -5.36112e-07 0 0 270
263.216 -5.36112e-07 0 0 270
263.716 -5.36112e-07 0 0 270
263.716 -5.36112e-07 0 0 270
264.216 -5.36112e-07 0 0 270
264.216 -5.36112e-07 0 0 270
264.716 -5.36112e-07 0 0 270
264.716 -5.36112e-07 0 0 270
265.216 -5.36112e-07 0 0 270
265.216 -5.36112e-07 0 0 270
265.716 -5.36112e-07 0 0 270
265.716 -5.36112e-07 0 0 270
266.216 -5.36112e-07 0 0 270
266.216 -5.36112e-07 0 0 270
266.716 -5.36112e-07 0 0 270
266.716 -5.36112e-07 0 0 270
267.216 -5.36112e-07 0 0 270
267.216 -5.36112e-07 0 0 270
267.716 -5.36112e-07 0 0 270
267.716 -5.36112e-07 0 0 270
268.216 -5.36112e-07 0 0 270
268.216 -5.36112e-07 0 0 270
268.716 -5.36112e-07 0 0 270
268.716 -5.36112e-07 0 0 270
269.216 -5.36112e-07 0 0 270
269.216 -5.36112e-07 0 0 270
269.716 -5.36112e-07 0 0 270
269.716 -5.36112e-07 0 0 270
270.216 -5.36112e-07 0 0 270
270.216 -5.36112e-07 0 0 270
270.716 -5.36112e-07 0 0 270
270.716 -5.36112e-07 0 0 270
271.216 -5.36112e-07 0 0 270
271.216 -5.36112e-07 0 0 270
271.716 -5.36112e-07 0 0 270
271.716 -5.36112e-07 0 0 270
272.216 -5.36112e-07 0 0 270
272.216 -5.36112e-07 0 0 270
272.716 -5.36112e-07 0 0 270
272.716 -5.36112e-07 0 0 270
273.216 -5.36112e-07 0 0 270
273.216 -5.36112e-07 0 0 270
273.716 -5.36112e-07 0 0 270
273.716 -5.36112e-07 0 0 270
274.216 -5.36112e-07 0 0 270
274.216 -5.36112e-07 0 0 270
274.716 -5.36112e-07 0 0 270
274.716 -5.36112e-07 0 0 270
275.216 -5.36112e-07 0 0 270
275.216 -5.36112e-07 0 0 270
275.716 -5.36112e-07 0 0 270
275.716 -5.36112e-07 0 0 270
276.216 -5.36112e-07 0 0 270
276.216 -5.36112e-07 0 0 270
276.716 -5.36112e-07 0 0 270
276.716 -5.36112e-07 0 0 270
277.216 -5.36112e-07 0 0 270
277.216 -5.36112e-07 0 0 270
277.716 -5.36112e-07 0 0 270
277.716 -5.36112e-07 0 0 270
278.216 -5.36112e-07 0 0 270
278.216 -5.36112e-07 0 0 270
278.716 -5.36112e-07 0 0 270
278.716 -5.36112e-07 0 0 270
279.216 -5.36112e-07 0 0 270
279.216 -5.36112e-07 0 0 270
279.716 -5.36112e-07 0 0 270
279.716 -5.36112e-07 0 0 270
280.216 -5.36112e-07 0 0 270
280.216 -5.36112e-07 0 0 270
280.716 -5.36112e-07 0 0 270
280.716 -5.36112e-07 0 0 270
281.216 -5.36112e-07 0 0 270
281.216 -5.36112e-07 0 0 270
281.716 -5.36112e-07 0 0 270
281.716 -5.36112e-07 0 0 270
282.216 -5.36112e-07 0 0 270
282.216 -5.36112e-07 0 0 270
282.716 -5.36112e-07 0 0 270
282.716 -5.36112e-07 0 0 270
283.216 -5.36112e-07 0 0 270
283.216 -5.36112e-07 0 0 270
283.716 -5.36112e-07 0 0 270
283.716 -5.36112e-07 0 0 270
284.216 -5.36112e-07 0 0 270
284.216 -5.36112e-07 0 0 270
284.716 -5.36112e-07 0 0 270
284.716 -5.36112e-07 0 0 270
285.216 -5.36112e-07 0 0 270
285.216 -5.36112e-07 0 0 270
285.716 -5.36112e-07 0 0 270
285.716 -5.36112e-07 0 0 270
286.216 -5.36112e-07 0 0 270
286.216 -5.36112e-07 0 0 270
286.716 -5.36112e-07 0 0 270
286.716 -5.36112e-07 0 0 270
287.216 -5.36112e-07 0 0 270
287.216 -5.36112e-07 0 0 270
287.716 -5.36112e-07 0 0 270
287.716 -5.36112e-07 0 0 270
288.216 -5.36112e-07 0 0 270
288.216 -5.36112e-07 0 0 270
288.716 -5.36112e-07 0 0 270
288.716 -5.36112e-07 0 0 270
289.216 -5.36112e-07 0 0 270
289.216 -5.36112e-07 0 0 270
289.716 -5.36112e-07 0 0 270
289.716 -5.36112e-07 0 0 270
290.216 -5.36112e-07 0 0 270
290.216 -5.36112e-07 0 0 270
290.716 -5.36112e-07 0 0 270
290.716 -5.36112e-07 0 0 270
291.216 -5.36112e-07 0 0 270
291.216 -5.36112e-07 0 0 270
291.716 -5.36112e-07 0 0 270
291.716 -5.36112e-07 0 0 270
292.216 -5.36112e-07 0 0 270
292.216 -5.36112e-07 0 0 270
292.716 -5.36112e-07 0 0 270
292.716 -5.36112e-07 0 0 270
293.216 -5.36112e-07 0 0 270
293.216 -5.36112e-07 0 0 270
293.716 -5.36112e-07 0 0 270
293.716 -5.36112e-07 0 0 270
294.216 -5.36112e-07 0 0 270
294.216 -5.36112e-07 0 0 270
294.716 -5.36112e-07 0 0 270
294.716 -5.36112e-07 0 0 270
295.216 -5.36112e-07 0 0 270
295.216 -5.36112e-07 0 0 270
295.716 -5.36112e-07 0 0 270
295.716 -5.36112e-07 0 0 270
296.216 -5.36112e-07 0 0 270
296.216 -5.36112e-07 0 0 270
296.716 -5.36112e-07 0 0 270
296.716 -5.36112e-07 0 0 270
297.216 -5.36112e-07 0 0 270
297.216 -5.36112e-07 0 0 270
297.716 -5.36112e-07 0 0 270
297.716 -5.36112e-07 0 0 270
298.216 -5.36112e-07 0 0 270
298.216 -5.36112e-07 0 0 270
298.716 -5.36112e-07 0 0 270
298.716 -5.36112e-07 0 0 270
299.216 -5.36112e-07 0 0 270
299.216 -5.36112e-07 0 0 270
299.716 -5.36112e-07 0 0 270
299.716 -5.36112e-07 0 0 270
300.216 -5.36112e-07 0 0 270
300.216 -5.36112e-07 0 0 270
300.716 -5.36112e-07 0 0 270
300.716 -5.36112e-07 0 0 270
301.216 -5.36112e-07 0 0 270
301.216 -5.36112e-07 0 0 270
301.716 -5.36112e-07 0 0 270
301.716 -5.36112e-07 0 0 270
302.216 -5.36112e-07 0 0 270
302.216 -5.36112e-07 0 0 270
302.716 -5.36112e-07 0 0 270
302.716 -5.36112e-07 0 0 270
303.216 -5.36112e-07 0 0 270
303.216 -5.36112e-07 0 0 270
303.716 -5.36112e-07 0 0 270
303.716 -5.36112e-07 0 0 270
304.216 -5.36112e-07 0 0 270
304.216 -5.36112e-07 0 0 270
304.716 -5.36112e-07 0 0 270
304.716 -5.36112e-07 0 0 270
305.216 -5.36112e-07 0 0 270
305.216 -5.36112e-07 0 0 270
305.716 -5.36112e-07 0 0 270
305.716 -5.36112e-07 0 0 270
306.216 -5.36112e-07 0 0 270
306.216 -5.36112e-07 0 0 270
306.716 -5.36112e-07 0 0 270
306.716 -5.36112e-07 0 0 270
307.216 -5.36112e-07 0 0 270
307.216 -5.36112e-07 0 0 270
307.716 -5.36112e-07 0 0 270
307.716 -5.36112e-07 0 0 270
308.216 -5.36112e-07 0 0 270
308.216 -5.36112e-07 0 0 270
308.716 -5.36112e-07 0 0 270
308.716 -5.36112e-07 0 0 270
309.216 -5.36112e-07 0 0 270
309.216 -5.36112e-07 0 0 270
309.716 -5.36112e-07 0 0 270
309.716 -5.36112e-07 0 0 270
310.216 -5.36112e-07 0 0 270
310.216 -5.36112e-07 0 0 270
310.716 -5.36112e-07 0 0 270
310.716 -5.36112e-07 0 0 270
311.216 -5.36112e-07 0 0 270
311.216 -5.36112e-07 0 0 270
311.716 -5.36112e-07 0 0 270
311.716 -5.36112e-07 0 0 270
312.216 -5.36112e-07 0 0 270
312.216 -5.36112e-07 0 0 270
312.716 -5.36112e-07 0 0 270
312.716 -5.36112e-07 0 0 270
313.216 -5.36112e-07 0 0 270
313.216 -5.36112e-07 0 0 270
313.716 -5.36112e-07 0 0 270
313.716 -5.36112e-07 0 0 270
314.216 -5.36112e-07 0 0 270
314.216 -5.36112e-07 0 0 270
314.716 -5.36112e-07 0 0 270
314.716 -5.36112e-07 0 0 270
315.216 -5.36112e-07 0 0 270
315.216 -5.36112e-07 0 0 270
315.716 -5.36112e-07 0 0 270
315.716 -5.36112e-07 0 0 270
316.216 -5.36112e-07 0 0 270
316.216 -5.36112e-07 0 0 270
316.716 -5.36112e-07 0 0 270
316.716 -5.36112e-07 0 0 270
317.216 -5.36112e-07 0 0 270
317.216 -5.36112e-07 0 0 270
317.716 -5.36112e-07 0 0 270
317.716 -5.36112e-07 0 0 270
318.216 -5.36112e-07 0 0 270
318.216 -5.36112e-07 0 0 270
318.716 -5.36112e-07 0 0 270
318.716 -5.36112e-07 0 0 270
319.216 -5.36112e-07 0 0 270
319.216 -5.36112e-07 0 0 270
319.716 -5.36112e-07 0 0 270
319.716 -5.36112e-07 0 0 270
320.216 -5.36112e-07 0 0 270
320.216 -5.36112e-07 0 0 270
320.716 -5.36112e-07 0 0 270
320.716 -5.36112e-07 0 0 270
321.216 -5.36112e-07 0 0 270
321.216 -5.36112e-07 0 0 270
321.716 -5.36112e-07 0 0 270
321.716 -5.36112e-07 0 0 270
322.216 -5.36112e-07 0 0 270
322.216 -5.36112e-07 0 0 270
322.716 -5.36112e-07 0 0 270
322.716 -5.36112e-07 0 0 270
323.216 -5.36112e-07 0 0 270
323.216 -5.36112e-07 0 0 270
323.716 -5.36112e-07 0 0 270
323.716 -5.36112e-07 0 0 270
324.216 -5.36112e-07 0 0 270
324.216 -5.36112e-07 0 0 270
324.716 -5.36112e-07 0 0 270
324.716 -5.36112e-07 0 0 270
325.216 -5.36112e-07 0 0 270
325.216 -5.36112e-07 0 0 270
325.716 -5.36112e-07 0 0 270
325.716 -5.36112e-07 0 0 270
326.216 -5.36112e-07 0 0 270
326.216 -5.36112e-07 0 0 270
326.716 -5.36112e-07 0 0 270
326.716 -5.36112e-07 0 0 270
327.216 -5.36112e-07 0 0 270
327.216 -5.36112e-07 0 0 270
327.716 -5.36112e-07 0 0 270
327.716 -5.36112e-07 0 0 270
328.216 -5.36112e-07 0 0 270
328.216 -5.36112e-07 0 0 270
328.716 -5.36112e-07 0 0 270
328.716 -5.36112e-07 0 0 270
329.216 -5.36112e-07 0 0 270
329.216 -5.36112e-07 0 0 270
329.716 -5.36112e-07 0 0 270
329.716 -5.36112e-07 0 0 270
330.216 -5.36112e-07 0 0 270
330.216 -5.36112e-07 0 0 270
330.716 -5.36112e-07 0 0 270
330.716 -5.36112e-07 0 0 270
331.216 -5.36112e-07 0 0 270
331.216 -5.36112e-07 0 0 270
331.716 -5.36112e-07 0 0 270
331.716 -5.36112e-07 0 0 270
332.216 -5.36112e-07 0 0 270
332.216 -5.36112e-07 0 0 270
332.716 -5.36112e-07 0 0 270
332.716 -5.36112e-07 0 0 270
333.216 -5.36112e-07 0 0 270
333.216 -5.36112e-07 0 0 270
333.716 -5.36112e-07 0 0 270
333.716 -5.36112e-07 0 0 270
334.216 -5.36112e-07 0 0 270
334.216 -5.36112e-07 0 0 270
334.716 -5.36112e-07 0 0 270
334.716 -5.36112e-07 0 0 270
335.216 -5.36112e-07 0 0 270
335.216 -5.36112e-07 0 0 270
335.716 -5.36112e-07 0 0 270
335.716 -5.36112e-07 0 0 270
336.216 -5.36112e-07 0 0 270
336.216 -5.36112e-07 0 0 270
336.716 -5.36112e-07 0 0 270
336.716 -5.36112e-07 0 0 270
337.216 -5.36112e-07 0 0 270
337.216 -5.36112e-07 0 0 270
337.716 -5.36112e-07 0 0 270
337.716 -5.36112e-07 0 0 270
338.216 -5.36112e-07 0 0 270
338.216 -5.36112e-07 0 0 270
338.716 -5.36112e-07 0 0 270
338.716 -5.36112e-07 0 0 270
339.216 -5.36112e-07 0 0 270
339.216 -5.36112e-07 0 0 270
339.716 -5.36112e-07 0 0 270
339.716 -5.36112e-07 0 0 270
340.216 -5.36112e-07 0 0 270
340.216 -5.36112e-07 0 0 270
340.716 -5.36112e-07 0 0 270
340.716 -5.36112e-07 0 0 270
341.216 -5.36112e-07 0 0 270
341.216 -5.36112e-07 0 0 270
341.716 -5.36112e-07 0 0 270
341.716 -5.36112e-07 0 0 270
342.216 -5.36112e-07 0 0 270
342.216 -5.36112e-07 0 0 270
342.716 -5.36112e-07 0 0 270
342.716 -5.36112e-07 0 0 270
343.216 -5.36112e-07 0 0 270
343.216 -5.36112e-07 0 0 270
343.716 -5.36112e-07 0 0 270
343.716 -5.36112e-07 0 0 270
344.216 -5.36112e-07 0 0 270
344.216 -5.36112e-07 0 0 270
344.716 -5.36112e-07 0 0 270
344.716 -5.36112e-07 0 0 270
345.216 -5.36112e-07 0 0 270
345.216 -5.36112e-07 0 0 270
345.716 -5.36112e-07 0 0 270
345.716 -5.36112e-07 0 0 270
346.216 -5.36112e-07 0 0 270
346.216 -5.36112e-07 0 0 270
346.716 -5.36112e-07 0 0 270
346.716 -5.36112e-07 0 0 270
347.216 -5.36112e-07 0 0 270
347.216 -5.36112e-07 0 0 270
347.716 -5.36112e-07 0 0 270
347.716 -5.36112e-07 0 0 270
348.216 -5.36112e-07 0 0 270
348.216 -5.36112e-07 0 0 270
348.716 -5.36112e-07 0 0 270
348.716 -5.36112e-07 0 0 270
349.216 -5.36112e-07 0 0 270
349.216 -5.36112e-07 0 0 270
349.716 -5.36112e-07 0 0 270
349.716 -5.36112e-07 0 0 270
350.216 -5.36112e-07 0 0 270
350.216 -5.36112e-07 0 0 270
350.716 -5.36112e-07 0 0 270
350.716 -5.36112e-07 0 0 270
351.216 -5.36112e-07 0 0 270
351.216 -5.36112e-07 0 0 270
351.716 -5.36112e-07 0 0 270
351.716 -5.36112e-07 0 0 270
352.216 -5.36112e-07 0 0 270
352.216 -5.36112e-07 0 0 270
352.716 -5.36112e-07 0 0 270
352.716 -5.36112e-07 0 0 270
353.216 -5.36112e-07 0 0 270
353.216 -5.36112e-07 0 0 270
353.716 -5.36112e-07 0 0 270
353.716 -5.36112e-07 0 0 270
354.216 -5.36112e-07 0 0 270
354.216 -5.36112e-07 0 0 270
354.716 -5.36112e-07 0 0 270
354.716 -5.36112e-07 0 0 270
355.216 -5.36112e-07 0 0 270
355.216 -5.36112e-07 0 0 270
355.716 -5.36112e-07 0 0 270
355.716 -5.36112e-07 0 0 270
356.216 -5.36112e-07 0 0 270
356.216 -5.36112e-07 0 0 270
356.716 -5.36112e-07 0 0 270
356.716 -5.36112e-07 0 0 270
357.216 -5.36112e-07 0 0 270
357.216 -5.36112e-07 0 0 270
357.716 -5.36112e-07 0 0 270
357.716 -5.36112e-07 0 0 270
358.216 -5.36112e-07 0 0 270
358.216 -5.36112e-07 0 0 270
358.716 -5.36112e-07 0 0 270
358.716 -5.36112e-07 0 0 270
359.216 -5.36112e-07 0 0 270
359.216 -5.36112e-07 0 0 270
359.716 -5.36112e-07 0 0 270
359.716 -5.36112e-07 0 0 270
360.216 -5.36112e-07 0 0 270
360.216 -5.36112e-07 0 0 270
360.716 -5.36112e-07 0 0 270
360.716 -5.36112e-07 0 0 270
361.216 -5.36112e-07 0 0 270
361.216 -5.36112e-07 0 0 270
361.716 -5.36112e-07 0 0 270
361.716 -5.36112e-07 0 0 270
362.216 -5.36112e-07 0 0 270
362.216 -5.36112e-07 0 0 270
362.716 -5.36112e-07 0 0 270
362.716 -5.36112e-07 0 0 270
363.216 -5.36112e-07 0 0 270
363.216 -5.36112e-07 0 0 270
363.716 -5.36112e-07 0 0 270
363.716 -5.36112e-07 0 0 270
364.216 -5.36112e-07 0 0 270
364.216 -5.36112e-07 0 0 270
364.716 -5.36112e-07 0 0 270
364.716 -5.36112e-07 0 0 270
365.216 -5.36112e-07 0 0 270
365.216 -5.36112e-07 0 0 270
365.716 -5.36112e-07 0 0 270
365.716 -5.36112e-07 0 0 270
366.216 -5.36112e-07 0 0 270
366.216 -5.36112e-07 0 0 270
366.716 -5.36112e-07 0 0 270
366.716 -5.36112e-07 0 0 270
367.216 -5.36112e-07 0 0 270
367.216 -5.36112e-07 0 0 270
367.716 -5.36112e-07 0 0 270
367.716 -5.36112e-07 0 0 270
368.216 -5.36112e-07 0 0 270
368.216 -5.36112e-07 0 0 270
368.716 -5.36112e-07 0 0 270
368.716 -5.36112e-07 0 0 270
369.216 -5.36112e-07 0 0 270
369.216 -5.36112e-07 0 0 270
369.716 -5.36112e-07 0 0 270
369.716 -5.36112e-07 0 0 270
370.216 -5.36112e-07 0 0 270
370.216 -5.36112e-07 0 0 270
370.716 -5.36112e-07 0 0 270
370.716 -5.36112e-07 0 0 270
371.216 -5.36112e-07 0 0 270
371.216 -5.36112e-07 0 0 270
371.716 -5.36112e-07 0 0 270
371.716 -5.36112e-07 0 0 270
372.216 -5.36112e-07 0 0 270
372.216 -5.36112e-07 0 0 270
372.716 -5.36112e-07 0 0 270
372.716 -5.36112e-07 0 0 270
373.216 -5.36112e-07 0 0 270
373.216 -5.36112e-07 0 0 270
373.716 -5.36112e-07 0 0 270
373.716 -5.36112e-07 0 0 270
374.216 -5.36112e-07 0 0 270
374.216 -5.36112e-07 0 0 270
374.716 -5.36112e-07 0 0 270
374.716 -5.36112e-07 0 0 270
375.216 -5.36112e-07 0 0 270
375.216 -5.36112e-07 0 0 270
375.716 -5.36112e-07 0 0 270
375.716 -5.36112e-07 0 0 270
376.216 -5.36112e-07 0 0 270
376.216 -5.36112e-07 0 0 270
376.716 -5.36112e-07 0 0 270
376.716 -5.36112e-07 0 0 270
377.216 -5.36112e-07 0 0 270
377.216 -5.36112e-07 0 0 270
377.716 -5.36112e-07 0 0 270
377.716 -5.36112e-07 0 0 270
378.216 -5.36112e-07 0 0 270
378.216 -5.36112e-07 0 0 270
378.716 -5.36112e-07 0 0 270
378.716 -5.36112e-07 0 0 270
379.216 -5.36112e-07 0 0 270
379.216 -5.36112e-07 0 0 270
379.716 -5.36112e-07 0 0 270
379.716 -5.36112e-07 0 0 270
380.216 -5.36112e-07 0 0 270
380.216 -5.36112e-07 0 0 270
380.716 -5.36112e-07 0 0 270
380.716 -5.36112e-07 0 0 270
381.216 -5.36112e-07 0 0 270
381.216 -5.36112e-07 0 0 270
381.716 -5.36112e-07 0 0 270
381.716 -5.36112e-07 0 0 270
382.216 -5.36112e-07 0 0 270
382.216 -5.36112e-07 0 0 270
382.716 -5.36112e-07 0 0 270
382.716 -5.36112e-07 0 0 270
383.216 -5.36112e-07 0 0 270
383.216 -5.36112e-07 0 0 270
383.716 -5.36112e-07 0 0 270
383.716 -5.36112e-07 0 0 270
384.216 -5.36112e-07 0 0 270
384.216 -5.36112e-07 0 0 270
384.716 -5.36112e-07 0 0 270
384.716 -5.36112e-07 0 0 270
385.216 -5.36112e-07 0 0 270
385.216 -5.36112e-07 0 0 270
385.716 -5.36112e-07 0 0 270
385.716 -5.36112e-07 0 0 270
386.216 -5.36112e-07 0 0 270
386.216 -5.36112e-07 0 0 270
386.716 -5.36112e-07 0 0 270
386.716 -5.36112e-07 0 0 270
387.216 -5.36112e-07 0 0 270
387.216 -5.36112e-07 0 0 270
387.716 -5.36112e-07 0 0 270
387.716 -5.36112e-07 0 0 270
388.216 -5.36112e-07 0 0 270
388.216 -5.36112e-07 0 0 270
388.716 -5.36112e-07 0 0 270
388.716 -5.36112e-07 0 0 270
389.216 -5.36112e-07 0 0 270
389.216 -5.36112e-07 0 0 270
389.716 -5.36112e-07 0 0 270
389.716 -5.36112e-07 0 0 270
390.216 -5.36112e-07 0 0 270
390.216 -5.36112e-07 0 0 270
390.716 -5.36112e-07 0 0 270
390.716 -5.36112e-07 0 0 270
391.216 -5.36112e-07 0 0 270
391.216 -5.36112e-07 0 0 270
391.716 -5.36112e-07 0 0 270
391.716 -5.36112e-07 0 0 270
392.216 -5.36112e-07 0 0 270
392.216 -5.36112e-07 0 0 270
392.716 -5.36112e-07 0 0 270
392.716 -5.36112e-07 0 0 270
393.216 -5.36112e-07 0 0 270
393.216 -5.36112e-07 0 0 270
393.716 -5.36112e-07 0 0 270
393.716 -5.36112e-07 0 0 270
394.216 -5.36112e-07 0 0 270
394.216 -5.36112e-07 0 0 270
394.716 -5.36112e-07 0 0 270
394.716 -5.36112e-07 0 0 270
395.216 -5.36112e-07 0 0 270
395.216 -5.36112e-07 0 0 270
395.716 -5.36112e-07 0 0 270
395.716 -5.36112e-07 0 0 270
396.216 -5.36112e-07 0 0 270
396.216 -5.36112e-07 0 0 270
396.716 -5.36112e-07 0 0 270
396.716 -5.36112e-07 0 0 270
397.216 -5.36112e-07 0 0 270
397.216 -5.36112e-07 0 0 270
397.716 -5.36112e-07 0 0 270
397.716 -5.36112e-07 0 0 270
398.216 -5.36112e-07 0 0 270
398.216 -5.36112e-07 0 0 270
398.716 -5.36112e-07 0 0 270
398.716 -5.36112e-07 0 0 270
399.216 -5.36112e-07 0 0 270
399.216 -5.36112e-07 0 0 270
399.716 -5.36112e-07 0 0 270
399.716 -5.36112e-07 0 0 270
400.216 -5.36112e-07 0 0 270
400.216 -5.36112e-07 0 0 270
400.716 -5.36112e-07 0 0 270
400.716 -5.36112e-07 0 0 270
401.216 -5.36112e-07 0 0 270
401.216 -5.36112e-07 0 0 270
401.716 -5.36112e-07 0 0 270
401.716 -5.36112e-07 0 0 270
402.216 -5.36112e-07 0 0 270
402.216 -5.36112e-07 0 0 270
402.716 -5.36112e-07 0 0 270
402.716 -5.36112e-07 0 0 270
403.216 -5.36112e-07 0 0 270
403.216 -5.36112e-07 0 0 270
403.716 -5.36112e-07 0 0 270
403.716 -5.36112e-07 0 0 270
404.216 -5.36112e-07 0 0 270
404.216 -5.36112e-07 0 0 270
404.716 -5.36112e-07 0 0 270
404.716 -5.36112e-07 0 0 270
405.216 -5.36112e-07 0 0 270
405.216 -5.36112e-07 0 0 270
405.716 -5.36112e-07 0 0 270
405.716 -5.36112e-07 0 0 270
406.216 -5.36112e-07 0 0 270
406.216 -5.36112e-07 0 0 270
406.716 -5.36112e-07 0 0 270
406.716 -5.36112e-07 0 0 270
407.216 -5.36112e-07 0 0 270
407.216 -5.36112e-07 0 0 270
407.716 -5.36112e-07 0 0 270
407.716 -5.36112e-07 0 0 270
408.216 -5.36112e-07 0 0 270
408.216 -5.36112e-07 0 0 270
408.716 -5.36112e-07 0 0 270
408.716 -5.36112e-07 0 0 270
409.216 -5.36112e-07 0 0 270
409.216 -5.36112e-07 0 0 270
409.716 -5.36112e-07 0 0 270
409.716 -5.36112e-07 0 0 270
410.216 -5.36112e-07 0 0 270
410.216 -5.36112e-07 0 0 270
410.716 -5.36112e-07 0 0 270
410.716 -5.36112e-07 0 0 270
411.216 -5.36112e-07 0 0 270
411.216 -5.36112e-07 0 0 270
411.716 -5.36112e-07 0 0 270
411.716 -5.36112e-07 0 0 270
412.216 -5.36112e-07 0 0 270
412.216 -5.36112e-07 0 0 270
422.216 -5.36112e-07 0 0 270
