#     thickness (A)        interface (A)       rho (1e-6/A^2)      irho (1e-6/A^2)
                  10                    0     1.99006819239489                    0
                 0.5                    0     1.99006819239489                    0
                 0.5                    0     1.99006819239489                    0
                 0.5                    0     1.99006819239489                    0
                 0.5                    0     1.99006819239489                    0
                 0.5                    0     1.99006819239489                    0
                 0.5                    0     1.98915148591807                    0
                 0.5                    0     1.98868691892416                    0
                 0.5                    0     1.98802451683897                    0
                 0.5                    0     1.98709902657967                    0
                 0.5                    0     1.98583219621457                    0
                 0.5                    0     1.98413368093049                    0
                 0.5                    0     1.98190360911172                    0
                 0.5                    0     1.97903716131325                    0
                 0.5                    0     1.97543135367566                    0
                 0.5                    0     1.97099395794341                    0
                 0.5                    0     1.96565414253518                    0
                 0.5                    0      1.9593740138406                    0
                 0.5                    0     1.95215982603537                    0
                 0.5                    0     1.94407127968515                    0
                 0.5                    0     1.93522711946146                    0
                 0.5                    0     1.92580523768038                    0
                 0.5                    0     1.91603573939269                    0
                 0.5                    0      1.9061859379336                    0
                 0.5                    0     1.89653699696349                    0
                 0.5                    0     1.88735284548789                    0
                 0.5                    0     1.87884296529631                    0
                 0.5                    0     1.87112157155196                    0
                 0.5                    0     1.86416646882142                    0
                 0.5                    0      1.8577813812046                    0
                 0.5                    0     1.85156577269652                    0
                 0.5                    0     1.84489606996812                    0
                 0.5                    0     1.83692177423856                    0
                 0.5                    0     1.82657921160575                    0
                 0.5                    0     1.81262463245896                    0
                 0.5                    0     1.79368704113495                    0
                 0.5                    0     1.76833953966734                    0
                 0.5                    0     1.73518616087382                    0
                 0.5                    0       1.692959260099                    0
                 0.5                    0     1.64062071811273                    0
                 0.5                    0     1.57745873445418                    0
                 0.5                    0     1.50317115332514                    0
                 0.5                    0      1.4179263386983                    0
                 0.5                    0     1.32239379172456                    0
                 0.5                    0     1.21773902017723                    0
                 0.5                    0     1.10558046958833                    0
                 0.5                    0    0.987910251835476                    0
                 0.5                    0    0.866984443677227                    0
                 0.5                    0    0.745192284576376                    0
                 0.5                    0    0.624916123547889                    0
                 0.5                    0    0.508395036185329                    0
                 0.5                    0    0.397604471987458                    0
                 0.5                    0    0.294162183677577                    0
                 0.5                    0    0.199267372252644                    0
                 0.5                    0     0.11367597779256                    0
                 0.5                    0   0.0377109643328753                    0
                 0.5                    0  -0.0286971341620643                    0
                 0.5                    0  -0.0859467707309764                    0
                 0.5                    0   -0.134687834866022                    0
                 0.5                    0    -0.17573896541222                    0
                 0.5                    0   -0.210007790768392                    0
                 0.5                    0   -0.238420460579413                    0
                 0.5                    0   -0.261864704510196                    0
                 0.5                    0   -0.281148455532873                    0
                 0.5                    0   -0.296974104638616                    0
                 0.5                    0   -0.309926910865097                    0
                 0.5                    0   -0.320475067164662                    0
                 0.5                    0   -0.328978414258359                    0
                 0.5                    0   -0.335702724791461                    0
                 0.5                    0    -0.34083673165485                    0
                 0.5                    0   -0.344509519112759                    0
                 0.5                    0   -0.346806417754037                    0
                 0.5                    0    -0.34778205610695                    0
                 0.5                    0   -0.347469668779364                    0
                 0.5                    0   -0.345886122384308                    0
                 0.5                    0   -0.343032403706717                    0
                 0.5                    0   -0.338889547431847                    0
                 0.5                    0   -0.333410202681236                    0
                 0.5                    0    -0.32650629021904                    0
                 0.5                    0   -0.318033520026173                    0
                 0.5                    0   -0.307773940199818                    0
                 0.5                    0   -0.295418166163834                    0
                 0.5                    0   -0.280549455741957                    0
                 0.5                    0   -0.262632277960798                    0
                 0.5                    0   -0.241008367158275                    0
                 0.5                    0   -0.214903334143763                    0
                 0.5                    0   -0.183446597133029                    0
                 0.5                    0   -0.145706598122507                    0
                 0.5                    0   -0.100741944664458                    0
                 0.5                    0  -0.0476673091888929                    0
                 0.5                    0    0.014269219902581                    0
                 0.5                    0    0.085602851872078                    0
                 0.5                    0    0.166570333634457                    0
                 0.5                    0    0.257038486582959                    0
                 0.5                    0    0.356452148259784                    0
                 0.5                    0    0.463809768381663                    0
                 0.5                    0    0.577672805039248                    0
                 0.5                    0    0.696211882411221                    0
                 0.5                    0    0.817288781323201                    0
                 0.5                    0    0.938569275468356                    0
                 0.5                    0     1.05765820783873                    0
                 0.5                    0     1.17224558963139                    0
                 0.5                    0     1.28025130524461                    0
                 0.5                    0     1.37995638293893                    0
                 0.5                    0     1.47011061618322                    0
                 0.5                    0      1.5500092067181                    0
                 0.5                    0     1.61953447684369                    0
                 0.5                    0     1.67916194109019                    0
                 0.5                    0     1.72993260167443                    0
                 0.5                    0     1.77339492031827                    0
                 0.5                    0     1.81152049859214                    0
                 0.5                    0     1.84659734818295                    0
                 0.5                    0     1.88110425479507                    0
                 0.5                    0      1.9175697174858                    0
                 0.5                    0     1.95841975560357                    0
                 0.5                    0      2.0058207099969                    0
                 0.5                    0     2.06152581286579                    0
                 0.5                    0     2.12673713574022                    0
                 0.5                    0     2.20199662364477                    0
                 0.5                    0     2.28712029615309                    0
                 0.5                    0     2.38118758447773                    0
                 0.5                    0     2.48259292897012                    0
                 0.5                    0     2.58915961298748                    0
                 0.5                    0     2.69830745668241                    0
                 0.5                    0     2.80725800098783                    0
                 0.5                    0     2.91325484132622                    0
                 0.5                    0     3.01377416306526                    0
                 0.5                    0      3.1067019445919                    0
                 0.5                    0     3.19045951758306                    0
                 0.5                    0     3.26406717076487                    0
                 0.5                    0     3.32714465340859                    0
                 0.5                    0     3.37985601573962                    0
                 0.5                    0     3.42281270981453                    0
                 0.5                    0      3.4569523380416                    0
                 0.5                    0     3.48341066999168                    0
                 0.5                    0     3.50340201327482                    0
                 0.5                    0     3.51811864626248                    0
                 0.5                    0     3.52865490719066                    0
                 0.5                    0     3.53595670759226                    0
                 0.5                    0     3.54079344457014                    0
                 0.5                    0     3.54374691745943                    0
                 0.5                    0     3.54521096841682                    0
                 0.5                    0     3.54539597846132                    0
                 0.5                    0      3.5443337431427                    0
                 0.5                    0     3.54188026889178                    0
                 0.5                    0     3.53771632971526                    0
                 0.5                    0     3.53134788679977                    0
                 0.5                    0     3.52211039338929                    0
                 0.5                    0      3.5091822709759                    0
                 0.5                    0      3.4916131404157                    0
                 0.5                    0     3.46837146373194                    0
                 0.5                    0     3.43841397417607                    0
                 0.5                    0     3.40077575036238                    0
                 0.5                    0     3.35467543659474                    0
                 0.5                    0     3.29962564965493                    0
                 0.5                    0     3.23553498995442                    0
                 0.5                    0      3.1627862769858                    0
                 0.5                    0     3.08227642626031                    0
                 0.5                    0      2.9954070837481                    0
                 0.5                    0      2.9040214080767                    0
                 0.5                    0     2.81029026532841                    0
                 0.5                    0     2.71655911765222                    0
                 0.5                    0     2.62517342369213                    0
                 0.5                    0     2.53830403680962                    0
                 0.5                    0     2.45779408590515                    0
                 0.5                    0     2.38504515283861                    0
                 0.5                    0     2.32095401925683                    0
                 0.5                    0     2.26590323181163                    0
                 0.5                    0     2.21980084758616                    0
                 0.5                    0     2.18215842670205                    0
                 0.5                    0     2.15219260788188                    0
                 0.5                    0     2.12893475707981                    0
                 0.5                    0     2.11133490886853                    0
                 0.5                    0     2.09834975244013                    0
                 0.5                    0      2.0890087670454                    0
                 0.5                    0     2.08245684979486                    0
                 0.5                    0      2.0779752033507                    0
                 0.5                    0     2.07498449240259                    0
                 0.5                    0      2.0730352882455                    0
                 0.5                    0     2.07179079617205                    0
                 0.5                    0     2.07100612924639                    0
                 0.5                    0     2.07060575321623                    0
                 0.5                    0     2.07033688033391                    0
                 0.5                    0     2.07018291664962                    0
                 0.5                    0     2.07009695920783                    0
                 0.5                    0     2.07005017034075                    0
                 0.5                    0     2.07002533927252                    0
                 0.5                    0     2.07001249107908                    0
                 0.5                    0     2.07000600947526                    0
                 0.5                    0     2.07000282148776                    0
                 0.5                    0     2.07000129270981                    0
                 0.5                    0      2.0700005779406                    0
                 0.5                    0     2.07000025211827                    0
                 0.5                    0     2.07000010731135                    0
                 0.5                    0     2.07000004456468                    0
                 0.5                    0     2.07000001805645                    0
                 0.5                    0     2.07000000713881                    0
                 0.5                    0     2.07000000275756                    0
                 0.5                    0     2.07000000105151                    0
                 0.5                    0     2.07000000042743                    0
                 0.5                    0     2.07000000027202                    0
                   0                    0     2.07000000027202                    0
                   0                    0     2.07000000027186                    0
                   0                    0     2.07000000027079                    0
                   0                    0     2.07000000026747                    0
                   0                    0     2.07000000026066                    0
                   0                    0     2.07000000024952                    0
                   0                    0     2.07000000023378                    0
                   0                    0     2.07000000021371                    0
                   0                    0        2.07000000019                    0
                   0                    0     2.07000000016368                    0
                  10                    0                 2.07                    0
