# z rho mu
-10 0 0
0 0 0
0 1.56995e-08 5.49328e-08
0 1.56995e-08 5.49328e-08
0 1.82237e-08 6.37649e-08
0 1.82237e-08 6.37649e-08
0 2.04979e-08 7.17224e-08
0 2.04979e-08 7.17224e-08
0 2.24233e-08 7.84592e-08
0 2.24233e-08 7.84592e-08
0 2.39326e-08 8.37404e-08
0 2.39326e-08 8.37404e-08
0 2.5001e-08 8.74788e-08
0 2.5001e-08 8.74788e-08
0 2.56545e-08 8.97654e-08
0 2.56545e-08 8.97654e-08
0 2.59724e-08 9.08778e-08
0 2.59724e-08 9.08778e-08
0 2.60757e-08 9.12391e-08
0 2.60757e-08 9.12391e-08
0 2.60902e-08 9.12898e-08
0 2.60902e-08 9.12898e-08
0 2.60904e-08 9.12906e-08
0.5 2.60904e-08 9.12906e-08
0.5 2.60077e-08 9.13459e-08
1 2.60077e-08 9.13459e-08
1 2.59341e-08 9.15004e-08
1.5 2.59341e-08 9.15004e-08
1.5 2.61625e-08 9.17371e-08
2 2.61625e-08 9.17371e-08
2 2.70271e-08 9.20388e-08
2.5 2.70271e-08 9.20388e-08
2.5 2.89038e-08 9.23885e-08
3 2.89038e-08 9.23885e-08
3 3.22106e-08 9.27691e-08
3.5 3.22106e-08 9.27691e-08
3.5 3.74081e-08 9.31634e-08
4 3.74081e-08 9.31634e-08
4 4.50002e-08 9.35545e-08
4.5 4.50002e-08 9.35545e-08
4.5 5.55334e-08 9.39253e-08
5 5.55334e-08 9.39253e-08
5 6.95975e-08 9.42585e-08
5.5 6.95975e-08 9.42585e-08
5.5 8.78243e-08 9.45372e-08
6 8.78243e-08 9.45372e-08
6 1.10886e-07 9.47443e-08
6.5 1.10886e-07 9.47443e-08
6.5 1.44994e-07 9.4951e-08
7 1.44994e-07 9.4951e-08
7 1.7648e-07 9.49109e-08
7.5 1.7648e-07 9.49109e-08
7.5 2.17058e-07 9.47786e-08
8 2.17058e-07 9.47786e-08
8 2.66387e-07 9.45196e-08
8.5 2.66387e-07 9.45196e-08
8.5 3.24769e-07 9.41091e-08
9 3.24769e-07 9.41091e-08
9 3.92818e-07 9.35266e-08
9.5 3.92818e-07 9.35266e-08
9.5 4.71288e-07 9.27536e-08
10 4.71288e-07 9.27536e-08
10 5.60982e-07 9.17725e-08
10.5 5.60982e-07 9.17725e-08
10.5 7.0804e-07 9.12906e-08
11 7.0804e-07 9.12906e-08
11 9.11895e-07 9.12906e-08
11.5 9.11895e-07 9.12906e-08
11.5 1.14357e-06 9.12906e-08
12 1.14357e-06 9.12906e-08
12 1.40371e-06 9.12906e-08
12.5 1.40371e-06 9.12906e-08
12.5 1.69013e-06 9.12906e-08
13 1.69013e-06 9.12906e-08
13 2.00035e-06 9.12906e-08
13.5 2.00035e-06 9.12906e-08
13.5 2.33179e-06 9.12906e-08
14 2.33179e-06 9.12906e-08
14 2.68171e-06 9.12906e-08
14.5 2.68171e-06 9.12906e-08
14.5 3.04732e-06 9.12906e-08
15 3.04732e-06 9.12906e-08
15 3.42568e-06 9.12906e-08
15.5 3.42568e-06 9.12906e-08
15.5 3.81385e-06 9.12906e-08
16 3.81385e-06 9.12906e-08
16 4.20882e-06 9.12906e-08
16.5 4.20882e-06 9.12906e-08
16.5 4.6076e-06 9.12906e-08
17 4.6076e-06 9.12906e-08
17 5.00723e-06 9.12906e-08
17.5 5.00723e-06 9.12906e-08
17.5 5.40483e-06 9.12906e-08
18 5.40483e-06 9.12906e-08
18 5.79764e-06 9.12906e-08
18.5 5.79764e-06 9.12906e-08
18.5 6.18303e-06 9.12906e-08
19 6.18303e-06 9.12906e-08
19 6.55856e-06 9.12906e-08
19.5 6.55856e-06 9.12906e-08
19.5 6.922e-06 9.12906e-08
20 6.922e-06 9.12906e-08
20 7.27137e-06 9.12906e-08
20.5 7.27137e-06 9.12906e-08
20.5 7.60494e-06 9.12906e-08
21 7.60494e-06 9.12906e-08
21 7.92129e-06 9.12906e-08
21.5 7.92129e-06 9.12906e-08
21.5 8.21926e-06 9.12906e-08
22 8.21926e-06 9.12906e-08
22 8.49801e-06 9.12906e-08
22.5 8.49801e-06 9.12906e-08
22.5 8.757e-06 9.12906e-08
23 8.757e-06 9.12906e-08
23 8.996e-06 9.12906e-08
23.5 8.996e-06 9.12906e-08
23.5 9.21502e-06 9.12906e-08
24 9.21502e-06 9.12906e-08
24 9.41441e-06 9.12906e-08
24.5 9.41441e-06 9.12906e-08
24.5 9.59812e-06 9.12906e-08
25 9.59812e-06 9.12906e-08
25 9.77128e-06 9.12906e-08
25.5 9.77128e-06 9.12906e-08
25.5 9.93483e-06 9.12906e-08
26 9.93483e-06 9.12906e-08
26 1.00898e-05 9.12906e-08
26.5 1.00898e-05 9.12906e-08
26.5 1.02372e-05 9.12906e-08
27 1.02372e-05 9.12906e-08
27 1.03783e-05 9.12906e-08
27.5 1.03783e-05 9.12906e-08
27.5 1.05143e-05 9.12906e-08
28 1.05143e-05 9.12906e-08
28 1.06463e-05 9.12906e-08
28.5 1.06463e-05 9.12906e-08
28.5 1.07756e-05 9.12906e-08
29 1.07756e-05 9.12906e-08
29 1.09034e-05 9.12906e-08
29.5 1.09034e-05 9.12906e-08
29.5 1.10308e-05 9.12906e-08
30 1.10308e-05 9.12906e-08
30 1.11586e-05 9.12906e-08
30.5 1.11586e-05 9.12906e-08
30.5 1.12877e-05 9.12906e-08
31 1.12877e-05 9.12906e-08
31 1.14187e-05 9.12906e-08
31.5 1.14187e-05 9.12906e-08
31.5 1.1552e-05 9.12906e-08
32 1.1552e-05 9.12906e-08
32 1.16877e-05 9.12906e-08
32.5 1.16877e-05 9.12906e-08
32.5 1.18255e-05 9.12906e-08
33 1.18255e-05 9.12906e-08
33 1.19651e-05 9.12906e-08
33.5 1.19651e-05 9.12906e-08
33.5 1.21057e-05 9.12906e-08
34 1.21057e-05 9.12906e-08
34 1.22462e-05 9.12906e-08
34.5 1.22462e-05 9.12906e-08
34.5 1.23855e-05 9.12906e-08
35 1.23855e-05 9.12906e-08
35 1.25222e-05 9.12906e-08
35.5 1.25222e-05 9.12906e-08
35.5 1.2655e-05 9.12906e-08
36 1.2655e-05 9.12906e-08
36 1.27826e-05 9.12906e-08
36.5 1.27826e-05 9.12906e-08
36.5 1.29037e-05 9.12906e-08
37 1.29037e-05 9.12906e-08
37 1.30173e-05 9.12906e-08
37.5 1.30173e-05 9.12906e-08
37.5 1.31225e-05 9.12906e-08
38 1.31225e-05 9.12906e-08
38 1.31883e-05 9.21903e-08
38.5 1.31883e-05 9.21903e-08
38.5 1.31262e-05 9.62937e-08
39 1.31262e-05 9.62937e-08
39 1.30454e-05 1.00227e-07
39.5 1.30454e-05 1.00227e-07
39.5 1.29501e-05 1.03962e-07
40 1.29501e-05 1.03962e-07
40 1.28448e-05 1.07472e-07
40.5 1.28448e-05 1.07472e-07
40.5 1.27338e-05 1.10732e-07
41 1.27338e-05 1.10732e-07
41 1.2621e-05 1.1372e-07
41.5 1.2621e-05 1.1372e-07
41.5 1.251e-05 1.16425e-07
42 1.251e-05 1.16425e-07
42 1.24037e-05 1.18839e-07
42.5 1.24037e-05 1.18839e-07
42.5 1.23044e-05 1.20961e-07
43 1.23044e-05 1.20961e-07
43 1.22139e-05 1.22795e-07
43.5 1.22139e-05 1.22795e-07
43.5 1.2133e-05 1.24352e-07
44 1.2133e-05 1.24352e-07
44 1.20624e-05 1.25649e-07
44.5 1.20624e-05 1.25649e-07
44.5 1.2002e-05 1.26706e-07
45 1.2002e-05 1.26706e-07
45 1.19513e-05 1.27547e-07
45.5 1.19513e-05 1.27547e-07
45.5 1.19096e-05 1.28196e-07
46 1.19096e-05 1.28196e-07
46 1.1876e-05 1.28681e-07
46.5 1.1876e-05 1.28681e-07
46.5 1.18496e-05 1.29028e-07
47 1.18496e-05 1.29028e-07
47 1.18292e-05 1.29263e-07
47.5 1.18292e-05 1.29263e-07
47.5 1.18138e-05 1.29409e-07
48 1.18138e-05 1.29409e-07
48 1.18025e-05 1.29487e-07
48.5 1.18025e-05 1.29487e-07
48.5 1.17943e-05 1.29517e-07
49 1.17943e-05 1.29517e-07
49 1.17886e-05 1.29515e-07
49.5 1.17886e-05 1.29515e-07
49.5 1.17847e-05 1.29495e-07
50 1.17847e-05 1.29495e-07
50 1.17821e-05 1.29469e-07
50.5 1.17821e-05 1.29469e-07
50.5 1.17803e-05 1.29446e-07
51 1.17803e-05 1.29446e-07
51 1.1779e-05 1.29435e-07
51.5 1.1779e-05 1.29435e-07
51.5 1.17752e-05 1.29498e-07
52 1.17752e-05 1.29498e-07
52 1.17751e-05 1.29507e-07
52.5 1.17751e-05 1.29507e-07
52.5 1.17745e-05 1.2955e-07
53 1.17745e-05 1.2955e-07
53 1.17735e-05 1.29628e-07
53.5 1.17735e-05 1.29628e-07
53.5 1.17719e-05 1.29742e-07
54 1.17719e-05 1.29742e-07
54 1.17699e-05 1.29893e-07
54.5 1.17699e-05 1.29893e-07
54.5 1.17673e-05 1.30083e-07
55 1.17673e-05 1.30083e-07
55 1.17642e-05 1.30313e-07
55.5 1.17642e-05 1.30313e-07
55.5 1.17605e-05 1.30585e-07
56 1.17605e-05 1.30585e-07
56 1.17562e-05 1.30899e-07
56.5 1.17562e-05 1.30899e-07
56.5 1.17514e-05 1.31257e-07
57 1.17514e-05 1.31257e-07
57 1.17459e-05 1.31661e-07
57.5 1.17459e-05 1.31661e-07
57.5 1.17398e-05 1.32111e-07
58 1.17398e-05 1.32111e-07
58 1.17331e-05 1.32609e-07
58.5 1.17331e-05 1.32609e-07
58.5 1.17257e-05 1.33156e-07
59 1.17257e-05 1.33156e-07
59 1.17176e-05 1.33754e-07
59.5 1.17176e-05 1.33754e-07
59.5 1.17088e-05 1.34404e-07
60 1.17088e-05 1.34404e-07
60 1.16993e-05 1.35107e-07
60.5 1.16993e-05 1.35107e-07
60.5 1.16888e-05 1.35879e-07
61 1.16888e-05 1.35879e-07
61 1.16761e-05 1.36819e-07
61.5 1.16761e-05 1.36819e-07
61.5 1.1661e-05 1.37933e-07
62 1.1661e-05 1.37933e-07
62 1.16437e-05 1.39209e-07
62.5 1.16437e-05 1.39209e-07
62.5 1.16244e-05 1.40634e-07
63 1.16244e-05 1.40634e-07
63 1.16033e-05 1.42197e-07
63.5 1.16033e-05 1.42197e-07
63.5 1.15804e-05 1.43884e-07
64 1.15804e-05 1.43884e-07
64 1.15561e-05 1.45683e-07
64.5 1.15561e-05 1.45683e-07
64.5 1.15304e-05 1.47582e-07
65 1.15304e-05 1.47582e-07
65 1.15034e-05 1.49569e-07
65.5 1.15034e-05 1.49569e-07
65.5 1.14755e-05 1.51631e-07
66 1.14755e-05 1.51631e-07
66 1.14468e-05 1.53757e-07
66.5 1.14468e-05 1.53757e-07
66.5 1.14173e-05 1.55932e-07
67 1.14173e-05 1.55932e-07
67 1.13873e-05 1.58146e-07
67.5 1.13873e-05 1.58146e-07
67.5 1.1357e-05 1.60386e-07
68 1.1357e-05 1.60386e-07
68 1.13265e-05 1.6264e-07
68.5 1.13265e-05 1.6264e-07
68.5 1.12959e-05 1.64894e-07
69 1.12959e-05 1.64894e-07
69 1.12656e-05 1.67138e-07
69.5 1.12656e-05 1.67138e-07
69.5 1.12355e-05 1.69358e-07
70 1.12355e-05 1.69358e-07
70 1.12059e-05 1.71542e-07
70.5 1.12059e-05 1.71542e-07
70.5 1.1177e-05 1.73678e-07
71 1.1177e-05 1.73678e-07
71 1.11489e-05 1.75753e-07
71.5 1.11489e-05 1.75753e-07
71.5 1.11218e-05 1.77755e-07
72 1.11218e-05 1.77755e-07
72 1.10959e-05 1.79672e-07
72.5 1.10959e-05 1.79672e-07
72.5 1.10712e-05 1.81492e-07
73 1.10712e-05 1.81492e-07
73 1.10481e-05 1.83201e-07
73.5 1.10481e-05 1.83201e-07
73.5 1.10266e-05 1.84788e-07
74 1.10266e-05 1.84788e-07
74 1.10069e-05 1.86241e-07
74.5 1.10069e-05 1.86241e-07
74.5 1.09892e-05 1.87546e-07
75 1.09892e-05 1.87546e-07
75 1.09737e-05 1.88692e-07
75.5 1.09737e-05 1.88692e-07
75.5 1.096e-05 1.89707e-07
76 1.096e-05 1.89707e-07
76 1.09475e-05 1.9063e-07
76.5 1.09475e-05 1.9063e-07
76.5 1.09362e-05 1.91463e-07
77 1.09362e-05 1.91463e-07
77 1.09261e-05 1.92208e-07
77.5 1.09261e-05 1.92208e-07
77.5 1.09172e-05 1.9287e-07
78 1.09172e-05 1.9287e-07
78 1.09093e-05 1.93449e-07
78.5 1.09093e-05 1.93449e-07
78.5 1.09025e-05 1.9395e-07
79 1.09025e-05 1.9395e-07
79 1.08968e-05 1.94375e-07
79.5 1.08968e-05 1.94375e-07
79.5 1.0892e-05 1.94726e-07
80 1.0892e-05 1.94726e-07
80 1.08882e-05 1.95007e-07
80.5 1.08882e-05 1.95007e-07
80.5 1.08853e-05 1.95219e-07
81 1.08853e-05 1.95219e-07
81 1.08834e-05 1.95367e-07
81.5 1.08834e-05 1.95367e-07
81.5 1.08822e-05 1.95452e-07
82 1.08822e-05 1.95452e-07
82 1.08819e-05 1.95477e-07
82.5 1.08819e-05 1.95477e-07
82.5 1.08823e-05 1.95445e-07
83 1.08823e-05 1.95445e-07
83 1.08835e-05 1.95359e-07
83.5 1.08835e-05 1.95359e-07
83.5 1.08853e-05 1.95221e-07
84 1.08853e-05 1.95221e-07
84 1.08879e-05 1.95034e-07
84.5 1.08879e-05 1.95034e-07
84.5 1.0891e-05 1.94801e-07
85 1.0891e-05 1.94801e-07
85 1.08947e-05 1.94525e-07
85.5 1.08947e-05 1.94525e-07
85.5 1.0899e-05 1.94208e-07
86 1.0899e-05 1.94208e-07
86 1.09038e-05 1.93854e-07
86.5 1.09038e-05 1.93854e-07
86.5 1.09091e-05 1.93464e-07
87 1.09091e-05 1.93464e-07
87 1.09148e-05 1.93042e-07
87.5 1.09148e-05 1.93042e-07
87.5 1.0921e-05 1.92585e-07
88 1.0921e-05 1.92585e-07
88 1.0928e-05 1.92072e-07
88.5 1.0928e-05 1.92072e-07
88.5 1.09357e-05 1.915e-07
89 1.09357e-05 1.915e-07
89 1.09442e-05 1.90874e-07
89.5 1.09442e-05 1.90874e-07
89.5 1.09534e-05 1.90194e-07
90 1.09534e-05 1.90194e-07
90 1.09633e-05 1.89465e-07
90.5 1.09633e-05 1.89465e-07
90.5 1.09738e-05 1.88688e-07
91 1.09738e-05 1.88688e-07
91 1.09849e-05 1.87867e-07
91.5 1.09849e-05 1.87867e-07
91.5 1.09966e-05 1.87003e-07
92 1.09966e-05 1.87003e-07
92 1.10088e-05 1.861e-07
92.5 1.10088e-05 1.861e-07
92.5 1.10216e-05 1.8516e-07
93 1.10216e-05 1.8516e-07
93 1.10347e-05 1.84185e-07
93.5 1.10347e-05 1.84185e-07
93.5 1.10484e-05 1.8318e-07
94 1.10484e-05 1.8318e-07
94 1.10624e-05 1.82145e-07
94.5 1.10624e-05 1.82145e-07
94.5 1.10767e-05 1.81084e-07
95 1.10767e-05 1.81084e-07
95 1.10914e-05 1.79999e-07
95.5 1.10914e-05 1.79999e-07
95.5 1.11064e-05 1.78894e-07
96 1.11064e-05 1.78894e-07
96 1.11216e-05 1.7777e-07
96.5 1.11216e-05 1.7777e-07
96.5 1.1137e-05 1.7663e-07
97 1.1137e-05 1.7663e-07
97 1.11526e-05 1.75478e-07
97.5 1.11526e-05 1.75478e-07
97.5 1.11684e-05 1.74315e-07
98 1.11684e-05 1.74315e-07
98 1.11842e-05 1.73144e-07
98.5 1.11842e-05 1.73144e-07
98.5 1.12002e-05 1.71968e-07
99 1.12002e-05 1.71968e-07
99 1.12161e-05 1.7079e-07
99.5 1.12161e-05 1.7079e-07
99.5 1.12321e-05 1.69612e-07
100 1.12321e-05 1.69612e-07
100 1.1248e-05 1.68436e-07
100.5 1.1248e-05 1.68436e-07
100.5 1.12638e-05 1.67266e-07
101 1.12638e-05 1.67266e-07
101 1.12796e-05 1.66105e-07
101.5 1.12796e-05 1.66105e-07
101.5 1.12951e-05 1.64953e-07
102 1.12951e-05 1.64953e-07
102 1.13113e-05 1.63762e-07
102.5 1.13113e-05 1.63762e-07
102.5 1.13298e-05 1.62391e-07
103 1.13298e-05 1.62391e-07
103 1.13505e-05 1.60862e-07
103.5 1.13505e-05 1.60862e-07
103.5 1.1373e-05 1.59203e-07
104 1.1373e-05 1.59203e-07
104 1.13968e-05 1.57445e-07
104.5 1.13968e-05 1.57445e-07
104.5 1.14216e-05 1.55617e-07
105 1.14216e-05 1.55617e-07
105 1.14469e-05 1.53748e-07
105.5 1.14469e-05 1.53748e-07
105.5 1.14723e-05 1.51868e-07
106 1.14723e-05 1.51868e-07
106 1.14975e-05 1.50007e-07
106.5 1.14975e-05 1.50007e-07
106.5 1.15221e-05 1.48195e-07
107 1.15221e-05 1.48195e-07
107 1.15456e-05 1.4646e-07
107.5 1.15456e-05 1.4646e-07
107.5 1.15676e-05 1.44832e-07
108 1.15676e-05 1.44832e-07
108 1.15878e-05 1.43342e-07
108.5 1.15878e-05 1.43342e-07
108.5 1.16057e-05 1.42018e-07
109 1.16057e-05 1.42018e-07
109 1.1621e-05 1.40891e-07
109.5 1.1621e-05 1.40891e-07
109.5 1.16332e-05 1.39989e-07
110 1.16332e-05 1.39989e-07
110 1.16419e-05 1.39343e-07
110.5 1.16419e-05 1.39343e-07
110.5 1.16468e-05 1.38981e-07
111 1.16468e-05 1.38981e-07
111 1.16476e-05 1.38925e-07
111.5 1.16476e-05 1.38925e-07
111.5 1.16465e-05 1.39004e-07
112 1.16465e-05 1.39004e-07
112 1.16446e-05 1.39141e-07
112.5 1.16446e-05 1.39141e-07
112.5 1.1642e-05 1.39336e-07
113 1.1642e-05 1.39336e-07
113 1.16386e-05 1.39587e-07
113.5 1.16386e-05 1.39587e-07
113.5 1.16345e-05 1.39891e-07
114 1.16345e-05 1.39891e-07
114 1.16297e-05 1.40246e-07
114.5 1.16297e-05 1.40246e-07
114.5 1.16242e-05 1.40651e-07
115 1.16242e-05 1.40651e-07
115 1.16181e-05 1.41104e-07
115.5 1.16181e-05 1.41104e-07
115.5 1.16113e-05 1.41603e-07
116 1.16113e-05 1.41603e-07
116 1.1604e-05 1.42146e-07
116.5 1.1604e-05 1.42146e-07
116.5 1.1596e-05 1.42731e-07
117 1.1596e-05 1.42731e-07
117 1.15876e-05 1.43356e-07
117.5 1.15876e-05 1.43356e-07
117.5 1.15786e-05 1.44019e-07
118 1.15786e-05 1.44019e-07
118 1.15691e-05 1.44718e-07
118.5 1.15691e-05 1.44718e-07
118.5 1.15592e-05 1.45452e-07
119 1.15592e-05 1.45452e-07
119 1.15488e-05 1.46219e-07
119.5 1.15488e-05 1.46219e-07
119.5 1.1538e-05 1.47016e-07
120 1.1538e-05 1.47016e-07
120 1.15268e-05 1.47842e-07
120.5 1.15268e-05 1.47842e-07
120.5 1.15153e-05 1.48695e-07
121 1.15153e-05 1.48695e-07
121 1.15034e-05 1.49573e-07
121.5 1.15034e-05 1.49573e-07
121.5 1.14912e-05 1.50474e-07
122 1.14912e-05 1.50474e-07
122 1.14787e-05 1.51396e-07
122.5 1.14787e-05 1.51396e-07
122.5 1.1466e-05 1.52338e-07
123 1.1466e-05 1.52338e-07
123 1.1453e-05 1.53296e-07
123.5 1.1453e-05 1.53296e-07
123.5 1.14398e-05 1.5427e-07
124 1.14398e-05 1.5427e-07
124 1.14264e-05 1.55258e-07
124.5 1.14264e-05 1.55258e-07
124.5 1.14129e-05 1.56258e-07
125 1.14129e-05 1.56258e-07
125 1.13992e-05 1.57267e-07
125.5 1.13992e-05 1.57267e-07
125.5 1.13855e-05 1.58284e-07
126 1.13855e-05 1.58284e-07
126 1.13716e-05 1.59307e-07
126.5 1.13716e-05 1.59307e-07
126.5 1.13577e-05 1.60334e-07
127 1.13577e-05 1.60334e-07
127 1.13438e-05 1.61363e-07
127.5 1.13438e-05 1.61363e-07
127.5 1.13298e-05 1.62392e-07
128 1.13298e-05 1.62392e-07
128 1.13159e-05 1.6342e-07
128.5 1.13159e-05 1.6342e-07
128.5 1.1302e-05 1.64444e-07
129 1.1302e-05 1.64444e-07
129 1.12882e-05 1.65463e-07
129.5 1.12882e-05 1.65463e-07
129.5 1.12745e-05 1.66475e-07
130 1.12745e-05 1.66475e-07
130 1.12576e-05 1.67724e-07
130.5 1.12576e-05 1.67724e-07
130.5 1.12354e-05 1.69363e-07
131 1.12354e-05 1.69363e-07
131 1.12091e-05 1.71312e-07
131.5 1.12091e-05 1.71312e-07
131.5 1.11796e-05 1.73487e-07
132 1.11796e-05 1.73487e-07
132 1.11482e-05 1.75807e-07
132.5 1.11482e-05 1.75807e-07
132.5 1.11159e-05 1.78191e-07
133 1.11159e-05 1.78191e-07
133 1.10839e-05 1.80556e-07
133.5 1.10839e-05 1.80556e-07
133.5 1.10532e-05 1.82821e-07
134 1.10532e-05 1.82821e-07
134 1.1025e-05 1.84904e-07
134.5 1.1025e-05 1.84904e-07
134.5 1.10004e-05 1.86723e-07
135 1.10004e-05 1.86723e-07
135 1.09804e-05 1.88196e-07
135.5 1.09804e-05 1.88196e-07
135.5 1.09663e-05 1.89243e-07
136 1.09663e-05 1.89243e-07
136 1.0959e-05 1.89779e-07
136.5 1.0959e-05 1.89779e-07
136.5 1.09577e-05 1.89874e-07
137 1.09577e-05 1.89874e-07
137 1.09576e-05 1.89883e-07
137.5 1.09576e-05 1.89883e-07
137.5 1.09583e-05 1.8983e-07
138 1.09583e-05 1.8983e-07
138 1.09598e-05 1.89719e-07
138.5 1.09598e-05 1.89719e-07
138.5 1.09621e-05 1.89552e-07
139 1.09621e-05 1.89552e-07
139 1.09651e-05 1.89332e-07
139.5 1.09651e-05 1.89332e-07
139.5 1.09687e-05 1.89062e-07
140 1.09687e-05 1.89062e-07
140 1.0973e-05 1.88746e-07
140.5 1.0973e-05 1.88746e-07
140.5 1.09779e-05 1.88386e-07
141 1.09779e-05 1.88386e-07
141 1.09833e-05 1.87986e-07
141.5 1.09833e-05 1.87986e-07
141.5 1.09892e-05 1.87547e-07
142 1.09892e-05 1.87547e-07
142 1.09956e-05 1.87074e-07
142.5 1.09956e-05 1.87074e-07
142.5 1.10025e-05 1.86569e-07
143 1.10025e-05 1.86569e-07
143 1.10097e-05 1.86036e-07
143.5 1.10097e-05 1.86036e-07
143.5 1.10173e-05 1.85476e-07
144 1.10173e-05 1.85476e-07
144 1.10252e-05 1.84894e-07
144.5 1.10252e-05 1.84894e-07
144.5 1.10333e-05 1.84292e-07
145 1.10333e-05 1.84292e-07
145 1.10417e-05 1.83673e-07
145.5 1.10417e-05 1.83673e-07
145.5 1.10502e-05 1.8304e-07
146 1.10502e-05 1.8304e-07
146 1.1059e-05 1.82397e-07
146.5 1.1059e-05 1.82397e-07
146.5 1.10678e-05 1.81745e-07
147 1.10678e-05 1.81745e-07
147 1.10767e-05 1.81089e-07
147.5 1.10767e-05 1.81089e-07
147.5 1.10856e-05 1.80431e-07
148 1.10856e-05 1.80431e-07
148 1.10945e-05 1.79774e-07
148.5 1.10945e-05 1.79774e-07
148.5 1.11033e-05 1.79121e-07
149 1.11033e-05 1.79121e-07
149 1.11121e-05 1.78475e-07
149.5 1.11121e-05 1.78475e-07
149.5 1.11207e-05 1.77839e-07
150 1.11207e-05 1.77839e-07
150 1.11291e-05 1.77216e-07
150.5 1.11291e-05 1.77216e-07
150.5 1.11373e-05 1.7661e-07
151 1.11373e-05 1.7661e-07
151 1.11453e-05 1.76022e-07
151.5 1.11453e-05 1.76022e-07
151.5 1.11529e-05 1.75456e-07
152 1.11529e-05 1.75456e-07
152 1.11603e-05 1.74916e-07
152.5 1.11603e-05 1.74916e-07
152.5 1.11672e-05 1.74403e-07
153 1.11672e-05 1.74403e-07
153 1.11737e-05 1.73922e-07
153.5 1.11737e-05 1.73922e-07
153.5 1.11798e-05 1.73474e-07
154 1.11798e-05 1.73474e-07
154 1.11853e-05 1.73063e-07
154.5 1.11853e-05 1.73063e-07
154.5 1.11904e-05 1.72693e-07
155 1.11904e-05 1.72693e-07
155 1.11948e-05 1.72365e-07
155.5 1.11948e-05 1.72365e-07
155.5 1.11986e-05 1.72083e-07
156 1.11986e-05 1.72083e-07
156 1.12018e-05 1.71851e-07
156.5 1.12018e-05 1.71851e-07
156.5 1.12042e-05 1.7167e-07
157 1.12042e-05 1.7167e-07
157 1.12059e-05 1.71544e-07
157.5 1.12059e-05 1.71544e-07
157.5 1.12068e-05 1.71476e-07
158 1.12068e-05 1.71476e-07
158 1.12069e-05 1.71469e-07
158.5 1.12069e-05 1.71469e-07
158.5 1.12048e-05 1.71622e-07
159 1.12048e-05 1.71622e-07
159 1.11997e-05 1.72006e-07
159.5 1.11997e-05 1.72006e-07
159.5 1.11916e-05 1.72597e-07
160 1.11916e-05 1.72597e-07
160 1.11811e-05 1.73374e-07
160.5 1.11811e-05 1.73374e-07
160.5 1.11684e-05 1.74313e-07
161 1.11684e-05 1.74313e-07
161 1.11538e-05 1.75393e-07
161.5 1.11538e-05 1.75393e-07
161.5 1.11376e-05 1.76592e-07
162 1.11376e-05 1.76592e-07
162 1.112e-05 1.77887e-07
162.5 1.112e-05 1.77887e-07
162.5 1.11015e-05 1.79256e-07
163 1.11015e-05 1.79256e-07
163 1.10823e-05 1.80677e-07
163.5 1.10823e-05 1.80677e-07
163.5 1.10626e-05 1.82127e-07
164 1.10626e-05 1.82127e-07
164 1.10429e-05 1.83584e-07
164.5 1.10429e-05 1.83584e-07
164.5 1.10234e-05 1.85027e-07
165 1.10234e-05 1.85027e-07
165 1.10043e-05 1.86432e-07
165.5 1.10043e-05 1.86432e-07
165.5 1.09861e-05 1.87778e-07
166 1.09861e-05 1.87778e-07
166 1.0969e-05 1.89042e-07
166.5 1.0969e-05 1.89042e-07
166.5 1.09533e-05 1.90202e-07
167 1.09533e-05 1.90202e-07
167 1.09393e-05 1.91236e-07
167.5 1.09393e-05 1.91236e-07
167.5 1.09259e-05 1.92225e-07
168 1.09259e-05 1.92225e-07
168 1.09122e-05 1.93236e-07
168.5 1.09122e-05 1.93236e-07
168.5 1.08983e-05 1.94265e-07
169 1.08983e-05 1.94265e-07
169 1.08842e-05 1.95308e-07
169.5 1.08842e-05 1.95308e-07
169.5 1.08699e-05 1.9636e-07
170 1.08699e-05 1.9636e-07
170 1.08556e-05 1.97417e-07
170.5 1.08556e-05 1.97417e-07
170.5 1.08413e-05 1.98474e-07
171 1.08413e-05 1.98474e-07
171 1.0827e-05 1.99528e-07
171.5 1.0827e-05 1.99528e-07
171.5 1.08129e-05 2.00573e-07
172 1.08129e-05 2.00573e-07
172 1.07989e-05 2.01606e-07
172.5 1.07989e-05 2.01606e-07
172.5 1.07851e-05 2.02621e-07
173 1.07851e-05 2.02621e-07
173 1.07717e-05 2.03614e-07
173.5 1.07717e-05 2.03614e-07
173.5 1.07586e-05 2.04582e-07
174 1.07586e-05 2.04582e-07
174 1.07459e-05 2.05519e-07
174.5 1.07459e-05 2.05519e-07
174.5 1.07337e-05 2.06421e-07
175 1.07337e-05 2.06421e-07
175 1.0722e-05 2.07283e-07
175.5 1.0722e-05 2.07283e-07
175.5 1.07109e-05 2.08102e-07
176 1.07109e-05 2.08102e-07
176 1.07005e-05 2.08872e-07
176.5 1.07005e-05 2.08872e-07
176.5 1.06908e-05 2.0959e-07
177 1.06908e-05 2.0959e-07
177 1.06818e-05 2.10251e-07
177.5 1.06818e-05 2.10251e-07
177.5 1.06737e-05 2.1085e-07
178 1.06737e-05 2.1085e-07
178 1.06665e-05 2.11384e-07
178.5 1.06665e-05 2.11384e-07
178.5 1.06602e-05 2.11847e-07
179 1.06602e-05 2.11847e-07
179 1.06549e-05 2.12236e-07
179.5 1.06549e-05 2.12236e-07
179.5 1.06503e-05 2.12581e-07
180 1.06503e-05 2.12581e-07
180 1.0646e-05 2.12893e-07
180.5 1.0646e-05 2.12893e-07
180.5 1.06423e-05 2.13173e-07
181 1.06423e-05 2.13173e-07
181 1.06389e-05 2.13423e-07
181.5 1.06389e-05 2.13423e-07
181.5 1.06359e-05 2.13643e-07
182 1.06359e-05 2.13643e-07
182 1.06333e-05 2.13834e-07
182.5 1.06333e-05 2.13834e-07
182.5 1.06311e-05 2.13998e-07
183 1.06311e-05 2.13998e-07
183 1.06292e-05 2.14135e-07
183.5 1.06292e-05 2.14135e-07
183.5 1.06277e-05 2.14246e-07
184 1.06277e-05 2.14246e-07
184 1.06265e-05 2.14333e-07
184.5 1.06265e-05 2.14333e-07
184.5 1.06257e-05 2.14397e-07
185 1.06257e-05 2.14397e-07
185 1.06251e-05 2.14437e-07
185.5 1.06251e-05 2.14437e-07
185.5 1.06249e-05 2.14457e-07
186 1.06249e-05 2.14457e-07
186 1.06249e-05 2.14455e-07
186.5 1.06249e-05 2.14455e-07
186.5 1.06252e-05 2.14434e-07
187 1.06252e-05 2.14434e-07
187 1.06257e-05 2.14395e-07
187.5 1.06257e-05 2.14395e-07
187.5 1.06265e-05 2.14337e-07
188 1.06265e-05 2.14337e-07
188 1.06275e-05 2.14264e-07
188.5 1.06275e-05 2.14264e-07
188.5 1.06287e-05 2.14174e-07
189 1.06287e-05 2.14174e-07
189 1.06301e-05 2.14071e-07
189.5 1.06301e-05 2.14071e-07
189.5 1.06317e-05 2.13953e-07
190 1.06317e-05 2.13953e-07
190 1.06334e-05 2.13824e-07
190.5 1.06334e-05 2.13824e-07
190.5 1.06354e-05 2.13682e-07
191 1.06354e-05 2.13682e-07
191 1.06374e-05 2.1353e-07
191.5 1.06374e-05 2.1353e-07
191.5 1.06396e-05 2.13369e-07
192 1.06396e-05 2.13369e-07
192 1.06419e-05 2.13199e-07
192.5 1.06419e-05 2.13199e-07
192.5 1.06443e-05 2.13022e-07
193 1.06443e-05 2.13022e-07
193 1.06468e-05 2.12838e-07
193.5 1.06468e-05 2.12838e-07
193.5 1.06494e-05 2.12648e-07
194 1.06494e-05 2.12648e-07
194 1.0652e-05 2.12455e-07
194.5 1.0652e-05 2.12455e-07
194.5 1.06547e-05 2.12257e-07
195 1.06547e-05 2.12257e-07
195 1.06574e-05 2.12057e-07
195.5 1.06574e-05 2.12057e-07
195.5 1.06603e-05 2.11842e-07
196 1.06603e-05 2.11842e-07
196 1.06638e-05 2.11579e-07
196.5 1.06638e-05 2.11579e-07
196.5 1.0668e-05 2.11273e-07
197 1.0668e-05 2.11273e-07
197 1.06727e-05 2.10925e-07
197.5 1.06727e-05 2.10925e-07
197.5 1.06779e-05 2.10541e-07
198 1.06779e-05 2.10541e-07
198 1.06836e-05 2.10123e-07
198.5 1.06836e-05 2.10123e-07
198.5 1.06896e-05 2.09675e-07
199 1.06896e-05 2.09675e-07
199 1.0696e-05 2.09201e-07
199.5 1.0696e-05 2.09201e-07
199.5 1.07028e-05 2.08704e-07
200 1.07028e-05 2.08704e-07
200 1.07098e-05 2.08187e-07
200.5 1.07098e-05 2.08187e-07
200.5 1.0717e-05 2.07655e-07
201 1.0717e-05 2.07655e-07
201 1.07243e-05 2.07111e-07
201.5 1.07243e-05 2.07111e-07
201.5 1.07318e-05 2.06558e-07
202 1.07318e-05 2.06558e-07
202 1.07394e-05 2.06e-07
202.5 1.07394e-05 2.06e-07
202.5 1.0747e-05 2.05441e-07
203 1.0747e-05 2.05441e-07
203 1.07545e-05 2.04883e-07
203.5 1.07545e-05 2.04883e-07
203.5 1.0762e-05 2.04332e-07
204 1.0762e-05 2.04332e-07
204 1.07693e-05 2.03789e-07
204.5 1.07693e-05 2.03789e-07
204.5 1.07765e-05 2.0326e-07
205 1.07765e-05 2.0326e-07
205 1.07834e-05 2.02747e-07
205.5 1.07834e-05 2.02747e-07
205.5 1.07901e-05 2.02254e-07
206 1.07901e-05 2.02254e-07
206 1.07965e-05 2.01784e-07
206.5 1.07965e-05 2.01784e-07
206.5 1.08025e-05 2.01341e-07
207 1.08025e-05 2.01341e-07
207 1.0808e-05 2.0093e-07
207.5 1.0808e-05 2.0093e-07
207.5 1.08132e-05 2.00547e-07
208 1.08132e-05 2.00547e-07
208 1.08184e-05 2.00161e-07
208.5 1.08184e-05 2.00161e-07
208.5 1.08238e-05 1.99768e-07
209 1.08238e-05 1.99768e-07
209 1.08292e-05 1.99368e-07
209.5 1.08292e-05 1.99368e-07
209.5 1.08346e-05 1.98964e-07
210 1.08346e-05 1.98964e-07
210 1.08402e-05 1.98556e-07
210.5 1.08402e-05 1.98556e-07
210.5 1.08457e-05 1.98146e-07
211 1.08457e-05 1.98146e-07
211 1.08513e-05 1.97736e-07
211.5 1.08513e-05 1.97736e-07
211.5 1.08568e-05 1.97327e-07
212 1.08568e-05 1.97327e-07
212 1.08623e-05 1.9692e-07
212.5 1.08623e-05 1.9692e-07
212.5 1.08678e-05 1.96518e-07
213 1.08678e-05 1.96518e-07
213 1.08731e-05 1.96121e-07
213.5 1.08731e-05 1.96121e-07
213.5 1.08784e-05 1.95731e-07
214 1.08784e-05 1.95731e-07
214 1.08836e-05 1.9535e-07
214.5 1.08836e-05 1.9535e-07
214.5 1.08886e-05 1.94979e-07
215 1.08886e-05 1.94979e-07
215 1.08935e-05 1.9462e-07
215.5 1.08935e-05 1.9462e-07
215.5 1.08982e-05 1.94273e-07
216 1.08982e-05 1.94273e-07
216 1.09027e-05 1.93941e-07
216.5 1.09027e-05 1.93941e-07
216.5 1.09069e-05 1.93625e-07
217 1.09069e-05 1.93625e-07
217 1.0911e-05 1.93327e-07
217.5 1.0911e-05 1.93327e-07
217.5 1.09147e-05 1.93048e-07
218 1.09147e-05 1.93048e-07
218 1.09182e-05 1.92789e-07
218.5 1.09182e-05 1.92789e-07
218.5 1.09215e-05 1.92553e-07
219 1.09215e-05 1.92553e-07
219 1.09243e-05 1.9234e-07
219.5 1.09243e-05 1.9234e-07
219.5 1.09269e-05 1.92151e-07
220 1.09269e-05 1.92151e-07
220 1.09291e-05 1.9199e-07
220.5 1.09291e-05 1.9199e-07
220.5 1.09309e-05 1.91856e-07
221 1.09309e-05 1.91856e-07
221 1.09323e-05 1.91752e-07
221.5 1.09323e-05 1.91752e-07
221.5 1.09333e-05 1.91679e-07
222 1.09333e-05 1.91679e-07
222 1.09338e-05 1.91639e-07
222.5 1.09338e-05 1.91639e-07
222.5 1.0934e-05 1.91629e-07
223 1.0934e-05 1.91629e-07
223 1.09338e-05 1.9164e-07
223.5 1.09338e-05 1.9164e-07
223.5 1.09334e-05 1.91669e-07
224 1.09334e-05 1.91669e-07
224 1.09328e-05 1.91717e-07
224.5 1.09328e-05 1.91717e-07
224.5 1.09319e-05 1.91782e-07
225 1.09319e-05 1.91782e-07
225 1.09308e-05 1.91864e-07
225.5 1.09308e-05 1.91864e-07
225.5 1.09295e-05 1.91962e-07
226 1.09295e-05 1.91962e-07
226 1.09279e-05 1.92075e-07
226.5 1.09279e-05 1.92075e-07
226.5 1.09262e-05 1.92204e-07
227 1.09262e-05 1.92204e-07
227 1.09242e-05 1.92346e-07
227.5 1.09242e-05 1.92346e-07
227.5 1.09221e-05 1.92502e-07
228 1.09221e-05 1.92502e-07
228 1.09198e-05 1.92672e-07
228.5 1.09198e-05 1.92672e-07
228.5 1.09174e-05 1.92853e-07
229 1.09174e-05 1.92853e-07
229 1.09148e-05 1.93046e-07
229.5 1.09148e-05 1.93046e-07
229.5 1.0912e-05 1.9325e-07
230 1.0912e-05 1.9325e-07
230 1.09091e-05 1.93464e-07
230.5 1.09091e-05 1.93464e-07
230.5 1.09061e-05 1.93688e-07
231 1.09061e-05 1.93688e-07
231 1.09029e-05 1.93921e-07
231.5 1.09029e-05 1.93921e-07
231.5 1.08997e-05 1.94163e-07
232 1.08997e-05 1.94163e-07
232 1.08963e-05 1.94412e-07
232.5 1.08963e-05 1.94412e-07
232.5 1.08928e-05 1.94668e-07
233 1.08928e-05 1.94668e-07
233 1.08893e-05 1.94931e-07
233.5 1.08893e-05 1.94931e-07
233.5 1.08856e-05 1.95199e-07
234 1.08856e-05 1.95199e-07
234 1.08819e-05 1.95473e-07
234.5 1.08819e-05 1.95473e-07
234.5 1.08782e-05 1.95751e-07
235 1.08782e-05 1.95751e-07
235 1.08743e-05 1.96032e-07
235.5 1.08743e-05 1.96032e-07
235.5 1.08705e-05 1.96317e-07
236 1.08705e-05 1.96317e-07
236 1.08666e-05 1.96605e-07
236.5 1.08666e-05 1.96605e-07
236.5 1.08627e-05 1.96894e-07
237 1.08627e-05 1.96894e-07
237 1.08587e-05 1.97185e-07
237.5 1.08587e-05 1.97185e-07
237.5 1.08548e-05 1.97476e-07
238 1.08548e-05 1.97476e-07
238 1.08508e-05 1.97767e-07
238.5 1.08508e-05 1.97767e-07
238.5 1.08469e-05 1.98058e-07
239 1.08469e-05 1.98058e-07
239 1.0843e-05 1.98347e-07
239.5 1.0843e-05 1.98347e-07
239.5 1.08391e-05 1.98634e-07
240 1.08391e-05 1.98634e-07
240 1.08353e-05 1.98918e-07
240.5 1.08353e-05 1.98918e-07
240.5 1.08315e-05 1.992e-07
241 1.08315e-05 1.992e-07
241 1.08277e-05 1.99477e-07
241.5 1.08277e-05 1.99477e-07
241.5 1.0824e-05 1.99749e-07
242 1.0824e-05 1.99749e-07
242 1.08204e-05 2.00018e-07
242.5 1.08204e-05 2.00018e-07
242.5 1.08166e-05 2.00298e-07
243 1.08166e-05 2.00298e-07
243 1.08126e-05 2.00593e-07
243.5 1.08126e-05 2.00593e-07
243.5 1.08084e-05 2.00904e-07
244 1.08084e-05 2.00904e-07
244 1.0804e-05 2.0123e-07
244.5 1.0804e-05 2.0123e-07
244.5 1.07993e-05 2.01573e-07
245 1.07993e-05 2.01573e-07
245 1.07945e-05 2.01931e-07
245.5 1.07945e-05 2.01931e-07
245.5 1.07894e-05 2.02306e-07
246 1.07894e-05 2.02306e-07
246 1.07841e-05 2.02696e-07
246.5 1.07841e-05 2.02696e-07
246.5 1.07786e-05 2.03103e-07
247 1.07786e-05 2.03103e-07
247 1.07729e-05 2.03527e-07
247.5 1.07729e-05 2.03527e-07
247.5 1.07669e-05 2.03967e-07
248 1.07669e-05 2.03967e-07
248 1.07607e-05 2.04424e-07
248.5 1.07607e-05 2.04424e-07
248.5 1.07543e-05 2.04897e-07
249 1.07543e-05 2.04897e-07
249 1.07477e-05 2.05388e-07
249.5 1.07477e-05 2.05388e-07
249.5 1.07408e-05 2.05896e-07
250 1.07408e-05 2.05896e-07
250 1.07337e-05 2.06422e-07
250.5 1.07337e-05 2.06422e-07
250.5 1.07263e-05 2.06962e-07
251 1.07263e-05 2.06962e-07
251 1.07189e-05 2.07514e-07
251.5 1.07189e-05 2.07514e-07
251.5 1.07112e-05 2.08077e-07
252 1.07112e-05 2.08077e-07
252 1.07035e-05 2.0865e-07
252.5 1.07035e-05 2.0865e-07
252.5 1.06956e-05 2.09233e-07
253 1.06956e-05 2.09233e-07
253 1.06876e-05 2.09824e-07
253.5 1.06876e-05 2.09824e-07
253.5 1.06795e-05 2.10423e-07
254 1.06795e-05 2.10423e-07
254 1.06713e-05 2.11029e-07
254.5 1.06713e-05 2.11029e-07
254.5 1.0663e-05 2.11642e-07
255 1.0663e-05 2.11642e-07
255 1.06546e-05 2.12262e-07
255.5 1.06546e-05 2.12262e-07
255.5 1.06461e-05 2.12886e-07
256 1.06461e-05 2.12886e-07
256 1.06376e-05 2.13515e-07
256.5 1.06376e-05 2.13515e-07
256.5 1.0629e-05 2.14148e-07
257 1.0629e-05 2.14148e-07
257 1.06204e-05 2.14784e-07
257.5 1.06204e-05 2.14784e-07
257.5 1.06118e-05 2.15423e-07
258 1.06118e-05 2.15423e-07
258 1.06031e-05 2.16064e-07
258.5 1.06031e-05 2.16064e-07
258.5 1.05944e-05 2.16707e-07
259 1.05944e-05 2.16707e-07
259 1.05857e-05 2.17349e-07
259.5 1.05857e-05 2.17349e-07
259.5 1.0577e-05 2.17992e-07
260 1.0577e-05 2.17992e-07
260 1.05683e-05 2.18634e-07
260.5 1.05683e-05 2.18634e-07
260.5 1.05596e-05 2.19274e-07
261 1.05596e-05 2.19274e-07
261 1.0551e-05 2.19913e-07
261.5 1.0551e-05 2.19913e-07
261.5 1.05424e-05 2.20548e-07
262 1.05424e-05 2.20548e-07
262 1.05338e-05 2.2118e-07
262.5 1.05338e-05 2.2118e-07
262.5 1.05253e-05 2.21808e-07
263 1.05253e-05 2.21808e-07
263 1.05169e-05 2.22431e-07
263.5 1.05169e-05 2.22431e-07
263.5 1.05085e-05 2.23049e-07
264 1.05085e-05 2.23049e-07
264 1.05003e-05 2.23661e-07
264.5 1.05003e-05 2.23661e-07
264.5 1.04921e-05 2.24265e-07
265 1.04921e-05 2.24265e-07
265 1.0484e-05 2.24862e-07
265.5 1.0484e-05 2.24862e-07
265.5 1.0476e-05 2.25451e-07
266 1.0476e-05 2.25451e-07
266 1.04682e-05 2.26031e-07
266.5 1.04682e-05 2.26031e-07
266.5 1.04604e-05 2.26602e-07
267 1.04604e-05 2.26602e-07
267 1.04528e-05 2.27162e-07
267.5 1.04528e-05 2.27162e-07
267.5 1.04454e-05 2.27711e-07
268 1.04454e-05 2.27711e-07
268 1.04381e-05 2.28249e-07
268.5 1.04381e-05 2.28249e-07
268.5 1.0431e-05 2.28775e-07
269 1.0431e-05 2.28775e-07
269 1.04241e-05 2.29287e-07
269.5 1.04241e-05 2.29287e-07
269.5 1.04173e-05 2.29786e-07
270 1.04173e-05 2.29786e-07
270 1.04108e-05 2.30271e-07
270.5 1.04108e-05 2.30271e-07
270.5 1.04044e-05 2.3074e-07
271 1.04044e-05 2.3074e-07
271 1.03983e-05 2.31191e-07
271.5 1.03983e-05 2.31191e-07
271.5 1.03926e-05 2.31614e-07
272 1.03926e-05 2.31614e-07
272 1.03872e-05 2.3201e-07
272.5 1.03872e-05 2.3201e-07
272.5 1.03822e-05 2.3238e-07
273 1.03822e-05 2.3238e-07
273 1.03775e-05 2.32725e-07
273.5 1.03775e-05 2.32725e-07
273.5 1.03732e-05 2.33047e-07
274 1.03732e-05 2.33047e-07
274 1.03691e-05 2.33348e-07
274.5 1.03691e-05 2.33348e-07
274.5 1.03653e-05 2.33629e-07
275 1.03653e-05 2.33629e-07
275 1.03617e-05 2.33891e-07
275.5 1.03617e-05 2.33891e-07
275.5 1.03584e-05 2.34136e-07
276 1.03584e-05 2.34136e-07
276 1.03553e-05 2.34365e-07
276.5 1.03553e-05 2.34365e-07
276.5 1.03524e-05 2.34581e-07
277 1.03524e-05 2.34581e-07
277 1.03496e-05 2.34783e-07
277.5 1.03496e-05 2.34783e-07
277.5 1.03471e-05 2.34975e-07
278 1.03471e-05 2.34975e-07
278 1.03446e-05 2.35157e-07
278.5 1.03446e-05 2.35157e-07
278.5 1.03422e-05 2.3533e-07
279 1.03422e-05 2.3533e-07
279 1.034e-05 2.35496e-07
279.5 1.034e-05 2.35496e-07
279.5 1.03378e-05 2.35658e-07
280 1.03378e-05 2.35658e-07
280 1.03357e-05 2.35815e-07
280.5 1.03357e-05 2.35815e-07
280.5 1.03336e-05 2.3597e-07
281 1.03336e-05 2.3597e-07
281 1.03315e-05 2.36124e-07
281.5 1.03315e-05 2.36124e-07
281.5 1.03294e-05 2.36278e-07
282 1.03294e-05 2.36278e-07
282 1.03273e-05 2.36435e-07
282.5 1.03273e-05 2.36435e-07
282.5 1.03251e-05 2.36595e-07
283 1.03251e-05 2.36595e-07
283 1.03229e-05 2.3676e-07
283.5 1.03229e-05 2.3676e-07
283.5 1.03206e-05 2.3693e-07
284 1.03206e-05 2.3693e-07
284 1.03183e-05 2.37096e-07
284.5 1.03183e-05 2.37096e-07
284.5 1.03162e-05 2.37257e-07
285 1.03162e-05 2.37257e-07
285 1.0314e-05 2.37413e-07
285.5 1.0314e-05 2.37413e-07
285.5 1.0312e-05 2.37564e-07
286 1.0312e-05 2.37564e-07
286 1.031e-05 2.3771e-07
286.5 1.031e-05 2.3771e-07
286.5 1.03081e-05 2.37851e-07
287 1.03081e-05 2.37851e-07
287 1.03063e-05 2.37988e-07
287.5 1.03063e-05 2.37988e-07
287.5 1.03045e-05 2.3812e-07
288 1.03045e-05 2.3812e-07
288 1.03027e-05 2.38248e-07
288.5 1.03027e-05 2.38248e-07
288.5 1.0301e-05 2.38373e-07
289 1.0301e-05 2.38373e-07
289 1.02994e-05 2.38494e-07
289.5 1.02994e-05 2.38494e-07
289.5 1.02978e-05 2.38611e-07
290 1.02978e-05 2.38611e-07
290 1.02963e-05 2.38725e-07
290.5 1.02963e-05 2.38725e-07
290.5 1.02948e-05 2.38836e-07
291 1.02948e-05 2.38836e-07
291 1.02933e-05 2.38944e-07
291.5 1.02933e-05 2.38944e-07
291.5 1.02919e-05 2.3905e-07
292 1.02919e-05 2.3905e-07
292 1.02905e-05 2.39153e-07
292.5 1.02905e-05 2.39153e-07
292.5 1.02891e-05 2.39253e-07
293 1.02891e-05 2.39253e-07
293 1.02878e-05 2.39352e-07
293.5 1.02878e-05 2.39352e-07
293.5 1.02865e-05 2.39449e-07
294 1.02865e-05 2.39449e-07
294 1.02852e-05 2.39544e-07
294.5 1.02852e-05 2.39544e-07
294.5 1.02839e-05 2.39637e-07
295 1.02839e-05 2.39637e-07
295 1.02827e-05 2.39729e-07
295.5 1.02827e-05 2.39729e-07
295.5 1.02814e-05 2.39821e-07
296 1.02814e-05 2.39821e-07
296 1.02802e-05 2.39911e-07
296.5 1.02802e-05 2.39911e-07
296.5 1.0279e-05 2.4e-07
297 1.0279e-05 2.4e-07
297 1.02778e-05 2.40089e-07
297.5 1.02778e-05 2.40089e-07
297.5 1.02766e-05 2.40178e-07
298 1.02766e-05 2.40178e-07
298 1.02754e-05 2.40267e-07
298.5 1.02754e-05 2.40267e-07
298.5 1.02742e-05 2.40354e-07
299 1.02742e-05 2.40354e-07
299 1.02731e-05 2.40439e-07
299.5 1.02731e-05 2.40439e-07
299.5 1.02719e-05 2.40523e-07
300 1.02719e-05 2.40523e-07
300 1.02708e-05 2.40604e-07
300.5 1.02708e-05 2.40604e-07
300.5 1.02698e-05 2.40683e-07
301 1.02698e-05 2.40683e-07
301 1.02687e-05 2.4076e-07
301.5 1.02687e-05 2.4076e-07
301.5 1.02677e-05 2.40835e-07
302 1.02677e-05 2.40835e-07
302 1.02667e-05 2.40908e-07
302.5 1.02667e-05 2.40908e-07
302.5 1.02658e-05 2.40978e-07
303 1.02658e-05 2.40978e-07
303 1.02648e-05 2.41047e-07
303.5 1.02648e-05 2.41047e-07
303.5 1.02639e-05 2.41114e-07
304 1.02639e-05 2.41114e-07
304 1.02631e-05 2.41178e-07
304.5 1.02631e-05 2.41178e-07
304.5 1.02622e-05 2.4124e-07
305 1.02622e-05 2.4124e-07
305 1.02614e-05 2.413e-07
305.5 1.02614e-05 2.413e-07
305.5 1.02606e-05 2.41358e-07
306 1.02606e-05 2.41358e-07
306 1.02599e-05 2.41414e-07
306.5 1.02599e-05 2.41414e-07
306.5 1.02591e-05 2.41468e-07
307 1.02591e-05 2.41468e-07
307 1.02584e-05 2.41519e-07
307.5 1.02584e-05 2.41519e-07
307.5 1.02578e-05 2.41568e-07
308 1.02578e-05 2.41568e-07
308 1.02571e-05 2.41615e-07
308.5 1.02571e-05 2.41615e-07
308.5 1.02565e-05 2.4166e-07
309 1.02565e-05 2.4166e-07
309 1.0256e-05 2.41703e-07
309.5 1.0256e-05 2.41703e-07
309.5 1.02554e-05 2.41743e-07
310 1.02554e-05 2.41743e-07
310 1.02549e-05 2.41781e-07
310.5 1.02549e-05 2.41781e-07
310.5 1.02544e-05 2.41817e-07
311 1.02544e-05 2.41817e-07
311 1.0254e-05 2.41851e-07
311.5 1.0254e-05 2.41851e-07
311.5 1.02535e-05 2.41882e-07
312 1.02535e-05 2.41882e-07
312 1.02532e-05 2.4191e-07
312.5 1.02532e-05 2.4191e-07
312.5 1.02529e-05 2.41925e-07
313 1.02529e-05 2.41925e-07
313 1.02529e-05 2.4193e-07
313.5 1.02529e-05 2.4193e-07
313.5 1.0253e-05 2.41924e-07
314 1.0253e-05 2.41924e-07
314 1.02532e-05 2.4191e-07
314.5 1.02532e-05 2.4191e-07
314.5 1.02534e-05 2.41889e-07
315 1.02534e-05 2.41889e-07
315 1.02538e-05 2.41862e-07
315.5 1.02538e-05 2.41862e-07
315.5 1.02542e-05 2.4183e-07
316 1.02542e-05 2.4183e-07
316 1.02547e-05 2.41796e-07
316.5 1.02547e-05 2.41796e-07
316.5 1.02552e-05 2.4176e-07
317 1.02552e-05 2.4176e-07
317 1.02557e-05 2.41725e-07
317.5 1.02557e-05 2.41725e-07
317.5 1.02561e-05 2.4169e-07
318 1.02561e-05 2.4169e-07
318 1.02566e-05 2.41658e-07
318.5 1.02566e-05 2.41658e-07
318.5 1.02569e-05 2.4163e-07
319 1.02569e-05 2.4163e-07
319 1.02572e-05 2.41608e-07
319.5 1.02572e-05 2.41608e-07
319.5 1.02575e-05 2.41592e-07
320 1.02575e-05 2.41592e-07
320 1.02576e-05 2.41585e-07
320.5 1.02576e-05 2.41585e-07
320.5 1.02575e-05 2.41588e-07
321 1.02575e-05 2.41588e-07
321 1.02573e-05 2.41601e-07
321.5 1.02573e-05 2.41601e-07
321.5 1.0257e-05 2.41627e-07
322 1.0257e-05 2.41627e-07
322 1.02564e-05 2.41667e-07
322.5 1.02564e-05 2.41667e-07
322.5 1.02557e-05 2.4172e-07
323 1.02557e-05 2.4172e-07
323 1.02548e-05 2.41785e-07
323.5 1.02548e-05 2.41785e-07
323.5 1.02538e-05 2.41861e-07
324 1.02538e-05 2.41861e-07
324 1.02527e-05 2.41946e-07
324.5 1.02527e-05 2.41946e-07
324.5 1.02514e-05 2.4204e-07
325 1.02514e-05 2.4204e-07
325 1.025e-05 2.42142e-07
325.5 1.025e-05 2.42142e-07
325.5 1.02486e-05 2.42249e-07
326 1.02486e-05 2.42249e-07
326 1.0247e-05 2.42363e-07
326.5 1.0247e-05 2.42363e-07
326.5 1.02454e-05 2.42481e-07
327 1.02454e-05 2.42481e-07
327 1.02438e-05 2.42602e-07
327.5 1.02438e-05 2.42602e-07
327.5 1.02421e-05 2.42726e-07
328 1.02421e-05 2.42726e-07
328 1.02404e-05 2.42851e-07
328.5 1.02404e-05 2.42851e-07
328.5 1.02387e-05 2.42977e-07
329 1.02387e-05 2.42977e-07
329 1.0237e-05 2.43102e-07
329.5 1.0237e-05 2.43102e-07
329.5 1.02354e-05 2.43225e-07
330 1.02354e-05 2.43225e-07
330 1.02337e-05 2.43345e-07
330.5 1.02337e-05 2.43345e-07
330.5 1.02321e-05 2.43462e-07
331 1.02321e-05 2.43462e-07
331 1.02306e-05 2.43574e-07
331.5 1.02306e-05 2.43574e-07
331.5 1.02292e-05 2.4368e-07
332 1.02292e-05 2.4368e-07
332 1.02278e-05 2.4378e-07
332.5 1.02278e-05 2.4378e-07
332.5 1.02266e-05 2.43871e-07
333 1.02266e-05 2.43871e-07
333 1.02255e-05 2.43954e-07
333.5 1.02255e-05 2.43954e-07
333.5 1.02245e-05 2.44027e-07
334 1.02245e-05 2.44027e-07
334 1.02237e-05 2.44088e-07
334.5 1.02237e-05 2.44088e-07
334.5 1.0223e-05 2.44138e-07
335 1.0223e-05 2.44138e-07
335 1.02225e-05 2.44175e-07
335.5 1.02225e-05 2.44175e-07
335.5 1.02222e-05 2.44198e-07
336 1.02222e-05 2.44198e-07
336 1.02221e-05 2.44206e-07
336.5 1.02221e-05 2.44206e-07
336.5 1.02221e-05 2.44206e-07
337 1.02221e-05 2.44206e-07
337 1.02221e-05 2.44206e-07
337.5 1.02221e-05 2.44206e-07
337.5 1.02221e-05 2.44206e-07
338 1.02221e-05 2.44206e-07
338 1.02221e-05 2.44206e-07
338.5 1.02221e-05 2.44206e-07
338.5 1.02221e-05 2.44206e-07
339 1.02221e-05 2.44206e-07
339 1.02221e-05 2.44206e-07
339.5 1.02221e-05 2.44206e-07
339.5 1.02221e-05 2.44206e-07
340 1.02221e-05 2.44206e-07
340 1.02221e-05 2.44206e-07
340.5 1.02221e-05 2.44206e-07
340.5 1.02221e-05 2.44206e-07
341 1.02221e-05 2.44206e-07
341 1.02221e-05 2.44206e-07
341.5 1.02221e-05 2.44206e-07
341.5 1.02221e-05 2.44206e-07
342 1.02221e-05 2.44206e-07
342 1.02221e-05 2.44206e-07
342.5 1.02221e-05 2.44206e-07
342.5 1.02221e-05 2.44206e-07
343 1.02221e-05 2.44206e-07
343 1.02221e-05 2.44206e-07
343.5 1.02221e-05 2.44206e-07
343.5 1.02221e-05 2.44206e-07
344 1.02221e-05 2.44206e-07
344 1.02221e-05 2.44206e-07
344.5 1.02221e-05 2.44206e-07
344.5 1.02221e-05 2.44206e-07
345 1.02221e-05 2.44206e-07
345 1.02221e-05 2.44206e-07
345.5 1.02221e-05 2.44206e-07
345.5 1.02221e-05 2.44206e-07
346 1.02221e-05 2.44206e-07
346 1.02221e-05 2.44206e-07
346.5 1.02221e-05 2.44206e-07
346.5 1.02221e-05 2.44206e-07
347 1.02221e-05 2.44206e-07
347 1.02221e-05 2.44206e-07
347.5 1.02221e-05 2.44206e-07
347.5 1.02221e-05 2.44206e-07
348 1.02221e-05 2.44206e-07
348 1.02221e-05 2.44206e-07
348.5 1.02221e-05 2.44206e-07
348.5 1.02221e-05 2.44206e-07
349 1.02221e-05 2.44206e-07
349 1.02221e-05 2.44206e-07
349.5 1.02221e-05 2.44206e-07
349.5 1.02221e-05 2.44206e-07
350 1.02221e-05 2.44206e-07
350 1.02221e-05 2.44206e-07
350.5 1.02221e-05 2.44206e-07
350.5 1.02221e-05 2.44206e-07
351 1.02221e-05 2.44206e-07
351 1.02221e-05 2.44206e-07
351.5 1.02221e-05 2.44206e-07
351.5 1.02221e-05 2.44206e-07
352 1.02221e-05 2.44206e-07
352 1.02221e-05 2.44206e-07
352.5 1.02221e-05 2.44206e-07
352.5 1.02221e-05 2.44206e-07
353 1.02221e-05 2.44206e-07
353 1.02221e-05 2.44206e-07
353.5 1.02221e-05 2.44206e-07
353.5 1.02221e-05 2.44206e-07
354 1.02221e-05 2.44206e-07
354 1.02221e-05 2.44206e-07
354.5 1.02221e-05 2.44206e-07
354.5 1.02221e-05 2.44206e-07
355 1.02221e-05 2.44206e-07
355 1.02221e-05 2.44206e-07
355.5 1.02221e-05 2.44206e-07
355.5 1.02221e-05 2.44206e-07
356 1.02221e-05 2.44206e-07
356 1.02221e-05 2.44206e-07
356.5 1.02221e-05 2.44206e-07
356.5 1.02221e-05 2.44206e-07
357 1.02221e-05 2.44206e-07
357 1.02221e-05 2.44206e-07
357.5 1.02221e-05 2.44206e-07
357.5 1.02221e-05 2.44206e-07
358 1.02221e-05 2.44206e-07
358 1.02221e-05 2.44206e-07
358.5 1.02221e-05 2.44206e-07
358.5 1.02221e-05 2.44206e-07
359 1.02221e-05 2.44206e-07
359 1.02221e-05 2.44206e-07
359.5 1.02221e-05 2.44206e-07
359.5 1.02221e-05 2.44206e-07
360 1.02221e-05 2.44206e-07
360 1.02221e-05 2.44206e-07
360.5 1.02221e-05 2.44206e-07
360.5 1.02221e-05 2.44206e-07
361 1.02221e-05 2.44206e-07
361 1.02221e-05 2.44206e-07
361.5 1.02221e-05 2.44206e-07
361.5 1.02221e-05 2.44206e-07
362 1.02221e-05 2.44206e-07
362 1.02221e-05 2.44206e-07
362.5 1.02221e-05 2.44206e-07
362.5 1.02221e-05 2.44206e-07
363 1.02221e-05 2.44206e-07
363 1.02221e-05 2.44206e-07
363.5 1.02221e-05 2.44206e-07
363.5 1.02221e-05 2.44206e-07
364 1.02221e-05 2.44206e-07
364 1.02221e-05 2.44206e-07
364.5 1.02221e-05 2.44206e-07
364.5 1.02221e-05 2.44206e-07
365 1.02221e-05 2.44206e-07
365 1.02221e-05 2.44206e-07
365.5 1.02221e-05 2.44206e-07
365.5 1.02221e-05 2.44206e-07
366 1.02221e-05 2.44206e-07
366 1.02221e-05 2.44206e-07
366.5 1.02221e-05 2.44206e-07
366.5 1.02221e-05 2.44206e-07
367 1.02221e-05 2.44206e-07
367 1.02221e-05 2.44206e-07
367.5 1.02221e-05 2.44206e-07
367.5 1.02221e-05 2.44206e-07
368 1.02221e-05 2.44206e-07
368 1.02221e-05 2.44206e-07
368.5 1.02221e-05 2.44206e-07
368.5 1.02221e-05 2.44206e-07
369 1.02221e-05 2.44206e-07
369 1.02221e-05 2.44206e-07
369.5 1.02221e-05 2.44206e-07
369.5 1.02221e-05 2.44206e-07
370 1.02221e-05 2.44206e-07
370 1.02221e-05 2.44206e-07
370.5 1.02221e-05 2.44206e-07
370.5 1.02221e-05 2.44206e-07
371 1.02221e-05 2.44206e-07
371 1.02221e-05 2.44206e-07
371.5 1.02221e-05 2.44206e-07
371.5 1.02221e-05 2.44206e-07
372 1.02221e-05 2.44206e-07
372 1.02221e-05 2.44206e-07
372.5 1.02221e-05 2.44206e-07
372.5 1.02221e-05 2.44206e-07
373 1.02221e-05 2.44206e-07
373 1.02221e-05 2.44206e-07
373.5 1.02221e-05 2.44206e-07
373.5 1.02221e-05 2.44206e-07
374 1.02221e-05 2.44206e-07
374 1.02221e-05 2.44206e-07
374.5 1.02221e-05 2.44206e-07
374.5 1.02221e-05 2.44206e-07
375 1.02221e-05 2.44206e-07
375 1.02221e-05 2.44206e-07
375.5 1.02221e-05 2.44206e-07
375.5 1.02221e-05 2.44206e-07
376 1.02221e-05 2.44206e-07
376 1.02221e-05 2.44206e-07
376.5 1.02221e-05 2.44206e-07
376.5 1.02221e-05 2.44206e-07
377 1.02221e-05 2.44206e-07
377 1.02221e-05 2.44206e-07
377.5 1.02221e-05 2.44206e-07
377.5 1.02221e-05 2.44206e-07
378 1.02221e-05 2.44206e-07
378 1.02221e-05 2.44206e-07
378.5 1.02221e-05 2.44206e-07
378.5 1.02221e-05 2.44206e-07
379 1.02221e-05 2.44206e-07
379 1.02221e-05 2.44206e-07
379.5 1.02221e-05 2.44206e-07
379.5 1.02221e-05 2.44206e-07
380 1.02221e-05 2.44206e-07
380 1.02221e-05 2.44206e-07
380.5 1.02221e-05 2.44206e-07
380.5 1.02221e-05 2.44206e-07
381 1.02221e-05 2.44206e-07
381 1.02221e-05 2.44206e-07
381.5 1.02221e-05 2.44206e-07
381.5 1.02221e-05 2.44206e-07
382 1.02221e-05 2.44206e-07
382 1.02221e-05 2.44206e-07
382.5 1.02221e-05 2.44206e-07
382.5 1.02221e-05 2.44206e-07
383 1.02221e-05 2.44206e-07
383 1.02221e-05 2.44206e-07
383.5 1.02221e-05 2.44206e-07
383.5 1.02221e-05 2.44206e-07
384 1.02221e-05 2.44206e-07
384 1.02221e-05 2.44206e-07
384.5 1.02221e-05 2.44206e-07
384.5 1.02221e-05 2.44206e-07
385 1.02221e-05 2.44206e-07
385 1.02221e-05 2.44206e-07
385.5 1.02221e-05 2.44206e-07
385.5 1.02221e-05 2.44206e-07
386 1.02221e-05 2.44206e-07
386 1.02221e-05 2.44206e-07
386.5 1.02221e-05 2.44206e-07
386.5 1.02221e-05 2.44206e-07
387 1.02221e-05 2.44206e-07
387 1.02221e-05 2.44206e-07
387.5 1.02221e-05 2.44206e-07
387.5 1.02221e-05 2.44206e-07
388 1.02221e-05 2.44206e-07
388 1.02221e-05 2.44206e-07
388.5 1.02221e-05 2.44206e-07
388.5 1.02221e-05 2.44206e-07
389 1.02221e-05 2.44206e-07
389 1.02221e-05 2.44206e-07
389.5 1.02221e-05 2.44206e-07
389.5 1.02221e-05 2.44206e-07
390 1.02221e-05 2.44206e-07
390 1.02221e-05 2.44206e-07
390.5 1.02221e-05 2.44206e-07
390.5 1.02221e-05 2.44206e-07
391 1.02221e-05 2.44206e-07
391 1.02221e-05 2.44206e-07
391.5 1.02221e-05 2.44206e-07
391.5 1.02221e-05 2.44206e-07
392 1.02221e-05 2.44206e-07
392 1.02221e-05 2.44206e-07
392.5 1.02221e-05 2.44206e-07
392.5 1.02221e-05 2.44206e-07
393 1.02221e-05 2.44206e-07
393 1.02221e-05 2.44206e-07
393.5 1.02221e-05 2.44206e-07
393.5 1.02221e-05 2.44206e-07
394 1.02221e-05 2.44206e-07
394 1.02221e-05 2.44206e-07
394.5 1.02221e-05 2.44206e-07
394.5 1.02221e-05 2.44206e-07
395 1.02221e-05 2.44206e-07
395 1.02221e-05 2.44206e-07
395.5 1.02221e-05 2.44206e-07
395.5 1.02221e-05 2.44206e-07
396 1.02221e-05 2.44206e-07
396 1.02221e-05 2.44206e-07
396.5 1.02221e-05 2.44206e-07
396.5 1.02221e-05 2.44206e-07
397 1.02221e-05 2.44206e-07
397 1.02221e-05 2.44206e-07
397.5 1.02221e-05 2.44206e-07
397.5 1.02221e-05 2.44206e-07
398 1.02221e-05 2.44206e-07
398 1.02221e-05 2.44206e-07
398.5 1.02221e-05 2.44206e-07
398.5 1.02221e-05 2.44206e-07
399 1.02221e-05 2.44206e-07
399 1.02221e-05 2.44206e-07
399.5 1.02221e-05 2.44206e-07
399.5 1.02221e-05 2.44206e-07
400 1.02221e-05 2.44206e-07
400 1.02221e-05 2.44206e-07
400.5 1.02221e-05 2.44206e-07
400.5 1.02221e-05 2.44206e-07
401 1.02221e-05 2.44206e-07
401 1.02221e-05 2.44206e-07
401.5 1.02221e-05 2.44206e-07
401.5 1.02221e-05 2.44206e-07
402 1.02221e-05 2.44206e-07
402 1.02221e-05 2.44206e-07
402.5 1.02221e-05 2.44206e-07
402.5 1.02221e-05 2.44206e-07
403 1.02221e-05 2.44206e-07
403 1.02221e-05 2.44206e-07
403.5 1.02221e-05 2.44206e-07
403.5 1.02221e-05 2.44206e-07
404 1.02221e-05 2.44206e-07
404 1.02221e-05 2.44206e-07
404.5 1.02221e-05 2.44206e-07
404.5 1.02221e-05 2.44206e-07
405 1.02221e-05 2.44206e-07
405 1.02221e-05 2.44206e-07
405.5 1.02221e-05 2.44206e-07
405.5 1.02221e-05 2.44206e-07
406 1.02221e-05 2.44206e-07
406 1.02221e-05 2.44206e-07
406.5 1.02221e-05 2.44206e-07
406.5 1.02221e-05 2.44206e-07
407 1.02221e-05 2.44206e-07
407 1.02221e-05 2.44206e-07
407.5 1.02221e-05 2.44206e-07
407.5 1.02221e-05 2.44206e-07
408 1.02221e-05 2.44206e-07
408 1.02221e-05 2.44206e-07
408.5 1.02221e-05 2.44206e-07
408.5 1.02221e-05 2.44206e-07
409 1.02221e-05 2.44206e-07
409 1.02221e-05 2.44206e-07
409.5 1.02221e-05 2.44206e-07
409.5 1.02221e-05 2.44206e-07
410 1.02221e-05 2.44206e-07
410 1.02221e-05 2.44206e-07
410.5 1.02221e-05 2.44206e-07
410.5 1.02221e-05 2.44206e-07
411 1.02221e-05 2.44206e-07
411 1.02221e-05 2.44206e-07
411.5 1.02221e-05 2.44206e-07
411.5 1.02221e-05 2.44206e-07
412 1.02221e-05 2.44206e-07
412 1.02221e-05 2.44206e-07
412.5 1.02221e-05 2.44206e-07
412.5 1.02221e-05 2.44206e-07
413 1.02221e-05 2.44206e-07
413 1.02221e-05 2.44206e-07
413.5 1.02221e-05 2.44206e-07
413.5 1.02221e-05 2.44206e-07
414 1.02221e-05 2.44206e-07
414 1.02221e-05 2.44206e-07
414.5 1.02221e-05 2.44206e-07
414.5 1.02221e-05 2.44206e-07
415 1.02221e-05 2.44206e-07
415 1.02221e-05 2.44206e-07
415.5 1.02221e-05 2.44206e-07
415.5 1.02221e-05 2.44206e-07
416 1.02221e-05 2.44206e-07
416 1.02221e-05 2.44206e-07
416.5 1.02221e-05 2.44206e-07
416.5 1.02221e-05 2.44206e-07
417 1.02221e-05 2.44206e-07
417 1.02221e-05 2.44206e-07
417.5 1.02221e-05 2.44206e-07
417.5 1.02221e-05 2.44206e-07
418 1.02221e-05 2.44206e-07
418 1.02221e-05 2.44206e-07
418.5 1.02221e-05 2.44206e-07
418.5 1.02221e-05 2.44206e-07
419 1.02221e-05 2.44206e-07
419 1.02221e-05 2.44206e-07
419.5 1.02221e-05 2.44206e-07
419.5 1.02221e-05 2.44206e-07
420 1.02221e-05 2.44206e-07
420 1.02221e-05 2.44206e-07
420.5 1.02221e-05 2.44206e-07
420.5 1.02221e-05 2.44206e-07
421 1.02221e-05 2.44206e-07
421 1.02221e-05 2.44206e-07
421.5 1.02221e-05 2.44206e-07
421.5 1.02221e-05 2.44206e-07
422 1.02221e-05 2.44206e-07
422 1.02221e-05 2.44206e-07
422.5 1.02221e-05 2.44206e-07
422.5 1.02221e-05 2.44206e-07
423 1.02221e-05 2.44206e-07
423 1.02221e-05 2.44206e-07
423.5 1.02221e-05 2.44206e-07
423.5 1.02221e-05 2.44206e-07
424 1.02221e-05 2.44206e-07
424 1.02221e-05 2.44206e-07
424.5 1.02221e-05 2.44206e-07
424.5 1.02221e-05 2.44206e-07
425 1.02221e-05 2.44206e-07
425 1.02221e-05 2.44206e-07
425.5 1.02221e-05 2.44206e-07
425.5 1.02221e-05 2.44206e-07
426 1.02221e-05 2.44206e-07
426 1.02221e-05 2.44206e-07
426.5 1.02221e-05 2.44206e-07
426.5 1.02221e-05 2.44206e-07
427 1.02221e-05 2.44206e-07
427 1.02221e-05 2.44206e-07
427.5 1.02221e-05 2.44206e-07
427.5 1.02221e-05 2.44206e-07
428 1.02221e-05 2.44206e-07
428 1.02221e-05 2.44206e-07
428.5 1.02221e-05 2.44206e-07
428.5 1.02221e-05 2.44206e-07
429 1.02221e-05 2.44206e-07
429 1.02221e-05 2.44206e-07
429.5 1.02221e-05 2.44206e-07
429.5 1.02221e-05 2.44206e-07
430 1.02221e-05 2.44206e-07
430 1.02221e-05 2.44206e-07
430.5 1.02221e-05 2.44206e-07
430.5 1.02221e-05 2.44206e-07
431 1.02221e-05 2.44206e-07
431 1.02221e-05 2.44206e-07
431.5 1.02221e-05 2.44206e-07
431.5 1.02221e-05 2.44206e-07
432 1.02221e-05 2.44206e-07
432 1.02221e-05 2.44206e-07
432.5 1.02221e-05 2.44206e-07
432.5 1.02221e-05 2.44206e-07
433 1.02221e-05 2.44206e-07
433 1.02221e-05 2.44206e-07
433.5 1.02221e-05 2.44206e-07
433.5 1.02221e-05 2.44206e-07
434 1.02221e-05 2.44206e-07
434 1.02221e-05 2.44206e-07
434.5 1.02221e-05 2.44206e-07
434.5 1.02221e-05 2.44206e-07
435 1.02221e-05 2.44206e-07
435 1.02221e-05 2.44206e-07
435.5 1.02221e-05 2.44206e-07
435.5 1.02221e-05 2.44206e-07
436 1.02221e-05 2.44206e-07
436 1.02221e-05 2.44206e-07
436.5 1.02221e-05 2.44206e-07
436.5 1.02221e-05 2.44206e-07
437 1.02221e-05 2.44206e-07
437 1.02221e-05 2.44206e-07
437.5 1.02221e-05 2.44206e-07
437.5 1.02221e-05 2.44206e-07
438 1.02221e-05 2.44206e-07
438 1.02221e-05 2.44206e-07
438.5 1.02221e-05 2.44206e-07
438.5 1.02221e-05 2.44206e-07
439 1.02221e-05 2.44206e-07
439 1.02221e-05 2.44206e-07
439.5 1.02221e-05 2.44206e-07
439.5 1.02221e-05 2.44206e-07
440 1.02221e-05 2.44206e-07
440 1.02221e-05 2.44206e-07
440.5 1.02221e-05 2.44206e-07
440.5 1.02221e-05 2.44206e-07
441 1.02221e-05 2.44206e-07
441 1.02221e-05 2.44206e-07
441.5 1.02221e-05 2.44206e-07
441.5 1.02221e-05 2.44206e-07
442 1.02221e-05 2.44206e-07
442 1.02221e-05 2.44206e-07
442.5 1.02221e-05 2.44206e-07
442.5 1.02221e-05 2.44206e-07
443 1.02221e-05 2.44206e-07
443 1.02221e-05 2.44206e-07
443.5 1.02221e-05 2.44206e-07
443.5 1.02221e-05 2.44206e-07
444 1.02221e-05 2.44206e-07
444 1.02221e-05 2.44206e-07
444.5 1.02221e-05 2.44206e-07
444.5 1.02221e-05 2.44206e-07
445 1.02221e-05 2.44206e-07
445 1.02221e-05 2.44206e-07
445.5 1.02221e-05 2.44206e-07
445.5 1.02221e-05 2.44206e-07
446 1.02221e-05 2.44206e-07
446 1.02221e-05 2.44206e-07
446.5 1.02221e-05 2.44206e-07
446.5 1.02221e-05 2.44206e-07
447 1.02221e-05 2.44206e-07
447 1.02221e-05 2.44206e-07
447.5 1.02221e-05 2.44206e-07
447.5 1.02221e-05 2.44206e-07
448 1.02221e-05 2.44206e-07
448 1.02221e-05 2.44206e-07
448.5 1.02221e-05 2.44206e-07
448.5 1.02221e-05 2.44206e-07
449 1.02221e-05 2.44206e-07
449 1.02221e-05 2.44206e-07
449.5 1.02221e-05 2.44206e-07
449.5 1.02221e-05 2.44206e-07
450 1.02221e-05 2.44206e-07
450 1.02221e-05 2.44206e-07
450.5 1.02221e-05 2.44206e-07
450.5 1.02221e-05 2.44206e-07
451 1.02221e-05 2.44206e-07
451 1.02221e-05 2.44206e-07
451.5 1.02221e-05 2.44206e-07
451.5 1.02221e-05 2.44206e-07
452 1.02221e-05 2.44206e-07
452 1.02221e-05 2.44206e-07
452.5 1.02221e-05 2.44206e-07
452.5 1.02221e-05 2.44206e-07
453 1.02221e-05 2.44206e-07
453 1.02221e-05 2.44206e-07
453.5 1.02221e-05 2.44206e-07
453.5 1.02221e-05 2.44206e-07
454 1.02221e-05 2.44206e-07
454 1.02221e-05 2.44206e-07
454.5 1.02221e-05 2.44206e-07
454.5 1.02221e-05 2.44206e-07
455 1.02221e-05 2.44206e-07
455 1.02221e-05 2.44206e-07
455.5 1.02221e-05 2.44206e-07
455.5 1.02221e-05 2.44206e-07
456 1.02221e-05 2.44206e-07
456 1.02221e-05 2.44206e-07
456.5 1.02221e-05 2.44206e-07
456.5 1.02221e-05 2.44206e-07
457 1.02221e-05 2.44206e-07
457 1.02221e-05 2.44206e-07
457.5 1.02221e-05 2.44206e-07
457.5 1.02221e-05 2.44206e-07
458 1.02221e-05 2.44206e-07
458 1.02221e-05 2.44206e-07
458.5 1.02221e-05 2.44206e-07
458.5 1.02221e-05 2.44206e-07
459 1.02221e-05 2.44206e-07
459 1.02221e-05 2.44206e-07
459.5 1.02221e-05 2.44206e-07
459.5 1.02221e-05 2.44206e-07
460 1.02221e-05 2.44206e-07
460 1.02221e-05 2.44206e-07
460.5 1.02221e-05 2.44206e-07
460.5 1.02221e-05 2.44206e-07
461 1.02221e-05 2.44206e-07
461 1.02221e-05 2.44206e-07
461.5 1.02221e-05 2.44206e-07
461.5 1.02221e-05 2.44206e-07
462 1.02221e-05 2.44206e-07
462 1.02221e-05 2.44206e-07
462.5 1.02221e-05 2.44206e-07
462.5 1.02221e-05 2.44206e-07
463 1.02221e-05 2.44206e-07
463 1.02221e-05 2.44206e-07
463.5 1.02221e-05 2.44206e-07
463.5 1.02221e-05 2.44206e-07
464 1.02221e-05 2.44206e-07
464 1.02221e-05 2.44206e-07
464.5 1.02221e-05 2.44206e-07
464.5 1.02221e-05 2.44206e-07
465 1.02221e-05 2.44206e-07
465 1.02221e-05 2.44206e-07
465.5 1.02221e-05 2.44206e-07
465.5 1.02221e-05 2.44206e-07
466 1.02221e-05 2.44206e-07
466 1.02221e-05 2.44206e-07
466.5 1.02221e-05 2.44206e-07
466.5 1.02221e-05 2.44206e-07
467 1.02221e-05 2.44206e-07
467 1.02221e-05 2.44206e-07
467.5 1.02221e-05 2.44206e-07
467.5 1.02221e-05 2.44206e-07
468 1.02221e-05 2.44206e-07
468 1.02221e-05 2.44206e-07
468.5 1.02221e-05 2.44206e-07
468.5 1.02221e-05 2.44206e-07
469 1.02221e-05 2.44206e-07
469 1.02221e-05 2.44206e-07
469.5 1.02221e-05 2.44206e-07
469.5 1.02221e-05 2.44206e-07
470 1.02221e-05 2.44206e-07
470 1.02221e-05 2.44206e-07
470.5 1.02221e-05 2.44206e-07
470.5 1.02221e-05 2.44206e-07
471 1.02221e-05 2.44206e-07
471 1.02221e-05 2.44206e-07
471.5 1.02221e-05 2.44206e-07
471.5 1.02221e-05 2.44206e-07
472 1.02221e-05 2.44206e-07
472 1.02221e-05 2.44206e-07
472.5 1.02221e-05 2.44206e-07
472.5 1.02221e-05 2.44206e-07
473 1.02221e-05 2.44206e-07
473 1.02221e-05 2.44206e-07
473.5 1.02221e-05 2.44206e-07
473.5 1.02221e-05 2.44206e-07
474 1.02221e-05 2.44206e-07
474 1.02221e-05 2.44206e-07
474.5 1.02221e-05 2.44206e-07
474.5 1.02221e-05 2.44206e-07
475 1.02221e-05 2.44206e-07
475 1.02221e-05 2.44206e-07
475.5 1.02221e-05 2.44206e-07
475.5 1.02221e-05 2.44206e-07
476 1.02221e-05 2.44206e-07
476 1.02221e-05 2.44206e-07
476.5 1.02221e-05 2.44206e-07
476.5 1.02221e-05 2.44206e-07
477 1.02221e-05 2.44206e-07
477 1.02221e-05 2.44206e-07
477.5 1.02221e-05 2.44206e-07
477.5 1.02221e-05 2.44206e-07
478 1.02221e-05 2.44206e-07
478 1.02221e-05 2.44206e-07
478.5 1.02221e-05 2.44206e-07
478.5 1.02221e-05 2.44206e-07
479 1.02221e-05 2.44206e-07
479 1.02221e-05 2.44206e-07
479.5 1.02221e-05 2.44206e-07
479.5 1.02221e-05 2.44206e-07
480 1.02221e-05 2.44206e-07
480 1.02221e-05 2.44206e-07
480.5 1.02221e-05 2.44206e-07
480.5 1.02221e-05 2.44206e-07
481 1.02221e-05 2.44206e-07
481 1.02221e-05 2.44206e-07
481.5 1.02221e-05 2.44206e-07
481.5 1.02221e-05 2.44206e-07
482 1.02221e-05 2.44206e-07
482 1.02221e-05 2.44206e-07
482.5 1.02221e-05 2.44206e-07
482.5 1.02221e-05 2.44206e-07
483 1.02221e-05 2.44206e-07
483 1.02221e-05 2.44206e-07
483.5 1.02221e-05 2.44206e-07
483.5 1.02221e-05 2.44206e-07
484 1.02221e-05 2.44206e-07
484 1.02221e-05 2.44206e-07
484.5 1.02221e-05 2.44206e-07
484.5 1.02221e-05 2.44206e-07
485 1.02221e-05 2.44206e-07
485 1.02221e-05 2.44206e-07
485.5 1.02221e-05 2.44206e-07
485.5 1.02221e-05 2.44206e-07
486 1.02221e-05 2.44206e-07
486 1.02221e-05 2.44206e-07
486.5 1.02221e-05 2.44206e-07
486.5 1.02221e-05 2.44206e-07
487 1.02221e-05 2.44206e-07
487 1.02221e-05 2.44206e-07
487.5 1.02221e-05 2.44206e-07
487.5 1.02221e-05 2.44206e-07
488 1.02221e-05 2.44206e-07
488 1.02221e-05 2.44206e-07
488.5 1.02221e-05 2.44206e-07
488.5 1.02221e-05 2.44206e-07
489 1.02221e-05 2.44206e-07
489 1.02221e-05 2.44206e-07
489.5 1.02221e-05 2.44206e-07
489.5 1.02221e-05 2.44206e-07
490 1.02221e-05 2.44206e-07
490 1.02221e-05 2.44206e-07
490.5 1.02221e-05 2.44206e-07
490.5 1.02221e-05 2.44206e-07
491 1.02221e-05 2.44206e-07
491 1.02221e-05 2.44206e-07
491.5 1.02221e-05 2.44206e-07
491.5 1.02221e-05 2.44206e-07
492 1.02221e-05 2.44206e-07
492 1.02221e-05 2.44206e-07
492.5 1.02221e-05 2.44206e-07
492.5 1.02221e-05 2.44206e-07
493 1.02221e-05 2.44206e-07
493 1.02221e-05 2.44206e-07
493.5 1.02221e-05 2.44206e-07
493.5 1.02221e-05 2.44206e-07
494 1.02221e-05 2.44206e-07
494 1.02221e-05 2.44206e-07
494.5 1.02221e-05 2.44206e-07
494.5 1.02221e-05 2.44206e-07
495 1.02221e-05 2.44206e-07
495 1.02221e-05 2.44206e-07
495.5 1.02221e-05 2.44206e-07
495.5 1.02221e-05 2.44206e-07
496 1.02221e-05 2.44206e-07
496 1.02221e-05 2.44206e-07
496.5 1.02221e-05 2.44206e-07
496.5 1.02221e-05 2.44206e-07
497 1.02221e-05 2.44206e-07
497 1.02221e-05 2.44206e-07
497.5 1.02221e-05 2.44206e-07
497.5 1.02221e-05 2.44206e-07
498 1.02221e-05 2.44206e-07
498 1.02221e-05 2.44206e-07
498.5 1.02221e-05 2.44206e-07
498.5 1.02221e-05 2.44206e-07
499 1.02221e-05 2.44206e-07
499 1.02221e-05 2.44206e-07
499.5 1.02221e-05 2.44206e-07
499.5 1.02221e-05 2.44206e-07
500 1.02221e-05 2.44206e-07
500 1.02221e-05 2.44206e-07
510 1.02221e-05 2.44206e-07
