Chisq background_os046_4column intensity_os046_4column sample_broadening_os046_4column theta_offset_os046_4column substrate_roughness siox_rho silicon_oxide_layer_thickness gold_chromium_roughness chromium_rho chromium_layer_thickness gold_rho d2o_rho inner_acyl_chain_thickness outer_acyl_chain_thickness tether_length bME_to_tether_ratio number_fraction_tether bilayer_roughness volume_fraction_bilayer background_os047_4column h2o_rho gold_layer_thickness 
-137.31566195686523 2.438738222095485e-07 0.985662406294764 -0.002107380463079195 0.0007121326697219428 5.471858253245824 4.097476526212466 8.143028143786287 16.797291221532664 3.212574479851653 30.571572669212944 4.506975096372203 6.121333502042874 9.509334929004611 13.85706739986395 4.235644449504966 0.4260066165079955 0.8587839291027363 2.884865344682753 0.9767441206518478 3.678276889839885e-06 -0.3297418511031955 178.64204918322554 
-135.66072819928792 1.7590221903385978e-07 0.9841793512014065 -0.0019394014607086944 -0.0017997739356415722 3.77540360391023 4.280962960068855 5.710681748420367 18.846427228454594 3.0937575091401426 29.667943032614993 4.452599203899364 6.06320230651952 9.289710279960465 13.667892740865389 3.322307904256671 0.5836811418616105 0.9999431435971564 4.3404913162129155 0.9974371982786375 3.4809070440731605e-06 -0.42811084041852215 181.8132912920896 
-136.97383582109617 1.11178598074486e-07 0.9960748679410432 0.0002630872626362833 -0.004749818246964545 3.1648233031373034 4.667426180343221 5.033267309635599 14.819964524475694 3.1808723376092436 31.538150179111877 4.39056537755282 5.972473576011663 10.352536473303633 12.568849084153399 7.456200359341639 3.146988960061035 0.9777074047039184 4.246361911913297 0.9951205240004166 3.6489115412906176e-06 -0.37458623150101755 180.2931476475346 
-136.69851435649164 -7.050250861683825e-09 0.9861015422300893 0.0013427395057280008 -0.0016833527230335635 3.416306301399301 4.101344033824654 5.17817894023941 12.827610078748144 3.312870604112621 36.010771080877774 4.433522720850836 6.039464658951493 10.222957083379695 12.936726372525834 6.311683418871346 2.8248847807985165 0.799816696046038 4.2648069272437175 0.9978626010062055 3.49195557902961e-06 -0.48857257360905054 177.3604441548021 
-141.36993680643891 -4.2985434166684666e-08 0.9926229476980268 0.000284415971054908 -0.0028442900450320347 3.3741895490988956 3.820431548200109 6.721097361378926 16.564259797718808 3.2479293907194626 33.1043949343898 4.416475089903812 6.013236647110805 11.937771588111278 10.944488273981047 4.298614838109528 1.5719343879126124 0.9636391671926587 3.3192390037186916 0.9891731174238114 4.005281607776927e-06 -0.38911882643332985 178.91808056548774 
-138.78294962024455 8.888786660448833e-09 0.9886930145090663 -0.002402368859681234 -0.0004999736278733623 4.071686799675667 4.108056428804965 5.979107802772764 15.30100734381966 3.272628983143322 34.21636722971111 4.455474508431695 6.097059989325899 9.532029777467208 14.17095170456576 3.3349475783898743 1.1505049234006641 0.8789207711360935 2.749744387139505 0.9609841394572817 3.4997322985031564e-06 -0.5017186286255999 177.69466200318556 
-136.8470283258831 2.8303501822767103e-07 0.9953879481679309 -0.0028608260356869277 -0.0025670688314604587 3.3165256533036858 3.470483923595876 6.6709416905595855 14.297240510653522 3.3178450862350917 37.56365747366939 4.443213605712842 6.048104459339897 10.051093826877757 12.972540485367213 5.928953333126878 3.2202280987731324 0.71594107034674 4.56492902508248 0.9998649862454857 3.3829749849564246e-06 -0.3389283098549467 176.71521760812266 
-133.53212398304606 2.017716330925622e-07 0.9897264575572258 -0.002132869451069389 0.0014946552883724016 4.796819013991073 4.577546507587169 5.025970709067851 16.151487048245183 3.258435216465813 34.25952677809918 4.514347564487038 6.140008057058564 9.633733938751968 13.265243661442264 3.94832486342466 2.2808809008695587 0.9499963593834065 4.120426461699851 0.9876650072219225 3.593049182299149e-06 -0.33861141009170065 177.9370518523601 
-135.03600995609952 2.0884909060268987e-08 0.9853968494688514 -0.0014851600075678265 0.001942297753580303 4.035364327690366 4.040883727465466 6.23593275858507 16.01068225168595 3.25290516466453 34.13516732724732 4.503873678431698 6.152272636087742 9.355068426591478 13.775183359239692 4.468657568756163 0.41973755441248056 0.7343068737701195 4.849799310674345 0.9956174359384569 3.7033206168886307e-06 -0.4290390362702023 178.0523798935821 
-134.40510731332824 1.3600604818371387e-07 0.9944972251669381 -0.0009251836106594964 -0.002780418474474361 3.2695072569485584 4.233350505155626 5.3091823420415745 16.190490606706316 3.24136193850757 34.586589829361266 4.436659294941004 6.028190071124625 11.062894548010513 11.822238901982693 6.905110251905795 1.6640474074613743 0.8296711306882254 4.373820327009104 0.9986781214389757 3.65709447342948e-06 -0.34547249929810037 178.39412103001195 
-139.62312961580844 1.776204180372001e-07 0.9922574267484348 -0.0005388597459388167 -0.0012115254827473499 3.399415192176652 3.7502483033598852 7.304049783321951 14.865487860506692 3.300393166989959 35.94802317431688 4.451242168619911 6.068069739244465 11.524184692034796 11.56948809778779 3.257921759292202 2.900261861443686 0.9012979429759901 3.829942287615839 0.98353625731705 4.009177767400523e-06 -0.43080680696630785 176.16976647422172 
-137.42300155984353 -1.306851412126051e-08 0.9934799351849193 -0.0009775373694238677 -0.0015822296182253558 3.7343235221335207 3.6652814718362694 6.125437145528142 11.994630194208693 3.3896117105275163 37.79935110257804 4.451661664485177 6.060190743128503 10.08608751531415 12.89888765531038 5.059620703767348 1.2395352642154798 0.9921415643120064 3.5779270411305673 0.980537297002153 3.4648236170100313e-06 -0.39890545829824564 176.03811963727986 
-139.4485241125225 2.2412597582324214e-07 1.000437383386432 -5.813159529972835e-05 0.00012160187575454273 5.874185707163324 3.885870299336206 5.740701774448518 15.36705897981185 3.3675943234659433 37.63650818675107 4.500391789338366 6.097820257731792 9.104990520579154 15.41566533073248 3.444917406276851 2.2230377512414936 0.476314908865458 2.0754003377540946 0.9794761324269942 3.592736385793622e-06 -0.28921695115121715 175.38680978819386 
-138.7510164428686 2.271382443657373e-07 0.984655729818325 0.00091587250555456 0.004836795270881743 5.272682405962916 4.4393620060482775 5.809923538898356 17.749802650612136 3.2044105596558103 31.538481398283636 4.564775107826532 6.216628484448763 9.067134452351937 14.068646042696592 6.001920532214034 3.131480143604853 0.8012402095470459 3.5276698472465977 0.9716142993432297 3.839548166817646e-06 -0.33317573318835786 179.44063780228535 
-140.37780524598918 3.3779332123378796e-07 0.9978290345581342 0.0005076341269673233 0.0007143584931713065 4.459673359449603 4.280428490834969 6.344598911320723 15.402977086141405 3.254444189867988 34.33623158083841 4.471037231449876 6.100722356410547 10.121672612938832 13.315836542028391 5.957428239906036 3.733522791462392 0.7316270133041001 3.7705109579854477 0.981436050855945 3.5928739764468717e-06 -0.4259092736110098 176.41412879186686 
-133.8572917720211 3.1049884808411576e-07 0.999352816457137 0.0006079789221691267 -0.0018092874526218783 4.488418083351128 4.196769883227448 6.249198651037204 16.554981714336996 3.2024074350527547 32.37674191691761 4.4302651794376615 6.038350031468108 9.923199145843583 13.334985499839192 3.9587775237242644 0.29463744938301867 0.8296194939266875 3.845915094777729 0.9866737735291325 3.603843285188243e-06 -0.3882542156988762 179.1064150540735 
-138.78294962024455 8.888786660448833e-09 0.9886930145090663 -0.002402368859681234 -0.0004999736278733623 4.071686799675667 4.108056428804965 5.979107802772764 15.30100734381966 3.272628983143322 34.21636722971111 4.455474508431695 6.097059989325899 9.532029777467208 14.17095170456576 3.3349475783898743 1.1505049234006641 0.8789207711360935 2.749744387139505 0.9609841394572817 3.4997322985031564e-06 -0.5017186286255999 177.69466200318556 
-134.2874756884788 2.565328864355276e-07 0.990894098393971 -0.001588906765589304 -0.0020233502570768647 4.857728794435775 4.66283704916179 5.7756518752133506 19.173180573772513 2.9719166481377126 27.712182227854576 4.459143048818518 6.0553943776334 8.803743492141914 14.315047713359748 5.3915158686145395 3.8900507020738786 0.8379675023216928 4.204913334059382 0.9990191575555891 3.635079988175157e-06 -0.3346731309329838 183.74423365310875 
-134.36951656775787 1.5147252895211123e-07 0.9963335543388725 0.00022754868078733785 -0.0002791549732683193 5.0294580521795 4.238991570344489 5.683623015677072 14.606002365300698 3.335262420529444 36.07038777234261 4.484528548224086 6.0891321044672555 8.786990403426671 14.766187911909942 4.775890388810724 2.325095285664793 0.9186693640076591 3.14811104091293 0.9694636200506171 3.6339632945088634e-06 -0.32235015538968864 175.79866730799128 
-139.2821661760206 2.31027801884904e-07 0.9825773969039925 0.0010247253872501176 -0.004757263889441546 3.896542400622986 4.030962061504974 5.511191484734789 13.975769398402308 3.3384740535916424 35.00414955603504 4.407771717715017 5.971136074230996 11.354792164522406 12.224673605712757 3.784137997968099 3.2583913922214274 0.8132144035788137 3.0860329702536484 0.9837461997448446 4.040129472905554e-06 -0.4011574162300364 177.96158306839664 
-141.60105553233655 7.916934337168522e-09 0.9840888348886855 0.0005156211104447367 -0.0006707159790504823 4.328169723658097 5.034046687184554 5.238273118227806 19.687157673913514 2.865156567972173 24.882742857407173 4.462700140822283 6.082178384911749 11.219792645560679 12.689060922690352 5.440955745353292 2.1556447428628416 0.33042971001928295 3.618027281442568 0.98548917469834 3.4447637963812643e-06 -0.473680793352573 184.31751459161234 
-135.5597598549778 4.9329441292301306e-08 0.9811034192890074 -0.0012703002169030153 -0.00016252821538800363 3.309771268716798 3.964770659745415 5.0999378790474 14.104314903861125 3.3147587620115813 36.608087702119576 4.457005418655882 6.096467595931248 11.16882684255794 12.140134783971503 7.578247891358093 2.501779820693464 0.7532691300041028 2.876745909211039 0.9659003785844813 3.794495751127293e-06 -0.533637997882451 176.68561698696703 
-139.2742837047694 2.528668583302085e-08 0.9886959026310662 0.00032229334507317064 6.109461818260195e-05 4.435616698917089 4.856493319308846 5.237535907972109 18.159576717267747 3.0584501443551244 30.190761567329226 4.475746426464742 6.090600339932085 10.55094124260031 12.691270915995316 6.491784069816948 1.5491766760692456 0.5511723020320088 4.174969538567461 0.9990557314907843 3.3979945142129755e-06 -0.4098622879086783 180.89451359623646 
-135.12778511240896 2.9626668811463235e-07 0.9940646793580129 0.0008118370615530127 0.0022532787448227 4.399111968111526 3.9841950819227985 7.362355405296357 14.964254314824371 3.2635764449156923 33.26033686440698 4.495770122528943 6.144783502929737 9.841078727523712 12.670450599052293 4.72822428000113 1.2150807156604433 0.9845736574325877 4.789292975468322 0.9985852354037418 3.6605818982119513e-06 -0.459775422428018 177.47034332174607 
-139.71202931081567 3.2776516842212615e-07 0.9879495631705423 -0.0035574760380317457 0.00526794784509846 5.212963574273529 4.252342519756836 5.280482036674828 13.56008668856443 3.3891201603442243 37.67890499649755 4.595199610006918 6.251634740622675 8.316039009237576 14.526268937798097 3.2132052623023677 2.7665145508269955 0.9912299024959702 4.190416532175031 0.9741938572609901 3.5465075381241393e-06 -0.27454358238360793 175.14472689274675 
-135.56049997916637 1.6715960348651258e-07 0.9840056646236687 -0.0005527006982372552 0.0013710766729668174 3.9606028521458194 4.494301180423737 5.043112352282173 14.174623755622566 3.2766871304211898 35.44244361598074 4.494059821666155 6.132859381475021 10.669809737446437 12.217540912014789 4.520520665074054 0.913164594380989 0.9953602146204191 3.7674097669533757 0.9790391417056111 3.886397769915693e-06 -0.49035054697785396 176.75760932693842 
-136.55698195664525 3.71320879142202e-07 0.9971845846053661 -0.0009239465308505625 -0.0005885028736309161 4.5520251199434885 4.284586063175245 6.49877398430684 18.838565014273343 3.07477869426696 28.929098670799345 4.460485005927102 6.080079615351703 9.210856367103496 13.795050689386734 3.307076767028416 3.6131403861162923 0.8968616110334399 4.686513381763457 0.9997478481789882 3.7558154814290546e-06 -0.39361659220423695 181.4221342599128 
-136.95946139450888 2.830350693157324e-07 0.9953882520305113 -0.0028608268225963386 -0.002567069849107772 3.316528247051167 3.4704794868660636 6.670941654277163 14.297217097492185 3.3178453534184498 37.56367151417761 4.443213375471787 6.048110200989129 10.051094083422562 12.972547821976406 5.9289562541627125 3.2202239213601835 0.7159408133059992 4.564932042451209 0.9998665190588146 3.3829733613168342e-06 -0.35168152417667764 176.71514873255884 
-134.0829177196143 5.9504087087310435e-08 0.9884167555217769 -0.00024540775851235265 -0.0030032168500518028 3.7170194098669116 4.2026615292966305 5.827643586213028 14.099013021089744 3.2886546476353953 34.426749412570835 4.422894699039723 6.020443162356395 11.78346768197859 10.75255956194978 6.626166809309502 1.0468721543609563 0.996934140479447 4.1448764277586525 0.999363338999462 4.192148763247497e-06 -0.42545652101149417 177.70049082885015 
-137.76488465414684 1.3444753126428736e-07 0.9867699435716629 -0.00020041457329294973 0.002216212921397606 4.97195093152211 3.807129702800468 5.020099297679279 12.974165651873452 3.435095319035498 39.86849474712237 4.50215281008514 6.148022748008867 9.923703775066015 13.115454654934004 3.48328867159412 2.2917271710461176 0.9949915816126761 2.7571866827626903 0.9740711373153825 3.5807549908289133e-06 -0.46079982921304025 173.88984420404321 
-132.66786692137364 5.3415714274476555e-08 0.993731063480869 -0.0008212421992178419 -0.0061527912778148956 3.858981624158945 4.1497376936786665 6.021887926424471 14.32007023202002 3.2599516939935977 32.93179105848707 4.365817223091737 5.945548468151795 10.42435495572817 12.768006013876692 3.8200291649042746 0.1657632622736825 0.9992802330577519 3.5055957573804224 0.9908517336049021 3.3542910346972895e-06 -0.43583772463334886 178.95120502485076 
-135.29965066339065 7.464921477508924e-08 0.9907147214591528 -0.0008944974109745804 0.0017061782868772852 4.010537105425189 4.364355281648839 5.12756472737435 16.19863053912254 3.1701678931689967 31.94203346450666 4.488510110775106 6.140269482877792 10.312569452010893 12.555427744827227 7.045811831361851 1.6388425843775765 0.9959809235030463 3.800630432867313 0.9742504911210108 3.7697334081827145e-06 -0.45347486044061786 180.45316882543003 
-137.65456527748293 2.2728549054771886e-07 1.000259202460751 3.5268336473792034e-05 -0.0012008896955959972 4.157109288086677 4.274181152409313 5.492797624605349 16.077616742859547 3.237952786430922 33.46215131035156 4.453260636786433 6.057418539118553 8.656227182861498 14.492751922191543 5.246549578410815 2.6835963732990167 0.9045581244010852 4.654714913304598 0.9939785978052155 3.163920992306544e-06 -0.3822346200174757 179.04730756984682 
-136.45855036383654 1.4034207736048067e-07 0.9872837636048486 -0.0013213970170903265 0.0006984080420574144 3.294571680721407 3.676285295633841 6.263730918739841 12.846395125269108 3.3312136908954457 36.86500526021609 4.4746870104465994 6.120622576363055 9.365452674293975 13.84027785323366 3.181836649736335 3.4847350329119555 0.903058262747671 4.085905242396988 0.980380127263708 3.2734318601005617e-06 -0.45877704023263927 176.17652361179856 
-134.25554637444395 3.2260146828603664e-07 0.9939325158260598 -0.001249724038140816 -0.000995740515413364 4.621638035208147 4.52731766838665 5.324252164448129 18.64949459307653 3.130582242855858 31.372858848072152 4.4900350689538575 6.079966091216572 8.41681916740687 14.586525942079177 5.28737354227832 2.856833679859731 0.9603778340168087 4.465265739602598 0.9950770960775656 3.288686318129688e-06 -0.24887425365515067 181.29738369788973 
-138.7317849928275 1.079334489942328e-07 0.9896261568710227 -0.0015937381689369232 -0.0063949366208039034 3.7805844934905757 4.086055895153034 5.696684159346908 11.468609558157217 3.3351436847720333 36.35105977837713 4.37229239138632 5.944977941922575 11.47455150496469 11.579067767369086 7.887358781139051 0.5886022374605242 0.9938868924232932 3.3777681178413124 0.9902724221776413 4.0440184971241905e-06 -0.4353793402124262 175.34741350896934 
-139.50917231543028 2.40411963650366e-07 0.9839274336242313 -0.0011924633143622668 -0.0003394657713007831 4.834443887245527 3.796692287031234 9.838190078813753 19.867997176696292 3.0144867834568676 25.205545729515702 4.483206622519108 6.095086834372966 9.316259889739264 15.112576897428264 3.146350864690146 0.9685986033181158 0.42411177778820813 2.8081522784898825 0.9757703439691202 3.3568828218086554e-06 -0.4407613981188613 182.52435442374122 
-133.6217501468568 -5.278745404474207e-08 0.9849920359686306 -0.00014139068454463143 -0.0030409077955356623 3.8921179656773295 4.293531669317036 6.316669805074831 15.641568377381798 3.2141805266655585 31.38916118208483 4.424935592021239 6.023251508444229 11.10790606789627 11.745505169562737 7.481431293518507 1.4050469119488744 0.8839173450897433 3.871808023709891 0.9947726789773713 3.7829967330580183e-06 -0.43362708672886086 179.21435731121963 
-136.39706279333967 1.4563466126164375e-07 0.9977099770065718 -0.00019658415358560162 -0.001559800395681195 3.7411751789406407 3.7427385866963476 7.781223026362845 13.742111503300897 3.3146932265217197 34.66640305627096 4.443650781474486 6.052366758886775 10.93887156366564 12.848823278099236 3.8529288755488498 2.8746758978771028 0.6834876120882213 3.4295964621087522 0.967353946261484 3.7135463262042288e-06 -0.41120882690066823 176.04675469607565 
-136.04832396946614 2.0269139833549634e-08 0.9834586956153238 -0.002381857071182242 -0.008110439941510738 2.988047391686409 3.6886283151528976 5.101275071448442 12.73327497648996 3.38203428133758 38.57940905611432 4.37589827061228 5.915066412886252 10.652260347152287 12.449379513355876 6.037953979264567 1.170464376947709 0.9760709390006044 3.972136325608485 0.9990635561085639 3.768402226559582e-06 -0.31180342310345815 176.6053611798591 
-138.36383896421626 1.3336054363287047e-07 0.9831770143978705 -0.0015203089811272612 -0.0007168052722982004 4.323072590966309 4.3390348562936145 6.203612290221122 20.27107975131989 2.9115920890612776 25.652359515769795 4.478843187605984 6.091434047037375 8.68756478913574 14.409959407871078 5.732960508515123 0.9221963232680734 0.9775908963409713 4.37502054175595 0.9930053445644381 3.342956337005878e-06 -0.3684503907224554 185.54021599154856 
-140.88014782009395 2.5621331156598073e-07 0.9869039706430776 -0.0015320317613636825 0.002490652689834671 4.844230427896243 3.8404125989509676 6.979725559528465 18.282477087025388 3.2130328708335134 32.96197204516167 4.546991901613496 6.1692402955937675 8.069557250849689 15.561933688146757 3.8558524266320715 1.1815550296927086 0.6238635332148796 4.180211183986374 0.9821140028876322 3.192448080923759e-06 -0.26109269973566646 179.06315208813638 
-139.64769879904483 3.051189069392533e-07 0.9907284036830233 -0.004919475884693528 -0.0014232152709006468 4.644239780532367 3.2313568535194377 5.47103983418878 11.59667611118436 3.460776513096642 42.21783898410244 4.461761271659181 6.07967181438774 9.210237613886799 14.210811754552132 3.7469037081161343 3.010982717365707 0.8084205280131209 3.360197666788935 0.9760476952625416 3.6499322855140716e-06 -0.3595158646960894 174.00679080159233 
-135.41892834414483 1.9036477936960864e-07 0.9918677140182499 -0.0007662375619292376 0.0010165280695177553 4.727910200740213 4.377775756986118 6.495881467267731 18.94448696208186 3.0819292322389304 30.006178459408694 4.4915599959976555 6.121248825443961 10.16474811963085 12.907879534126003 3.7229349400606004 1.8160566021099969 0.933867917710147 3.3593544088654115 0.9771573105218475 3.6618347394365258e-06 -0.41092687756911944 180.32269256523884 
-137.7824602327925 3.583072143615619e-08 0.9925057508969812 -0.0015932831787045017 -0.004686767247246371 4.519129590169781 4.823495039892185 5.229743077888624 15.287829428787207 3.140581338443912 31.11738597241798 4.398731519602949 5.987275447070837 9.235652458686316 13.924963506011064 3.1409717872360585 3.3683391716891085 0.9732137267217065 3.998421936089626 0.9954060507456642 3.607388561373335e-06 -0.43576017300386855 180.0332963247793 
-137.97605337072477 1.6270772011036786e-07 0.9869431272308979 -0.004174320970893451 -0.002713089417454406 4.302909392501951 3.6973759376309614 6.854132333098085 14.377900778890245 3.343720154300095 35.46349008607459 4.457262212919753 6.052502360147598 9.302145913315947 14.295372677048354 5.379530374820835 0.5981474671526414 0.6026356728696433 3.549070854892876 0.9754619982820931 3.699420141477125e-06 -0.3543333550830565 177.57929748770076 
-134.40510731332824 1.3600604818371387e-07 0.9944972251669381 -0.0009251836106594964 -0.002780418474474361 3.2695072569485584 4.233350505155626 5.3091823420415745 16.190490606706316 3.24136193850757 34.586589829361266 4.436659294941004 6.028190071124625 11.062894548010513 11.822238901982693 6.905110251905795 1.6640474074613743 0.8296711306882254 4.373820327009104 0.9986781214389757 3.65709447342948e-06 -0.34547249929810037 178.39412103001195 
-133.507719698487 1.869201574620482e-07 0.9942305519212842 -0.0006392886822680854 -0.001555705359535606 4.062556832123675 3.5981527812174194 6.243039026653205 13.195125621862896 3.381634494437534 37.4574555582525 4.456326539192543 6.064170787080943 9.692676028944577 13.53169291577008 5.9935720409999105 2.3335900944576657 0.4084772438652642 4.502208040007185 0.9981286603182183 4.101252244207092e-06 -0.3702971075631086 176.1292035110151 
-146.94571166985668 3.242906607930708e-07 0.9814966612572967 -0.0013925773441378034 0.0005092570132206087 5.1434560465300825 4.4882666775018185 5.205834569980056 18.371870372932648 3.1316167618295414 32.05940497390347 4.508311356736223 6.117913492833359 9.155871870316192 14.675270211415972 5.56555291490514 1.1884786655454984 0.5763913216220353 2.820110826867792 0.9715027884860243 3.861333754366873e-06 -0.4636150371121264 179.8158933810329 
-137.82640790535763 2.77380436310846e-07 0.9938843926180002 -0.0016865797743004338 -0.00034457606036490814 3.9920082665551693 4.270555231022159 5.170831448397708 15.802842093069769 3.274499510307058 34.29379486759213 4.460103844661533 6.09069451643645 10.618784450630278 12.739697170047831 6.993507513354741 2.886508839070012 0.6473978559792242 3.615716654347555 0.9726388768212919 4.0354183586821735e-06 -0.38643161610688664 177.3473947014371 
-145.30562661201157 1.6325270803525254e-07 1.0013463564880667 0.0006390084686323773 0.0008101090862468365 3.003355163052659 3.644342161031841 5.553848599416075 16.165546678453275 3.34461760581657 37.90119725079806 4.475868928278535 6.10423247183014 10.319996768317285 12.762547895245966 4.710129225960775 0.5135175245905637 0.8522808388585963 4.1898165156358465 0.975130142327878 3.220478809626279e-06 -0.37833796624769384 176.20326540191635 
-136.55698195664525 3.71320879142202e-07 0.9971845846053661 -0.0009239465308505625 -0.0005885028736309161 4.5520251199434885 4.284586063175245 6.49877398430684 18.838565014273343 3.07477869426696 28.929098670799345 4.460485005927102 6.080079615351703 9.210856367103496 13.795050689386734 3.307076767028416 3.6131403861162923 0.8968616110334399 4.686513381763457 0.9997478481789882 3.7558154814290546e-06 -0.39361659220423695 181.4221342599128 
-145.46402535052084 2.608830651321747e-07 0.98133424962472 -0.0005572121884300296 -0.006022557175413528 4.662866600827338 3.2574762147888943 6.832747849497499 11.077989937558838 3.4605196783978642 40.770016937461754 4.411414465071161 5.953716268045942 9.609596997159194 14.380838561233984 4.663916771223259 2.2311881321957845 0.7836970202942902 2.3204181442366854 0.9978320118223801 3.529594581871304e-06 -0.30653108559505515 173.4008635270809 
-138.7832409712165 9.594419384998416e-08 0.9920164167457395 -0.002707873330504195 -0.0022297287885139857 3.8292527344685885 3.9520847409321616 5.984830706332246 14.448185892124133 3.3051134476001858 37.106277264958045 4.461392429489092 6.058310135925726 10.090944960140988 12.920953281600504 4.9349862608342825 3.5124937041884445 0.8432539143573294 4.398494522142693 0.9991909355385536 3.605333172352675e-06 -0.2993372790298746 176.62243503277708 
-136.04832396946614 2.0269139833549634e-08 0.9834586956153238 -0.002381857071182242 -0.008110439941510738 2.988047391686409 3.6886283151528976 5.101275071448442 12.73327497648996 3.38203428133758 38.57940905611432 4.37589827061228 5.915066412886252 10.652260347152287 12.449379513355876 6.037953979264567 1.170464376947709 0.9760709390006044 3.972136325608485 0.9990635561085639 3.768402226559582e-06 -0.31180342310345815 176.6053611798591 
-134.62666847361 7.729026302476883e-08 0.994135884917899 -0.0007160964822774442 -0.006020192352974682 3.594003598444356 4.194442597271167 7.657084687365784 17.196026277920925 3.059531047122049 27.31188620276719 4.372916206397352 5.951869867216491 11.104386371750326 12.846185498802837 6.708321712153824 3.3984887233322527 0.41031929167212994 3.1794772780425484 0.9871318906762083 3.5168077786852577e-06 -0.44084962253499366 181.50738728718022 
-138.40842120235723 4.089597650534345e-07 0.9880480841192216 -0.00234934091846901 -0.002869305575090823 4.706503005234977 4.143285418024014 5.537877345569396 15.318174615503871 3.2973779681349193 35.231124470036896 4.4552394289008115 6.03696434665771 9.70328239377673 13.553291092384212 6.04891169357565 3.2564559848394823 0.875106682952862 4.128427424565083 0.9906647336713577 3.301774274052037e-06 -0.32273617245535047 177.54740629880146 
-134.19795806959644 1.6849961394400973e-07 0.9963474381230525 0.0016211990280021623 -0.0015261313410537558 4.670480830459775 4.2619785749219705 6.371805743179343 16.240591192123503 3.1980596146193823 32.80050013416433 4.445656035553168 6.0434475670285375 9.594086009289919 13.671411487557409 5.693095743474682 1.3852207164433046 0.8215981895583467 4.034310971884402 0.9917953158664295 3.8970894115896045e-06 -0.40065599645599637 178.3196739910979 
-134.33534606679575 1.1830756263556033e-07 0.990324437612353 -0.004951672613014864 -0.00441789551061654 3.79224812237593 3.856613288918136 6.210302479492139 15.202883737898969 3.296127247889378 35.00290509357897 4.412198011343001 6.008044747116082 10.854408013895284 12.052661466750283 5.586773766076569 2.2988867183386112 0.9993538478484668 3.435291328215691 0.9895302735504395 3.876597053684623e-06 -0.36618237581032176 178.0600285286575 
-140.53286899245904 -6.900086544039859e-09 0.9863510351031319 -0.0005264994948329427 0.0020686982302717746 4.117063290255706 4.490096709651421 6.770761796693553 19.302745614110286 2.886995459206487 24.915164670896424 4.518849397437904 6.150413109470508 8.692585580355065 13.915280921364387 6.153133326381538 1.3577775896614765 0.999363175469414 5.022781995655172 0.9988796346103116 3.7341747084765093e-06 -0.3388530262761503 184.30406133753314 
-146.94571166985668 3.242906607930708e-07 0.9814966612572967 -0.0013925773441378034 0.0005092570132206087 5.1434560465300825 4.4882666775018185 5.205834569980056 18.371870372932648 3.1316167618295414 32.05940497390347 4.508311356736223 6.117913492833359 9.155871870316192 14.675270211415972 5.56555291490514 1.1884786655454984 0.5763913216220353 2.820110826867792 0.9715027884860243 3.861333754366873e-06 -0.4636150371121264 179.8158933810329 
-133.92839015810716 6.786302059801988e-08 0.9875147427983885 -0.0010431840480654487 -0.0016613769252747073 3.975975879311252 4.61373382739648 5.376515916622364 15.980306556731641 3.1326336057199353 30.861322668164732 4.447971118200493 6.058867801920483 9.675034374824996 13.745424476876806 3.9864036601239325 1.8212715143328202 0.7174376108655411 4.524746930238331 0.9963108023676044 3.455780686191022e-06 -0.41081774531427584 181.0394484495182 
-137.82640790535763 2.77380436310846e-07 0.9938843926180002 -0.0016865797743004338 -0.00034457606036490814 3.9920082665551693 4.270555231022159 5.170831448397708 15.802842093069769 3.274499510307058 34.29379486759213 4.460103844661533 6.09069451643645 10.618784450630278 12.739697170047831 6.993507513354741 2.886508839070012 0.6473978559792242 3.615716654347555 0.9726388768212919 4.0354183586821735e-06 -0.38643161610688664 177.3473947014371 
-134.08603130277965 4.079680835426559e-07 0.98587694156671 -0.0015598268987962569 -0.00046755110936041994 4.001158103024513 3.7751279624565672 5.685142435801545 12.046172479387184 3.404298676783356 38.27150440741522 4.471750837986973 6.094619728238031 9.888682318427204 13.460241036571837 4.9668588329504 3.383566915187453 0.7985404632490447 3.8978522752833853 0.979874514471471 3.4683756955328745e-06 -0.3941832413423689 175.178507752519 
-130.7532942043967 2.5982237789575227e-07 0.9961092998074595 0.00021638961078902276 0.0008774772143030915 4.343944329689639 4.046666330159161 5.58391710813304 14.590854057843412 3.324832436785704 36.04317772003303 4.475904775726794 6.113262935520533 9.648094840093844 13.616251124349677 3.923151993606282 3.382942632715107 0.8806828219292253 3.6776406395977457 0.9777580856881163 3.6463966033309053e-06 -0.40914209698997567 176.41211766265724 
-135.5555314261225 1.419812360702635e-07 0.9935230042346219 -0.002202951602961992 -0.00046004146489428665 4.565087247723339 4.162724515606206 5.424922937088435 16.24481505692205 3.209421439481205 34.096336941570875 4.482365309094426 6.0953123891252945 8.232071233221982 14.770485101546438 5.514520601689827 3.8498677883131025 0.838785353414042 4.299074598478621 0.995061433462147 3.652197471195258e-06 -0.3555969960323656 179.0760064715893 
-136.74232807572508 1.6055334113992935e-07 0.993432422172591 -0.0017998466354122269 -0.00444018245889199 4.895664001508983 4.351615582334611 5.361419047267656 12.784705289274015 3.3515117884259324 36.493586721840394 4.4162200469006105 5.995991726723058 9.933599613057508 13.855635487349119 5.4795515108412385 1.1208202897151243 0.7175705100057753 2.5295511699041864 0.9754051956258881 3.743598108785361e-06 -0.2988238834144773 175.73393038540723 
-142.63938549551386 2.38733614617517e-07 0.9907189178488448 -0.0016301634702615311 -0.004441797612723796 5.2917727154888805 4.822069717840992 5.2180683368860254 17.39405811673786 3.0912696225691447 28.90912908271275 4.4233064570835445 5.994338593981747 8.017589975138815 15.33783249764045 3.8024929455966356 3.7507606772879054 0.9696734342404194 3.6464253824699866 0.9960928357832473 3.344886007284021e-06 -0.37012945638095884 182.05096666159523 
-141.4220537839274 -6.938150435173097e-09 0.998470985386063 -0.0011563793584308097 -0.005709578168599668 3.336285783923842 4.004997141494487 7.725776546465446 14.588775306140143 3.199857164363439 31.418401732769276 4.377309628556937 5.956492995927667 10.87625277843445 12.585931676375475 4.526509288859654 1.137852947869295 0.8480160194731645 3.9273841454679093 0.9913874774162562 4.086826248879483e-06 -0.39167651336319753 178.72457551253555 
-137.97605337072477 1.6270772011036786e-07 0.9869431272308979 -0.004174320970893451 -0.002713089417454406 4.302909392501951 3.6973759376309614 6.854132333098085 14.377900778890245 3.343720154300095 35.46349008607459 4.457262212919753 6.052502360147598 9.302145913315947 14.295372677048354 5.379530374820835 0.5981474671526414 0.6026356728696433 3.549070854892876 0.9754619982820931 3.699420141477125e-06 -0.3543333550830565 177.57929748770076 
-138.38365013611758 8.537289104317628e-08 0.979438080922425 -0.0024566404744888856 0.0007804242134096613 4.4863585565577875 4.870854136444285 5.033691792938115 17.65726558286319 3.1377297240809736 30.47734235968798 4.488818234562046 6.129896900493216 10.445090413793311 13.05682072520718 5.465237160657504 1.2115519671003703 0.7125872305482991 3.532802677327352 0.974715482653843 3.936855209066271e-06 -0.4436980356178564 180.07615938781393 
-135.56049997916637 1.6715960348651258e-07 0.9840056646236687 -0.0005527006982372552 0.0013710766729668174 3.9606028521458194 4.494301180423737 5.043112352282173 14.174623755622566 3.2766871304211898 35.44244361598074 4.494059821666155 6.132859381475021 10.669809737446437 12.217540912014789 4.520520665074054 0.913164594380989 0.9953602146204191 3.7674097669533757 0.9790391417056111 3.886397769915693e-06 -0.49035054697785396 176.75760932693842 
-135.58667355714573 2.0487561808433196e-08 0.9877190516223209 -0.0020635904495897306 -0.0022670864072013527 3.3275510507433754 3.7073350390721553 5.373938620214463 14.81454117784312 3.305095965502828 37.263357076754374 4.437498659014009 6.050398475567464 10.736604089991399 12.4477255597306 5.899609797792139 3.3414841306500347 0.984867201466429 2.9437525820453434 0.9730405097367202 3.259570372040995e-06 -0.4525431284674747 176.9806480511032 
-135.57049469510713 2.2244609354496445e-07 1.001414836833691 0.0005159695385068249 0.0006818571520989784 5.174270434035001 4.312352685626737 6.606454103659621 17.229893051329995 3.2067168463710907 31.75869158998521 4.49716290189464 6.110098875202181 8.96555278830557 14.253678201885757 3.2576275390486167 1.7781898248320518 0.8324697634410777 3.9703819268261897 0.98011101133454 3.681041238561564e-06 -0.31900688912450414 178.9932434206835 
-130.7532942043967 2.5982237789575227e-07 0.9961092998074595 0.00021638961078902276 0.0008774772143030915 4.343944329689639 4.046666330159161 5.58391710813304 14.590854057843412 3.324832436785704 36.04317772003303 4.475904775726794 6.113262935520533 9.648094840093844 13.616251124349677 3.923151993606282 3.382942632715107 0.8806828219292253 3.6776406395977457 0.9777580856881163 3.6463966033309053e-06 -0.40914209698997567 176.41211766265724 
-137.38114965184803 2.7191268203954944e-07 0.9833194944912752 -0.00020049966691223361 0.0020354258960669975 4.061221749807882 4.53582024218577 5.183960050147609 19.154436001322278 3.1272448108274014 31.9689222144422 4.521523250268218 6.150381695469217 10.025556755656057 12.75433842986185 6.7738444665971125 2.4102345247734807 0.7248150703814927 4.3796079694611025 0.9932021527733511 3.805131292858708e-06 -0.39426968060740825 180.3378360182008 
-138.7449829819684 5.900254223455049e-08 0.9920360975550956 -0.0012745750291166247 -0.0012844012757941697 5.398692856899674 4.151940389254031 6.146009439236926 15.346079520341915 3.31913079224538 34.63943485307806 4.464908612968566 6.067848740465058 9.358406463588164 14.154608802495952 3.2634214313219463 3.93260060135306 0.945420752780193 2.7246509562153203 0.9699149693815319 3.917178813906266e-06 -0.33685475453331976 176.61452008951034 
-137.97605337072477 1.6270772011036786e-07 0.9869431272308979 -0.004174320970893451 -0.002713089417454406 4.302909392501951 3.6973759376309614 6.854132333098085 14.377900778890245 3.343720154300095 35.46349008607459 4.457262212919753 6.052502360147598 9.302145913315947 14.295372677048354 5.379530374820835 0.5981474671526414 0.6026356728696433 3.549070854892876 0.9754619982820931 3.699420141477125e-06 -0.3543333550830565 177.57929748770076 
-142.129144876424 3.0267833132584515e-07 0.9899540533999711 -0.0019919420789493193 0.0008096173646074435 3.0274903784143197 3.313526000575631 8.630069427179476 13.965367639069997 3.3610142939026186 36.5697810287014 4.496334029807624 6.126429734254313 9.101602555293095 14.143318714089531 3.5535302443174217 3.8475247277528384 0.9015285142082077 4.183586136988252 0.9728495642045385 3.0138256106264365e-06 -0.36483525118010074 176.3494951192313 
-136.68201241206185 1.0433053588347177e-07 0.9973921500095312 0.00013419362863510277 -0.00021046031923112907 3.852730766672188 3.8795167030261104 5.479337292245036 12.36623781447841 3.3561702789463754 36.75576985190219 4.4508379650976435 6.08208848724429 11.60563910332164 11.884994069016852 4.696647907897966 3.6559296754780943 0.8675779496857343 2.799399699524125 0.9594188671237533 3.6949444396378657e-06 -0.41656343995509026 175.85144491056315 
-140.92266293174265 2.0003105991266654e-07 0.9875091901840497 0.0005294207660398734 0.006524481552851218 5.245662023993425 4.1171062228164255 7.491340687189581 15.643427189589966 3.2577677176505473 31.495335400064253 4.5531018042332585 6.250239543242822 9.172722483054875 14.3884896362777 3.7615985711709454 0.8353340206783146 0.8928644414159493 2.3353238769955054 0.9514441524127879 3.334433676922637e-06 -0.5345544343013118 177.32830263455412 
-135.5597598549778 4.9329441292301306e-08 0.9811034192890074 -0.0012703002169030153 -0.00016252821538800363 3.309771268716798 3.964770659745415 5.0999378790474 14.104314903861125 3.3147587620115813 36.608087702119576 4.457005418655882 6.096467595931248 11.16882684255794 12.140134783971503 7.578247891358093 2.501779820693464 0.7532691300041028 2.876745909211039 0.9659003785844813 3.794495751127293e-06 -0.533637997882451 176.68561698696703 
-134.62666847361 7.729026302476883e-08 0.994135884917899 -0.0007160964822774442 -0.006020192352974682 3.594003598444356 4.194442597271167 7.657084687365784 17.196026277920925 3.059531047122049 27.31188620276719 4.372916206397352 5.951869867216491 11.104386371750326 12.846185498802837 6.708321712153824 3.3984887233322527 0.41031929167212994 3.1794772780425484 0.9871318906762083 3.5168077786852577e-06 -0.44084962253499366 181.50738728718022 
-136.86396722729268 1.6846856927961902e-07 0.9901339813103259 -0.0011427609928212022 0.0034456688463033406 3.7980077332145687 3.7841561185252224 6.621004630189462 17.286405336984295 3.2761384701070884 34.58997513558405 4.5222213183031315 6.181674515352552 10.382629887140654 12.482678503915125 4.788272096187356 2.3080834909523906 0.8611171739027815 4.355395814961797 0.9825629595842097 3.7562556390660945e-06 -0.4265048562904379 177.86647071690166 
-138.5214786573896 1.890835725759005e-07 0.9894299117134289 -0.0012095585127683804 0.0028810283254275793 4.352478567941781 4.8264115656290025 5.180687980042177 19.562347969796512 3.064520373379219 29.420087600623948 4.524005770202816 6.1751345084369875 10.297753256642693 12.422022350374489 3.522485799340729 1.1647958766281739 0.884918750575729 4.812849109226388 0.9950767788008239 3.6162391508791767e-06 -0.40265004502072604 181.0141109894889 
-137.7824602327925 3.583072143615619e-08 0.9925057508969812 -0.0015932831787045017 -0.004686767247246371 4.519129590169781 4.823495039892185 5.229743077888624 15.287829428787207 3.140581338443912 31.11738597241798 4.398731519602949 5.987275447070837 9.235652458686316 13.924963506011064 3.1409717872360585 3.3683391716891085 0.9732137267217065 3.998421936089626 0.9954060507456642 3.607388561373335e-06 -0.43576017300386855 180.0332963247793 
-134.0829177196143 5.9504087087310435e-08 0.9884167555217769 -0.00024540775851235265 -0.0030032168500518028 3.7170194098669116 4.2026615292966305 5.827643586213028 14.099013021089744 3.2886546476353953 34.426749412570835 4.422894699039723 6.020443162356395 11.78346768197859 10.75255956194978 6.626166809309502 1.0468721543609563 0.996934140479447 4.1448764277586525 0.999363338999462 4.192148763247497e-06 -0.42545652101149417 177.70049082885015 
-132.4466206007652 1.0975105702535282e-07 0.9872557637698748 -0.0007033992420064301 0.00017585213975852016 4.043583542367644 4.534075963177798 5.411554643817108 14.960551753123818 3.221205683408045 33.397941272484225 4.471500006565071 6.102349430605406 10.534418476579193 12.458489882627962 6.172048827605025 3.9579572195044026 0.8026145514082088 4.308160744780111 0.9925612470705637 3.758816340312143e-06 -0.42927327217558736 178.393544788441 
-143.28465779179334 8.123919527229598e-08 0.9996258227641386 -0.0009822370758941477 -0.0015107653560606801 3.5461724942838133 4.348124213422906 5.126689942941832 15.412206982442743 3.2002354862709947 33.59891460335605 4.423716166860501 6.06162131285931 12.079013149665194 11.313817099434795 4.4436763323882404 3.79545867677875 0.8519755154920244 2.616114723835868 0.9602389399243005 3.983796217752715e-06 -0.48447436463345284 178.36857673437197 
-135.1669160599716 1.2449632179001064e-07 1.002618883842986 0.00030882410242588057 0.0033284761260598834 3.9567045976373283 4.226308026756628 6.297778912124031 17.64848172387879 3.123735515830059 31.22041106131492 4.496638271036394 6.1672055537969035 9.862828535950424 13.114443335099185 4.78907828903892 2.756605257172406 0.8969675711719085 4.427450554034732 0.9778680614033054 3.496029817491153e-06 -0.4301625487733552 179.6858699105228 
-133.507719698487 1.869201574620482e-07 0.9942305519212842 -0.0006392886822680854 -0.001555705359535606 4.062556832123675 3.5981527812174194 6.243039026653205 13.195125621862896 3.381634494437534 37.4574555582525 4.456326539192543 6.064170787080943 9.692676028944577 13.53169291577008 5.9935720409999105 2.3335900944576657 0.4084772438652642 4.502208040007185 0.9981286603182183 4.101252244207092e-06 -0.3702971075631086 176.1292035110151 
-130.7532942043967 2.5982237789575227e-07 0.9961092998074595 0.00021638961078902276 0.0008774772143030915 4.343944329689639 4.046666330159161 5.58391710813304 14.590854057843412 3.324832436785704 36.04317772003303 4.475904775726794 6.113262935520533 9.648094840093844 13.616251124349677 3.923151993606282 3.382942632715107 0.8806828219292253 3.6776406395977457 0.9777580856881163 3.6463966033309053e-06 -0.40914209698997567 176.41211766265724 
-138.63471301470116 7.229670348258503e-08 0.983492816139364 0.00037225071216742526 0.0005265802865402027 4.261773658035222 4.195210116009194 6.450393895930651 17.44018142808938 3.1308284883475026 30.89190416656826 4.4778278428346745 6.10803501124288 10.571005307700759 12.492692438400114 7.221859903840007 2.7571380192808554 0.9524928494112042 3.5359466347753727 0.9832801900768963 3.948602067881419e-06 -0.43911805480541427 179.5094015852028 
-138.40842120235723 4.089597650534345e-07 0.9880480841192216 -0.00234934091846901 -0.002869305575090823 4.706503005234977 4.143285418024014 5.537877345569396 15.318174615503871 3.2973779681349193 35.231124470036896 4.4552394289008115 6.03696434665771 9.70328239377673 13.553291092384212 6.04891169357565 3.2564559848394823 0.875106682952862 4.128427424565083 0.9906647336713577 3.301774274052037e-06 -0.32273617245535047 177.54740629880146 
-133.53357937059837 3.8669593702119284e-07 0.9878346453308691 -0.0014034327341177436 -0.0013715939859526877 4.3036658625365005 4.019957286328973 6.305259000293758 13.675230614719107 3.309321992153835 36.00449980653407 4.462641697089624 6.070073718455019 9.713814651678586 13.408539006993504 6.256021987876044 1.2768166174974922 0.7028892006042975 4.299155462218413 0.995092752940477 3.668220270834172e-06 -0.42117199952223977 176.00023355853693 
-135.29965066339065 7.464921477508924e-08 0.9907147214591528 -0.0008944974109745804 0.0017061782868772852 4.010537105425189 4.364355281648839 5.12756472737435 16.19863053912254 3.1701678931689967 31.94203346450666 4.488510110775106 6.140269482877792 10.312569452010893 12.555427744827227 7.045811831361851 1.6388425843775765 0.9959809235030463 3.800630432867313 0.9742504911210108 3.7697334081827145e-06 -0.45347486044061786 180.45316882543003 
-137.4897940797457 -1.6391870573627252e-09 0.9931614429717791 -0.001236496112603798 -0.005982778627886092 4.351802540400953 4.397787965169176 5.3502868736041655 13.570561973772161 3.2730003707669812 33.23123316932199 4.3888734986664355 5.959206276047628 9.77034593705076 13.742234172927809 5.977038580852751 1.3708839434666296 0.7766754042537254 3.154839311459708 0.9855834170219292 3.5130501474771455e-06 -0.3009793709484008 179.14707214152946 
-136.6776508692563 2.2898622242099025e-07 0.9925225924378128 0.00028953716183621503 -0.0027339818263668477 4.14044431343713 4.2066045424186065 5.489082484094479 16.9358339483247 3.2182115536681613 33.65761974737128 4.4335590045350335 6.027793463830574 9.129439040073473 14.401539454175305 4.010738640090499 3.168506543091414 0.8373960993717167 4.044206789852274 0.9842679896570117 3.31749625305504e-06 -0.41124805194390684 179.47754481257394 
-139.44192524277076 -6.048577857983674e-08 0.9872723619657332 -0.0008800171687129066 -0.0017126581827942554 3.7281452023113073 4.471951801341769 5.990468262263894 15.394626141401336 3.1588649128236197 30.685856468176677 4.4439312668783835 6.060165494696901 10.708039660228858 12.373038480864077 3.576100357005308 1.1736692013610008 0.8817619911668158 3.294955545328627 0.984467464003187 3.730159569933306e-06 -0.416663934365132 180.1570739832867 
-140.50944624033573 -1.6628443485031643e-08 0.988648573525393 -0.001559733350449356 -0.003007783058855329 4.289350644492193 4.716996162695983 5.374574860550431 16.55058913845993 3.155737688564925 29.686817804019867 4.444267253122048 6.037326144809149 10.139702716565209 12.822863382150084 6.333839384753184 1.1688538835640996 0.9552528164583147 3.495231195544206 0.9909325833079263 3.536683963147333e-06 -0.34066796484211065 181.39319396314383 
-136.89016932988523 2.5486143065915737e-08 0.9903842779292553 -0.0018424824379188682 -0.0015598999684913644 3.692603227581375 4.369087064562202 5.224704842169658 14.514875444955713 3.2819417837753986 34.88403224203266 4.457235994639914 6.0658284016824915 10.83364995207796 12.266459348542444 3.1087542277648477 3.8926510946123956 0.9163541118032967 3.818271311167884 0.9812144604644455 4.003162627064899e-06 -0.36721618464177047 178.05138019283075 
-139.74268545493942 3.2776510927542316e-07 0.9879489562761845 -0.003557479213353388 0.005267950712135369 5.212962652190841 4.252344040757177 5.280490311472212 13.560097458838719 3.389111545857442 37.678860707484716 4.595197293669857 6.2516405277971145 8.316055454096263 14.526257607386473 5.250852083397733 2.7665171742388153 0.9984891544453302 4.190410599431054 0.9741944236772373 3.546506454752825e-06 -0.2745437016324563 175.14503112402087 
-132.66786692137364 5.3415714274476555e-08 0.993731063480869 -0.0008212421992178419 -0.0061527912778148956 3.858981624158945 4.1497376936786665 6.021887926424471 14.32007023202002 3.2599516939935977 32.93179105848707 4.365817223091737 5.945548468151795 10.42435495572817 12.768006013876692 3.8200291649042746 0.1657632622736825 0.9992802330577519 3.5055957573804224 0.9908517336049021 3.3542910346972895e-06 -0.43583772463334886 178.95120502485076 
-134.57106980410305 3.196742942735196e-07 0.9904776135206186 -0.0002349250571501807 0.001707441231372311 4.330216669789205 4.272574982219756 5.729702374545583 17.247061981315262 3.1851461562259256 32.46040302396451 4.494005498793953 6.133243238377818 9.559940701867491 13.936804607055945 5.745405548127823 3.590411055167441 0.35652919895531093 4.0145240123565324 0.9769565462819251 3.349316849581764e-06 -0.42677488063594743 178.82280271204462 
-137.65456527748293 2.2728549054771886e-07 1.000259202460751 3.5268336473792034e-05 -0.0012008896955959972 4.157109288086677 4.274181152409313 5.492797624605349 16.077616742859547 3.237952786430922 33.46215131035156 4.453260636786433 6.057418539118553 8.656227182861498 14.492751922191543 5.246549578410815 2.6835963732990167 0.9045581244010852 4.654714913304598 0.9939785978052155 3.163920992306544e-06 -0.3822346200174757 179.04730756984682 
-145.30562661201157 1.6325270803525254e-07 1.0013463564880667 0.0006390084686323773 0.0008101090862468365 3.003355163052659 3.644342161031841 5.553848599416075 16.165546678453275 3.34461760581657 37.90119725079806 4.475868928278535 6.10423247183014 10.319996768317285 12.762547895245966 4.710129225960775 0.5135175245905637 0.8522808388585963 4.1898165156358465 0.975130142327878 3.220478809626279e-06 -0.37833796624769384 176.20326540191635 
-137.38114965184803 2.7191268203954944e-07 0.9833194944912752 -0.00020049966691223361 0.0020354258960669975 4.061221749807882 4.53582024218577 5.183960050147609 19.154436001322278 3.1272448108274014 31.9689222144422 4.521523250268218 6.150381695469217 10.025556755656057 12.75433842986185 6.7738444665971125 2.4102345247734807 0.7248150703814927 4.3796079694611025 0.9932021527733511 3.805131292858708e-06 -0.39426968060740825 180.3378360182008 
-134.68427442441 1.1627567455629503e-07 0.9953301643667862 0.0003079582516266626 -0.0025985786484312347 3.716756385998434 4.109211739126648 5.814147603831575 13.170265283811467 3.3062147344727517 34.489069916043654 4.401476360220634 6.020097472165782 11.19592686052512 12.110046391562369 7.2106575031538584 3.1547569480961326 0.9413598244828258 2.6095496587490206 0.969651657963163 3.685246817157913e-06 -0.5040437233585313 177.06305110562593 
-138.7832409712165 9.594419384998416e-08 0.9920164167457395 -0.002707873330504195 -0.0022297287885139857 3.8292527344685885 3.9520847409321616 5.984830706332246 14.448185892124133 3.3051134476001858 37.106277264958045 4.461392429489092 6.058310135925726 10.090944960140988 12.920953281600504 4.9349862608342825 3.5124937041884445 0.8432539143573294 4.398494522142693 0.9991909355385536 3.605333172352675e-06 -0.2993372790298746 176.62243503277708 
-136.0287756348706 2.026913670247582e-08 0.9834590699734901 -0.0023818569149991558 -0.00811043263369635 2.988043954093365 3.68862658895348 5.101274387343865 12.733273419091717 3.3820302005656835 38.5793877443866 4.375901143086656 5.915063525294549 10.652268079821386 12.449396373964728 6.0379435349093455 1.1704637695750082 0.9760716378510935 3.9721322667001644 0.9991108150292765 3.7684058931957716e-06 -0.31180382875615636 176.60538290499343 
-136.55348263757924 1.5098356591250327e-08 0.9904453675640569 -0.0008749470996777473 0.0012825836168023047 4.371415962410447 5.088926544985531 5.157707897873225 18.11961433383764 2.933398817516227 26.391028128506544 4.487450784860342 6.132224923899374 10.145582279093787 12.476608994015237 6.0678917090789275 0.1820655577636724 0.9712266222749655 4.311416189540335 0.9929682344259981 3.7346837965935474e-06 -0.3885522932155637 183.57237219785952 
-137.7824602327925 3.583072143615619e-08 0.9925057508969812 -0.0015932831787045017 -0.004686767247246371 4.519129590169781 4.823495039892185 5.229743077888624 15.287829428787207 3.140581338443912 31.11738597241798 4.398731519602949 5.987275447070837 9.235652458686316 13.924963506011064 3.1409717872360585 3.3683391716891085 0.9732137267217065 3.998421936089626 0.9954060507456642 3.607388561373335e-06 -0.43576017300386855 180.0332963247793 
-137.55977969934588 2.830351353952e-07 0.9953886854760954 -0.002860829384606997 -0.0025670679148763155 3.316529364910719 3.4704765646404945 6.6709356879497275 14.29725232509505 3.3178347513753295 37.56366600221863 4.4432127321609896 6.049284846274249 10.051091620667188 12.972545246647366 5.92896058054346 3.2202176627203474 0.7159401190036109 4.564930333926066 0.9998670688878574 3.382969201546348e-06 -0.35168141036514305 176.71494896624216 
-133.53212398304606 2.017716330925622e-07 0.9897264575572258 -0.002132869451069389 0.0014946552883724016 4.796819013991073 4.577546507587169 5.025970709067851 16.151487048245183 3.258435216465813 34.25952677809918 4.514347564487038 6.140008057058564 9.633733938751968 13.265243661442264 3.94832486342466 2.2808809008695587 0.9499963593834065 4.120426461699851 0.9876650072219225 3.593049182299149e-06 -0.33861141009170065 177.9370518523601 
-140.06224999387354 1.5938534616257242e-07 0.9889001667438697 -0.0008405768145580076 -0.00020439190490825843 4.62558270549706 4.113594261647276 5.683305465698031 14.520010910363363 3.326937296984586 36.05160086903675 4.473032040419159 6.101569477721719 10.951298458272117 12.450912879361393 5.588552842734754 1.4742689700659373 0.4621538477558065 3.794495177920526 0.9885543701540263 4.0002759389257395e-06 -0.38708004136315555 175.61409135920417 
-135.28666290346052 3.120480160113092e-07 0.9957619905747221 -0.0019531133407730415 0.0022558181938439267 5.17946593021049 4.586006144321697 5.5874954212157855 17.490438893273968 3.199971214748102 32.31196327412302 4.532996711038873 6.164443990060823 8.493675022844467 14.709564076004359 5.5800902643376755 0.935531551195298 0.8200969437692021 3.8623917077882686 0.971746035638734 3.7410618502136577e-06 -0.29315294279619625 179.5295850719557 
-136.0254017516374 2.1973372200482263e-07 0.9858469710404961 -0.003122093396651224 -0.000568640961832608 4.276634131143665 4.42479251204127 5.305200175558452 16.965405110836517 3.2029212126770568 33.64691897405656 4.479797657707386 6.097912800654862 10.248128693005206 13.453281293478987 5.435491545265495 1.5894398315562308 0.5271037352614915 3.445446311157073 0.9708420503431002 3.881364370105064e-06 -0.3710221564086301 178.44977126345793 
-135.29965066339065 7.464921477508924e-08 0.9907147214591528 -0.0008944974109745804 0.0017061782868772852 4.010537105425189 4.364355281648839 5.12756472737435 16.19863053912254 3.1701678931689967 31.94203346450666 4.488510110775106 6.140269482877792 10.312569452010893 12.555427744827227 7.045811831361851 1.6388425843775765 0.9959809235030463 3.800630432867313 0.9742504911210108 3.7697334081827145e-06 -0.45347486044061786 180.45316882543003 
-139.2821661760206 2.31027801884904e-07 0.9825773969039925 0.0010247253872501176 -0.004757263889441546 3.896542400622986 4.030962061504974 5.511191484734789 13.975769398402308 3.3384740535916424 35.00414955603504 4.407771717715017 5.971136074230996 11.354792164522406 12.224673605712757 3.784137997968099 3.2583913922214274 0.8132144035788137 3.0860329702536484 0.9837461997448446 4.040129472905554e-06 -0.4011574162300364 177.96158306839664 
-136.03112791208702 4.320515967700866e-08 0.9885261571796996 -0.001761026103879634 0.0007094600666624535 4.26602278378387 4.542529702575783 5.905024512642646 15.973450128437046 3.186890066585896 32.12634972268847 4.484930100377527 6.116569136851349 9.67803941022492 13.341186443588422 6.583444322692321 0.4726772250620977 0.9341369921912538 3.979805294141655 0.982177089311079 3.852303460026081e-06 -0.3925336503140032 178.89152912883526 
-130.2900722667081 1.8566524796074374e-07 0.9888261642284951 -0.001154736555237724 -0.002497515694642103 3.740878155769958 4.185191245941252 5.27661981893817 15.79526128013274 3.262185685880788 34.45304344091841 4.441286508224288 6.040703444076443 9.819412403208014 13.075218545537634 6.821774968535185 3.9927212785591437 0.9163692048267117 4.236432940048494 0.9933638740699889 3.463170366666939e-06 -0.41480302121085033 178.63084137512456 
-143.09448804781124 3.0123870699009044e-07 0.9883296093991547 -0.0007435121287198498 0.001907544870793287 4.267254828288765 4.6094109359412805 5.456241187529658 16.94548186962467 3.1356919884344716 29.62571738080591 4.501098132118553 6.143211227008608 9.672902917882867 14.351004573702589 4.992759104303037 0.9052197591270503 0.6632899572472643 2.965467115837324 0.9529694655433435 3.2656861090719836e-06 -0.4460510067040525 180.7993739806525 
-133.41958077460998 2.3233359194912455e-07 0.9892983864608285 -0.0003288784448992859 0.003212887124581826 4.920276641291934 4.723011023161831 5.054301523658434 16.188246618288552 3.2495908238262983 33.97220372644444 4.537573465805239 6.181734477825421 8.716586669309907 14.880564969306302 4.476041183948716 3.2084851679053017 0.5970408924946494 3.849787087315263 0.9712667764316109 3.6601539732074434e-06 -0.37086708316384304 177.40179594859916 
-135.709177402982 2.1836313334570534e-07 0.9963415038313185 -0.00014569417521495144 -0.0031599169299632987 4.20198120092546 4.382424435012629 5.769575190172344 17.191140797805662 3.1433011100161092 32.17448192995607 4.428295380116186 6.0136003099287585 10.895306971761002 12.708575273298766 5.898549048109778 1.5951702844928581 0.5637649694591319 3.9503779861232005 0.9906970373651761 3.988181494624466e-06 -0.36119108223881025 179.43012782849573 
-138.03070189382876 2.5621362244077636e-07 0.9869039894732351 -0.0015320338100748938 0.002490649174579148 4.8442347220507385 3.8404086365478105 6.979734133016618 18.282480737575334 3.2130309516041766 32.962031892472574 4.546996066164348 6.169248601843486 8.069553789797045 15.561936661401 3.855861938988456 1.1815535373941368 0.37045782084747103 4.1802026889427655 0.9813414502541353 3.192447450585374e-06 -0.2898613404428867 179.06350870342757 
-137.50397932667263 1.7653651949086633e-07 0.9919474082780888 0.0014109962356671742 -0.004180853126746484 4.364995914904576 3.9882426970927685 7.843007626172651 13.811140978576537 3.321886593754691 32.95640523514566 4.4153037693247805 5.988938076654179 11.45450716545678 12.13386634887959 4.918360741917253 0.13169509488155565 0.7065845106879663 3.3917656209260527 0.9869402046830024 3.943091330528386e-06 -0.350146969535254 176.89391974408534 
-137.55977969934588 2.830351353952e-07 0.9953886854760954 -0.002860829384606997 -0.0025670679148763155 3.316529364910719 3.4704765646404945 6.6709356879497275 14.29725232509505 3.3178347513753295 37.56366600221863 4.4432127321609896 6.049284846274249 10.051091620667188 12.972545246647366 5.92896058054346 3.2202176627203474 0.7159401190036109 4.564930333926066 0.9998670688878574 3.382969201546348e-06 -0.35168141036514305 176.71494896624216 
-135.8756859412476 -1.224690178030154e-08 0.9845520192410202 -0.0014637580285034363 -0.0008479025739137754 3.8884430702213333 3.8610325431713455 5.946208420593893 12.867488237229871 3.3792417473004424 36.62798438808189 4.459071730808666 6.085273445556696 10.247342506585763 13.155254153235061 6.27112768667486 2.961317956527756 0.9268792925834128 3.139018334491973 0.9724283909475472 3.5622687354647e-06 -0.39864175509096633 175.70041157964607 
-136.5532360728295 2.8689677344972373e-07 0.9791571936563239 -0.0008717570945925953 -0.0008381570902516061 4.889114628001458 3.9748404260281998 5.403684424146086 15.006924096071241 3.337768602197404 36.49113678806559 4.4941196232801515 6.086637499574838 10.124957937618149 13.408078801446553 4.290778012983959 1.0291894975324016 0.6727260463716651 3.6607089081476305 0.9965354674209809 3.64236899767495e-06 -0.3270339610958507 176.96206216273484 
-135.1669160599716 1.2449632179001064e-07 1.002618883842986 0.00030882410242588057 0.0033284761260598834 3.9567045976373283 4.226308026756628 6.297778912124031 17.64848172387879 3.123735515830059 31.22041106131492 4.496638271036394 6.1672055537969035 9.862828535950424 13.114443335099185 4.78907828903892 2.756605257172406 0.8969675711719085 4.427450554034732 0.9778680614033054 3.496029817491153e-06 -0.4301625487733552 179.6858699105228 
-136.3472281161522 -9.62295466023956e-08 0.9880099368296957 -0.001967040578270427 -0.0014246870749878636 3.7057200886392936 4.695967325174684 5.028784941527913 19.797444887099633 3.0572608858409454 30.10752820699626 4.471027698786035 6.0730398782095945 9.371358398237293 13.540048060472179 4.279249040432329 1.164287207444485 0.9702632180399883 4.574999611791797 0.9983133521369202 3.223360015654489e-06 -0.3713173303972583 182.11580169660218 
-140.79682327807527 1.7139395873984684e-07 0.9907375128171726 -0.0003141686273345418 0.0010619857813519338 3.246900659420585 3.655778623562699 5.328460112201494 16.080564310547178 3.2719085344975944 35.47508763283615 4.460507615362301 6.121483219057222 10.142001840055027 13.175793024632737 6.56882421757963 1.7990542976533477 0.7539810489306653 3.508532534553687 0.9678027858177985 3.406662763097616e-06 -0.4858681232595385 178.44601711458034 
-135.30262735800244 -2.0666737839765227e-08 0.9989246471918708 -5.720397007899661e-05 -0.006695870465813244 3.9063892853523705 4.583620067624096 5.0312411094036085 14.132200213827984 3.258229414003299 33.653772048694925 4.366539611849666 5.932692221556915 10.303283622821873 13.476952285565883 6.2869152249154885 1.5132123058890605 0.42141955316736746 3.3969157630018243 0.999247345507771 4.040967405147966e-06 -0.38514929604943043 178.29128557642383 
-138.7317849928275 1.079334489942328e-07 0.9896261568710227 -0.0015937381689369232 -0.0063949366208039034 3.7805844934905757 4.086055895153034 5.696684159346908 11.468609558157217 3.3351436847720333 36.35105977837713 4.37229239138632 5.944977941922575 11.47455150496469 11.579067767369086 7.887358781139051 0.5886022374605242 0.9938868924232932 3.3777681178413124 0.9902724221776413 4.0440184971241905e-06 -0.4353793402124262 175.34741350896934 
-136.76842592336465 7.969106533116894e-08 0.9910143136102242 -0.0006572496778722602 -0.005819622386476691 4.519164709974336 4.141098654631744 5.362663717153883 12.0850932106516 3.363171679437559 36.352482451709655 4.384764966534259 5.956317870206865 9.825999765261772 13.478937553894742 6.140794217876932 2.9541684619458257 0.7759907914183755 3.2672026341392857 0.9923221497533318 3.8177810976295255e-06 -0.3565687930883111 177.07589769203986 
-139.0815701770379 -7.704101731068078e-08 0.9864491360354916 -0.00031101873994688256 0.0013030638947670134 3.969873750474751 4.179160894189521 5.81269325091678 15.517869668313631 3.2451054264861248 34.44471221078108 4.486123209118313 6.128409834228797 9.510116267238672 13.671474157927872 3.422287521751582 0.8139800960207776 0.9820366823547041 3.5847580991125563 0.9800655354016499 3.557887637865592e-06 -0.4430497428121946 176.92597996427253 
-134.62666847361 7.729026302476883e-08 0.994135884917899 -0.0007160964822774442 -0.006020192352974682 3.594003598444356 4.194442597271167 7.657084687365784 17.196026277920925 3.059531047122049 27.31188620276719 4.372916206397352 5.951869867216491 11.104386371750326 12.846185498802837 6.708321712153824 3.3984887233322527 0.41031929167212994 3.1794772780425484 0.9871318906762083 3.5168077786852577e-06 -0.44084962253499366 181.50738728718022 
-139.03827574337055 8.888768821952546e-09 0.9886933542497096 -0.002402372637112459 -0.0004999731484298682 4.071683171008827 4.108048461792438 5.97909866563554 15.301022582333205 3.2726268141671646 34.216381081946 4.45547954088685 6.09706052834519 9.532029861239872 14.170933939894011 3.3349458434946633 1.150503791371269 0.8789216261564026 2.749743943111885 0.9609848776023713 3.225941692003606e-06 -0.5017189782707875 177.69473267242316 
-135.67314265055145 1.6897739742754285e-07 0.9923217961059354 -3.3425297694079565e-05 0.0004239173067566868 4.448406549383044 4.105657525472504 6.750781304077873 14.844999314770131 3.297742829221031 32.940337248821116 4.476913855329322 6.103526117345139 8.943911119120903 14.362773433358061 4.196170459539289 3.607266462845698 0.9750756006934792 3.5940362788652975 0.9710923382541019 3.354793977212909e-06 -0.44939264262302536 177.74566504387585 
-133.55197245483572 3.866963194211929e-07 0.9878344158545069 -0.0014034315716772976 -0.0013715940157086979 4.303666580983459 4.01996004807637 6.329532493368688 13.675254763402421 3.3093212273623327 36.00442733904374 4.4626463455494765 6.070066112651632 9.713797987615608 13.40853193164772 6.256023342770081 1.2768167960269616 0.7028887768245914 4.299158911435558 0.9950915485297365 3.6682230927338107e-06 -0.42117169499021107 176.00005430849563 
-137.33142422778963 1.403421377760513e-07 0.987283365941548 -0.001321398515552298 0.0006984073634962861 3.2945737216069237 3.676280264774424 6.649554514552404 12.846396994690052 3.331220176518941 36.86500690958535 4.474689856772933 6.12062980200316 9.36545305532334 13.840290079419113 3.1818364349667734 3.4847281418877447 0.9030577736068749 4.085905820410799 0.9803818257833868 3.2734295838629175e-06 -0.4587775352704806 176.17674860246194 
-137.38114965184803 2.7191268203954944e-07 0.9833194944912752 -0.00020049966691223361 0.0020354258960669975 4.061221749807882 4.53582024218577 5.183960050147609 19.154436001322278 3.1272448108274014 31.9689222144422 4.521523250268218 6.150381695469217 10.025556755656057 12.75433842986185 6.7738444665971125 2.4102345247734807 0.7248150703814927 4.3796079694611025 0.9932021527733511 3.805131292858708e-06 -0.39426968060740825 180.3378360182008 
-141.46252745855102 2.426424090406386e-07 0.9875652703345724 -0.00413465974623297 0.0012068997769930669 4.76628636444386 4.99913575025813 5.162570415869554 19.749409802944246 3.010306683606493 28.059986642406844 4.519733552916426 6.151384675126107 9.954598886504252 12.722399970922744 4.553416590267022 0.9940480265487225 0.9912203995756774 4.142676188432192 0.9877323494255283 4.086060700068274e-06 -0.3063188638470743 182.95877858162206 
-134.68427442441 1.1627567455629503e-07 0.9953301643667862 0.0003079582516266626 -0.0025985786484312347 3.716756385998434 4.109211739126648 5.814147603831575 13.170265283811467 3.3062147344727517 34.489069916043654 4.401476360220634 6.020097472165782 11.19592686052512 12.110046391562369 7.2106575031538584 3.1547569480961326 0.9413598244828258 2.6095496587490206 0.969651657963163 3.685246817157913e-06 -0.5040437233585313 177.06305110562593 
-136.63268935078685 1.9471780711009512e-07 0.9965865808019727 -0.0007695313788791462 0.002810537944286775 4.575817675351724 4.222250272087157 5.515632408049123 16.143928832721183 3.2310077662550505 33.11018102237123 4.491683344196457 6.162838184080937 9.482339270617882 13.814536101930758 3.4436937202680054 3.4461530605781796 0.9522106880361746 3.3655541101747777 0.9616315134044966 3.551520602189278e-06 -0.468814933787536 178.85081819661275 
-138.03070189382876 2.5621362244077636e-07 0.9869039894732351 -0.0015320338100748938 0.002490649174579148 4.8442347220507385 3.8404086365478105 6.979734133016618 18.282480737575334 3.2130309516041766 32.962031892472574 4.546996066164348 6.169248601843486 8.069553789797045 15.561936661401 3.855861938988456 1.1815535373941368 0.37045782084747103 4.1802026889427655 0.9813414502541353 3.192447450585374e-06 -0.2898613404428867 179.06350870342757 
-140.53286899245904 -6.900086544039859e-09 0.9863510351031319 -0.0005264994948329427 0.0020686982302717746 4.117063290255706 4.490096709651421 6.770761796693553 19.302745614110286 2.886995459206487 24.915164670896424 4.518849397437904 6.150413109470508 8.692585580355065 13.915280921364387 6.153133326381538 1.3577775896614765 0.999363175469414 5.022781995655172 0.9988796346103116 3.7341747084765093e-06 -0.3388530262761503 184.30406133753314 
-146.94571166985668 3.242906607930708e-07 0.9814966612572967 -0.0013925773441378034 0.0005092570132206087 5.1434560465300825 4.4882666775018185 5.205834569980056 18.371870372932648 3.1316167618295414 32.05940497390347 4.508311356736223 6.117913492833359 9.155871870316192 14.675270211415972 5.56555291490514 1.1884786655454984 0.5763913216220353 2.820110826867792 0.9715027884860243 3.861333754366873e-06 -0.4636150371121264 179.8158933810329 
-140.43830279605194 1.4630845599747516e-07 0.9952386702067028 0.0014439106898771702 -0.003163571095560521 4.631348746293667 4.8846431718256875 5.315858609389713 17.25878151945041 3.1145292778539893 29.591533201271936 4.4256665769800545 6.007041364017864 10.658219038089426 13.04429179523119 6.004702979527994 2.1132030806526054 0.727547155387513 3.4232078333978633 0.9767011724940374 4.21248222676897e-06 -0.39372975657408077 180.9035320069725 
-137.9782984175352 4.2053549278441824e-07 0.9871982463774394 -0.0014673287617352892 -0.00339046805410641 3.2207261268976106 3.329849898642401 6.66975137316266 11.544982718729969 3.421634431797999 38.34571129142116 4.4137156662735775 6.017010478429729 11.160157204963665 12.479958823521606 5.485899771484914 0.30035787649682044 0.5693229297164464 3.927627428773555 0.9969588598593266 3.948514762777301e-06 -0.4465758384234682 175.15834686263344 
-133.88243537252617 1.1813494076788169e-07 0.9821726255047865 -0.0006139479068975364 0.000799263534925571 4.705377264990071 4.328388744947528 5.297671410043838 14.6345888452827 3.3085661137015636 35.60704449096665 4.49360842483996 6.120211893267297 9.54064588324324 13.845346629267858 4.933819209112729 1.866881584285709 0.9122478272334797 3.4489929746043546 0.9741370394725658 3.7094947753632916e-06 -0.43017664943179446 176.424334567901 
-142.36405070501647 4.1128265322765085e-07 0.9893321708456092 -0.0023106727362832737 0.001504136564642852 4.7101638745327365 3.6883935773777887 6.395369301552104 14.552923448951137 3.3780128388722916 37.5022833108508 4.510561404012759 6.146703297610317 10.563593987242495 11.953983665731375 7.003529915544622 1.9064525927274758 0.7063441494484847 4.487577475541636 0.9984644262920467 4.601149587998349e-06 -0.36141464494454234 175.5072886158505 
-141.14704125799463 -3.15869838989899e-08 0.9843624122959796 -0.00018547069628790277 -0.001761277638490108 3.926051653046095 4.485209838776442 5.094631423195495 14.671181414598962 3.2719696193810015 33.36061746596659 4.45347973674116 6.0460992548563235 11.286359577478677 12.26208707962291 4.753797950323102 2.827432947836413 0.82081637705851 2.9459975205829965 0.9730860245926474 3.377625811562075e-06 -0.40940212572769313 178.50443093814513 
-138.44032466926296 7.890939170693994e-08 0.9921742595766471 -0.0015739381093119384 -0.0019490301893993213 3.9425652327597605 4.313280824582965 5.776154700209564 15.853027368672922 3.253499830473657 31.64004882809792 4.448984757614171 6.058448664232413 10.662553374288784 12.135671168344556 6.820613957069917 3.303812362406507 0.6853240600326838 4.4447523074605355 0.9997474662903856 3.823633954797829e-06 -0.3154442447782213 180.29512407246625 
-133.93052885450416 7.116977199028132e-08 0.9996721844898768 0.0005779584163475707 -0.0007609464311756952 3.9061506192943587 4.481202024510703 5.415676720648273 16.514408800103585 3.1612249923970537 31.584675853556515 4.4595340638032575 6.07249827547093 8.838389169784149 14.640144933776304 5.070614243247355 3.233350155766877 0.342349022598676 4.841893682536523 0.9997891729359384 3.4081651015104866e-06 -0.33792583326578896 180.33868248143247 
-136.03518468723047 1.5098353347528186e-08 0.9904443643514619 -0.0008749461954069566 0.0012825829422548366 4.371417440712076 5.088926034980771 5.157704516993502 18.119577876536805 2.9334029728620665 26.3910352209318 4.4874533749064955 6.132214949794206 10.145582412070963 12.541115333789039 6.067892442134149 0.18206560310672334 0.9712273704466692 4.311418041057894 0.9929671624584417 3.734681516179219e-06 -0.3885524538609687 183.5724120390097 
-139.74268545493942 3.2776510927542316e-07 0.9879489562761845 -0.003557479213353388 0.005267950712135369 5.212962652190841 4.252344040757177 5.280490311472212 13.560097458838719 3.389111545857442 37.678860707484716 4.595197293669857 6.2516405277971145 8.316055454096263 14.526257607386473 5.250852083397733 2.7665171742388153 0.9984891544453302 4.190410599431054 0.9741944236772373 3.546506454752825e-06 -0.2745437016324563 175.14503112402087 
-131.58306124123283 2.4016771346914347e-07 0.9914837381084575 -0.0013557418135709957 -0.00012313857652143515 3.846821209188497 4.01180629892451 5.700622695892341 15.1679499996266 3.280430648292735 35.31742178474297 4.465094033552494 6.094016134763493 9.649821734189487 13.439087232862045 6.035230443444528 1.0414241035664011 0.8561809122799325 4.189718743273348 0.9878794516002811 3.451043319397062e-06 -0.4325331461147862 177.55829142776338 
-133.82148560937534 2.699487163435546e-07 0.9894140444388624 -6.139115842826226e-05 0.0036842902136309335 4.788642142357592 4.692933437076105 5.146175589086189 17.81561805697358 3.171138350672662 32.15649424112976 4.534799040556961 6.186614576644867 8.374646916801028 14.931260265610907 5.051568289670166 3.0238578078574463 0.7204436786089403 4.187126304047424 0.980248403073173 3.4783532046670593e-06 -0.4361010467477195 179.4061965510557 
-136.00736503978396 2.1589943333183384e-07 0.9871526846403313 -0.0020683704569932136 0.00024300757437464705 5.080526604949742 4.097726450355513 6.193782440916055 14.635399898883382 3.336931597998803 35.98887049750243 4.496039273730471 6.112597028030847 8.71814363048484 14.736787500395756 3.549537224442472 2.8066627868092224 0.8097216513552732 3.9097631734223306 0.9796109132806892 3.309792714669553e-06 -0.36048925851747193 176.21075720506911 
-141.58663818066495 1.4284957241859743e-07 0.9955082808585229 0.0002816700222473853 -0.004335168638208502 3.717927846899092 3.5234251327643396 7.937823778910518 15.707676658360008 3.304486778503939 35.36617555805164 4.398603192028385 5.986719884297852 11.081367478299612 11.932880191345873 4.302393307423914 3.6778630109480117 0.9924036704766673 2.8945241007722746 0.9824695957133147 3.542478653844596e-06 -0.39409979786386096 176.45919959161495 
-136.01272772564477 1.5802748825823378e-07 0.9902134288963421 -0.0007436232461144376 3.40835173517607e-05 4.056683275280118 4.169697620090481 6.521710117061524 16.872564208284963 3.201071354987398 31.715485135376117 4.483416400435053 6.102623152409832 11.469682793445061 11.542617121463836 6.507696880302664 1.7061686056355907 0.7969162983112068 4.167852427047799 0.9839081162257288 4.0772191995088444e-06 -0.33339912242915215 179.33395099641606 
-136.54694332526446 2.0926863169087308e-07 0.9920339370291307 -0.0012745753076544113 -0.0012844002097355635 5.39869234598354 4.15193495501629 6.146004201354479 15.34609979992449 3.319135356403273 34.63950957441089 4.4649125149877325 6.067849990831763 9.358377974522726 14.154618538569736 3.263419122853592 3.932603635726882 0.9454228746481668 2.759432565132446 0.9699168270304219 3.917184128075566e-06 -0.33685397651549687 176.6142544609114 
-138.8298539801405 4.320563419880654e-07 0.9839995253636173 -0.004919536941277735 7.010477468064802e-05 4.756499655069114 4.18491196356598 5.349018141909534 13.726650132727785 3.3597404054202826 36.28859248297198 4.502741212165047 6.12139873551084 10.540136830070592 14.112233428462215 4.622067090045792 0.6611804662115383 0.20835006171404796 3.3140879677750728 0.9790952471782529 3.7789810109909054e-06 -0.31749353968012456 175.71980880278258 
-143.62659016882316 2.2447848301609417e-07 0.9882418002681347 -0.002184616860482742 -0.0003483146134275858 3.270263445110624 3.5626445273689935 6.620191427881041 14.36916953038365 3.3592852347810163 36.91722951040367 4.4605397682659484 6.096900399974461 11.124214791637177 11.36724176209365 8.379719365624629 3.4517907163763923 0.6277759026594594 4.158978396866704 0.9975462178422156 3.883026986028798e-06 -0.4030232409187107 176.48596930080174 
-136.76752457027914 1.1041605616910808e-07 0.985817738129533 -0.004162262871912516 -0.002978625237385134 3.5165441592225806 4.042026580841449 5.3707609338771185 14.613035150549297 3.3259493317001643 36.4459185724252 4.437322041129725 6.039539739802497 10.509313621812554 12.75009025764917 6.045619144129633 0.7412958666917425 0.8857767656034016 3.800240303421192 0.9807250561143106 3.1765911071591315e-06 -0.41558435149151324 176.99799821522987 
-134.40510731332824 1.3600604818371387e-07 0.9944972251669381 -0.0009251836106594964 -0.002780418474474361 3.2695072569485584 4.233350505155626 5.3091823420415745 16.190490606706316 3.24136193850757 34.586589829361266 4.436659294941004 6.028190071124625 11.062894548010513 11.822238901982693 6.905110251905795 1.6640474074613743 0.8296711306882254 4.373820327009104 0.9986781214389757 3.65709447342948e-06 -0.34547249929810037 178.39412103001195 
-137.08658504393964 3.6003374854120166e-07 0.9867808109287026 -0.002834951881847866 0.0009003488487675902 5.035115470553572 4.5316190448867335 5.4254923418685 14.609895007248848 3.268545226452884 32.755762598898755 4.513264944543139 6.1347219422483175 8.46474464971793 14.70310665430005 3.5647394787923266 3.011621466220981 0.7134757097884387 4.325281481030171 0.9979041085745859 3.543419177083994e-06 -0.31290839741682036 178.9998222385054 
-139.25784259972278 2.7738067349126266e-07 0.9938844810547451 -0.0016865842990951552 -0.0003445763790082758 3.9920083765012304 4.270553677606203 5.170838350081009 13.905734087282733 3.274499548586881 34.29377506501462 4.460101742513092 6.090692235391021 10.618770372622688 12.739716472628512 6.9935121817653005 2.886509104734765 0.6473990519251648 3.6157205439173823 0.972641090593456 4.035414372853525e-06 -0.3864316184296131 177.34747480862774 
-132.20541861056523 1.2434847203879296e-07 0.9879278931235448 -0.0004028614785130779 -0.0009947244941137725 4.060190014839706 4.486196753555232 5.148589704259191 15.15732742089563 3.223097382371594 33.22110376588625 4.456838585427844 6.073093044557456 11.115121820863544 12.553674355426637 5.179756645389162 3.4616171290650413 0.6464022387836175 3.58570665801046 0.9768446798673751 3.932288933679904e-06 -0.4356207387771948 178.55352637993352 
-136.16136060062735 2.6661288369754355e-07 0.9912454714355391 -0.0002613626656501936 -0.0016764227632319311 4.590788415155323 4.248908483412889 6.806748311328364 17.46482924742328 3.0784623956311705 29.811524216337908 4.463353767376566 6.057948181576766 8.931985490707321 14.792695802676645 4.4701532894553395 2.1651588842932843 0.5505277855477392 4.035019531338136 0.995355137541578 3.5334964970434515e-06 -0.38727924737432806 180.79326061488203 
-133.6217501468568 -5.278745404474207e-08 0.9849920359686306 -0.00014139068454463143 -0.0030409077955356623 3.8921179656773295 4.293531669317036 6.316669805074831 15.641568377381798 3.2141805266655585 31.38916118208483 4.424935592021239 6.023251508444229 11.10790606789627 11.745505169562737 7.481431293518507 1.4050469119488744 0.8839173450897433 3.871808023709891 0.9947726789773713 3.7829967330580183e-06 -0.43362708672886086 179.21435731121963 
-142.94012883142221 3.799827617398562e-07 1.0008551541939206 -0.0006502807278085811 0.002695173739499613 4.926155805587501 4.083592821292929 6.717137074835027 19.01549134470665 3.0899547836829813 31.284202967991348 4.512913246828391 6.162045407425674 8.218062342177243 15.190928344682884 4.815381373008034 2.6419185015582247 0.8190813919325329 4.023108647834775 0.9707288588894774 3.3645578751173676e-06 -0.3786180279414673 180.60477089536923 
-140.50944624033573 -1.6628443485031643e-08 0.988648573525393 -0.001559733350449356 -0.003007783058855329 4.289350644492193 4.716996162695983 5.374574860550431 16.55058913845993 3.155737688564925 29.686817804019867 4.444267253122048 6.037326144809149 10.139702716565209 12.822863382150084 6.333839384753184 1.1688538835640996 0.9552528164583147 3.495231195544206 0.9909325833079263 3.536683963147333e-06 -0.34066796484211065 181.39319396314383 
-134.2874756884788 2.565328864355276e-07 0.990894098393971 -0.001588906765589304 -0.0020233502570768647 4.857728794435775 4.66283704916179 5.7756518752133506 19.173180573772513 2.9719166481377126 27.712182227854576 4.459143048818518 6.0553943776334 8.803743492141914 14.315047713359748 5.3915158686145395 3.8900507020738786 0.8379675023216928 4.204913334059382 0.9990191575555891 3.635079988175157e-06 -0.3346731309329838 183.74423365310875 
-137.7667840474258 1.3444744956407283e-07 0.986767519718798 -0.00020041484401619425 0.0022162117108761284 4.971954587609352 3.807129417880069 5.020099211312615 12.974144219770173 3.435098357900784 39.86848125840371 4.502155218616197 6.148017592633571 9.923706569046557 13.115468935966405 3.483287017013114 1.0919746625768882 0.9949912086465755 2.7571869866561536 0.974071712745327 3.580755895144195e-06 -0.4607999532076492 173.88997603585983 
-132.66808637882156 5.341569898024981e-08 0.9937309147818933 -0.0008212433232574685 -0.006152780348029075 3.8589844093258305 4.149739927271542 6.021870679027556 14.320053347747415 3.2599576577710763 32.931800648336115 4.36581661969175 5.945549801630615 10.424346002828047 12.768001771819547 3.9861840908175243 0.16576343261566634 0.999280022820388 3.5055920190832426 0.9908504378542287 3.3542904069738663e-06 -0.4358364161746752 178.95125705542065 
-138.63336340187516 2.443661625251496e-07 0.9862767167386554 0.00014742201830254673 -0.0073997793103767195 4.2067904878646925 3.9245203006663623 5.1124240378638 15.34205637520726 3.296637923024269 35.66057963673279 4.387198753977247 5.917291717158157 9.930564343968411 13.245784461198891 4.731595830344485 3.470816364970168 0.9840077131777707 3.544740674010456 0.9996098441643431 3.5966979696890435e-06 -0.3407483147778255 178.6148332729095 
-135.1669160599716 1.2449632179001064e-07 1.002618883842986 0.00030882410242588057 0.0033284761260598834 3.9567045976373283 4.226308026756628 6.297778912124031 17.64848172387879 3.123735515830059 31.22041106131492 4.496638271036394 6.1672055537969035 9.862828535950424 13.114443335099185 4.78907828903892 2.756605257172406 0.8969675711719085 4.427450554034732 0.9778680614033054 3.496029817491153e-06 -0.4301625487733552 179.6858699105228 
-136.3472281161522 -9.62295466023956e-08 0.9880099368296957 -0.001967040578270427 -0.0014246870749878636 3.7057200886392936 4.695967325174684 5.028784941527913 19.797444887099633 3.0572608858409454 30.10752820699626 4.471027698786035 6.0730398782095945 9.371358398237293 13.540048060472179 4.279249040432329 1.164287207444485 0.9702632180399883 4.574999611791797 0.9983133521369202 3.223360015654489e-06 -0.3713173303972583 182.11580169660218 
-138.73093162034866 1.762202167267744e-07 0.990183565062245 -0.004741469493333282 -0.003803341109116297 3.936387045696592 4.757062633688154 5.181214615527886 17.68625897484539 3.1256681304491782 30.324775382238347 4.426227278472551 6.022748776985273 10.331901718688123 13.139687028576663 3.9272882617654 2.343461302759483 0.8957111432948669 3.434116285742775 0.9753064616977802 3.81089423899553e-06 -0.37718739369221815 181.15071197072643 
-147.6371358968157 3.2429107427675825e-07 0.9814980858141896 -0.0008821870536076153 0.000509256398738153 5.143449498745165 4.488265762139805 5.2058278098351645 18.371852679044288 3.1316154982671387 32.05939001457673 4.508307496335118 6.11790648090811 9.155866398586875 14.67525484884959 5.565559527966066 1.188480712345011 0.576391498973315 2.820107019019178 0.971502693216245 3.8613362604537865e-06 -0.4636160431529273 179.8160966894982 
-130.7532942043967 2.5982237789575227e-07 0.9961092998074595 0.00021638961078902276 0.0008774772143030915 4.343944329689639 4.046666330159161 5.58391710813304 14.590854057843412 3.324832436785704 36.04317772003303 4.475904775726794 6.113262935520533 9.648094840093844 13.616251124349677 3.923151993606282 3.382942632715107 0.8806828219292253 3.6776406395977457 0.9777580856881163 3.6463966033309053e-06 -0.40914209698997567 176.41211766265724 
-135.709177402982 2.1836313334570534e-07 0.9963415038313185 -0.00014569417521495144 -0.0031599169299632987 4.20198120092546 4.382424435012629 5.769575190172344 17.191140797805662 3.1433011100161092 32.17448192995607 4.428295380116186 6.0136003099287585 10.895306971761002 12.708575273298766 5.898549048109778 1.5951702844928581 0.5637649694591319 3.9503779861232005 0.9906970373651761 3.988181494624466e-06 -0.36119108223881025 179.43012782849573 
-145.93951703142497 2.7530433601088616e-07 0.9809466605835304 -0.0005677202912224709 -0.006335190058243897 4.692440845790358 3.218148992484771 6.876294528355964 10.200218801993369 3.4697114383079235 41.03982390435872 4.408237462048401 5.946247016935089 9.613854209010045 14.411084372631032 4.71690349837333 2.291665954908662 0.7752317581880068 2.2664613476355835 0.9985911098765523 3.528396387905029e-06 -0.30070454137097774 173.24982458228544 
-136.0287756348706 2.026913670247582e-08 0.9834590699734901 -0.0023818569149991558 -0.00811043263369635 2.988043954093365 3.68862658895348 5.101274387343865 12.733273419091717 3.3820302005656835 38.5793877443866 4.375901143086656 5.915063525294549 10.652268079821386 12.449396373964728 6.0379435349093455 1.1704637695750082 0.9760716378510935 3.9721322667001644 0.9991108150292765 3.7684058931957716e-06 -0.31180382875615636 176.60538290499343 
-135.08838179271117 2.1257129494464257e-07 0.9812088193967728 -0.00041241170389044474 -0.00014499921597396732 4.7701587530585385 4.729756625970815 5.089999762664736 15.808502929589652 3.2584938026245767 33.196666538756254 4.489556846958029 6.099275895264415 10.136825377050036 13.007114197296385 6.498729615231141 2.368720879303047 0.7101322135346918 3.7117249243642703 0.9850970831431777 3.6871491074540755e-06 -0.3534593517264147 178.23462960115808 
-138.0931921372799 4.222945004059923e-07 0.9941586431047524 -0.0015899960281812399 0.002934108828351262 5.694545202829421 4.316864134642529 6.657486974045283 16.45692942914896 3.2659279782131803 32.96715385905064 4.545601152367969 6.177596218757371 8.67106961999247 14.842095331812601 3.5683177331808147 3.954508540846782 0.6385618328265674 3.6386164080884327 0.9716494695240274 3.2719134692476974e-06 -0.27496539380061324 177.87665830640893 
-137.3904249175064 1.5469108217421138e-08 0.9907109218076804 -0.0018842847222559794 -0.0016315808602133863 3.6810561588376194 4.375158343270778 5.219309480304091 14.469472904487395 3.282941399573293 34.8667688431753 4.455636373195968 6.064097312233188 10.856109907362946 12.238900231212474 3.0819765788642943 3.9099469746602087 0.9187481838011484 3.8121656268516686 0.9810871758906404 4.015804926751438e-06 -0.3661963869872039 178.06372275643056 
-136.97383582109617 1.11178598074486e-07 0.9960748679410432 0.0002630872626362833 -0.004749818246964545 3.1648233031373034 4.667426180343221 5.033267309635599 14.819964524475694 3.1808723376092436 31.538150179111877 4.39056537755282 5.972473576011663 10.352536473303633 12.568849084153399 7.456200359341639 3.146988960061035 0.9777074047039184 4.246361911913297 0.9951205240004166 3.6489115412906176e-06 -0.37458623150101755 180.2931476475346 
-133.81654806360655 1.9235317025265924e-07 0.9872633104610598 -0.0018817851258237774 -0.0012570190765850838 4.446673032525532 4.057000895281516 5.918301346542973 13.32670019875596 3.3300861333435154 35.604694314718635 4.4789768267436605 6.076341232668346 9.170740478567275 14.468590974192173 5.084812533416976 2.4805860455200546 0.320482952987513 4.188173433089912 0.9938215167376157 3.557765128493397e-06 -0.28433372827893183 177.24022094733837 
-137.08658504393964 3.6003374854120166e-07 0.9867808109287026 -0.002834951881847866 0.0009003488487675902 5.035115470553572 4.5316190448867335 5.4254923418685 14.609895007248848 3.268545226452884 32.755762598898755 4.513264944543139 6.1347219422483175 8.46474464971793 14.70310665430005 3.5647394787923266 3.011621466220981 0.7134757097884387 4.325281481030171 0.9979041085745859 3.543419177083994e-06 -0.31290839741682036 178.9998222385054 
-139.06282240166078 1.7762082325641637e-07 0.9922568190762805 -0.0005388594696311546 -0.001211523751316914 3.481008602792935 3.750242987641988 7.304064979945626 14.865484567201234 3.300391448921866 35.94805428276563 4.45124620016717 6.068077087579114 11.524165083385167 11.569483379881149 3.2579199145746944 2.900264508717624 0.9012979861831776 3.8299434395771024 0.9835359245999389 4.009173808660231e-06 -0.4308068981277817 176.16967572693179 
-145.30562661201157 1.6325270803525254e-07 1.0013463564880667 0.0006390084686323773 0.0008101090862468365 3.003355163052659 3.644342161031841 5.553848599416075 16.165546678453275 3.34461760581657 37.90119725079806 4.475868928278535 6.10423247183014 10.319996768317285 12.762547895245966 4.710129225960775 0.5135175245905637 0.8522808388585963 4.1898165156358465 0.975130142327878 3.220478809626279e-06 -0.37833796624769384 176.20326540191635 
-129.73194138131828 1.8566544023920954e-07 0.9888260687607862 -0.001154735049225043 -0.0024975155884142787 3.7408734275735793 4.1851885149864225 5.276610929755449 15.795256999069702 3.2621878860112865 34.45301062296677 4.441288889831553 6.040695522914382 9.819419448390839 13.07522752793683 6.82176918547325 3.9927217579845444 0.9163683352882587 4.236431285206045 0.9933650487780814 3.463173685666601e-06 -0.40370834497512686 178.6311323359019 
-137.38114965184803 2.7191268203954944e-07 0.9833194944912752 -0.00020049966691223361 0.0020354258960669975 4.061221749807882 4.53582024218577 5.183960050147609 19.154436001322278 3.1272448108274014 31.9689222144422 4.521523250268218 6.150381695469217 10.025556755656057 12.75433842986185 6.7738444665971125 2.4102345247734807 0.7248150703814927 4.3796079694611025 0.9932021527733511 3.805131292858708e-06 -0.39426968060740825 180.3378360182008 
-136.7361120079206 1.6055345940232476e-07 0.9934321872074275 -0.0017998454726797595 -0.004440182774804624 4.895672941977236 4.351615739169444 5.361420589132602 12.784703100106228 3.351512477968632 36.493578642315605 4.416229080574968 5.995999869321998 9.933592753526796 13.855637494386837 5.479551161408286 1.1208195896585478 0.7179410853648127 2.529554210593867 0.975405490627866 3.7436011282900896e-06 -0.29882383355972086 175.7335109175079 
-137.25305564076564 3.328776111989453e-08 0.9861892873185916 -0.0016847632707386471 -0.001347449148629072 3.739879525686981 3.940981732041217 6.753171736366198 16.00176388711683 3.2021055070290654 31.28867884071374 4.435526914453854 6.070805060381014 11.160359500577256 11.825150824750024 7.14562039976666 1.2439607303312827 0.9582905980281277 3.184123286474412 0.9807025997475896 3.978071580009933e-06 -0.5213716288897254 179.81995521731108 
-136.0287756348706 2.026913670247582e-08 0.9834590699734901 -0.0023818569149991558 -0.00811043263369635 2.988043954093365 3.68862658895348 5.101274387343865 12.733273419091717 3.3820302005656835 38.5793877443866 4.375901143086656 5.915063525294549 10.652268079821386 12.449396373964728 6.0379435349093455 1.1704637695750082 0.9760716378510935 3.9721322667001644 0.9991108150292765 3.7684058931957716e-06 -0.31180382875615636 176.60538290499343 
-135.46429120681213 4.932941625408134e-08 0.9811047729401434 -0.0012098700289210997 -0.00016252805422613424 3.3097707853597567 3.9647728990193727 5.0999352468943435 14.104331202054986 3.314760299227469 36.60809808227597 4.457001976479575 6.096468940111663 11.168821276641339 12.14011930782481 7.578263038669743 2.50178171488561 0.7532695762609307 2.8767423094654445 0.9659004130395321 3.7945008885001985e-06 -0.5336379213719078 176.68543654486555 
-135.417655468808 1.9036463412096355e-07 0.9918685690103796 -0.0007662379242675967 0.001016527784235648 4.727912134028309 4.377771400868447 6.495891197298094 18.94452199483366 3.081929670553383 30.00617464089022 4.491561384255797 6.121249435967023 10.164740135024921 12.907893902749203 5.616638883156827 1.8160571293352024 0.9338674403344467 3.3593534762540824 0.9771582537398896 3.661833574873126e-06 -0.4109276338044737 180.32282953684873 
-135.0597318081989 5.55769905276705e-08 0.9943602074485142 -0.0003829131893610826 0.0001651538159999033 4.222634417348616 4.390055777095955 6.338081896111895 17.989258280019804 3.024623900732183 27.7040026141083 4.481892346368889 6.098844836288433 9.136145670418689 13.827837331430093 3.9751621880994144 2.4927339941411635 0.867233862142821 4.633669309587632 0.9960431656757092 3.739308273994721e-06 -0.3785542427830698 182.79655694635528 
-136.5532360728295 2.8689677344972373e-07 0.9791571936563239 -0.0008717570945925953 -0.0008381570902516061 4.889114628001458 3.9748404260281998 5.403684424146086 15.006924096071241 3.337768602197404 36.49113678806559 4.4941196232801515 6.086637499574838 10.124957937618149 13.408078801446553 4.290778012983959 1.0291894975324016 0.6727260463716651 3.6607089081476305 0.9965354674209809 3.64236899767495e-06 -0.3270339610958507 176.96206216273484 
-134.68319539630784 2.833729834244985e-07 0.9906353340988188 -7.130294860835772e-05 -0.0008289156886030107 4.204382959756322 4.082713686285431 5.318281136723854 14.725767238716049 3.2973513283077533 36.03494186950414 4.46720291225125 6.071839233611983 10.947768344020178 12.919045948763971 5.496804739703995 3.7795877208269055 0.28789346397732013 3.895070805146546 0.9862525216247948 3.6111511009536247e-06 -0.38332787812793506 177.04685008841992 
-136.10547809294846 2.3036343488866596e-07 0.9858483082471172 -0.0031220880419366025 -0.0005686412010172653 4.276628213404836 4.42479000794207 5.3052083038133135 16.965374031259696 3.2029208483668503 33.64696214667067 4.479796243477507 6.097901499388356 10.248112937614815 13.453286170051308 5.435489032325737 2.8035132539173073 0.5271018805463822 3.445441020101247 0.9708418527521112 3.881359885712739e-06 -0.3710213237378831 178.4498592573844 
-135.29965066339065 7.464921477508924e-08 0.9907147214591528 -0.0008944974109745804 0.0017061782868772852 4.010537105425189 4.364355281648839 5.12756472737435 16.19863053912254 3.1701678931689967 31.94203346450666 4.488510110775106 6.140269482877792 10.312569452010893 12.555427744827227 7.045811831361851 1.6388425843775765 0.9959809235030463 3.800630432867313 0.9742504911210108 3.7697334081827145e-06 -0.45347486044061786 180.45316882543003 
-137.97861485802196 4.2053596472767547e-07 0.987196397115509 -0.001467330794276905 -0.0033904636558904494 3.220724510716921 3.3298511548663265 6.669746000765225 11.54497207003309 3.421634011128019 38.345696544489414 4.413726278468037 6.0170084650197175 11.160135856280274 12.479961013716538 5.485891140871338 0.675751376004066 0.5693236982302606 3.9276321742216034 0.9969588339439328 3.948515381731089e-06 -0.44657555195055565 175.1583907572874 
-141.4989919579565 1.3360936924608452e-07 0.9955074432317668 0.00028166968267856094 -0.004335165325550117 3.7179256730055847 3.5234289678255735 7.9378260407941195 15.707689126199924 3.304495556362092 35.366182343714904 4.398599960398793 5.986723074618722 11.081369538230035 11.932888871819097 4.302394179126517 3.677866813880639 0.9924030342670641 2.89452143743378 0.9824690928152073 3.5424825999464387e-06 -0.3940995817449436 176.45914693034507 
-138.70459955504117 2.48498021314814e-07 0.9911234434179496 0.00030342493166860327 -0.0048133851690212465 4.231522494372872 3.540108069729424 5.792114830365988 11.810960264042935 3.4088801216895677 39.36636560262198 4.391790574013402 5.970559805005624 11.175913445585257 12.328565703312199 3.4838488326142154 2.098700558715085 0.8109739757214334 3.758248653574932 0.9940087617074211 4.2762836787697195e-06 -0.45762201795811247 174.4694304672535 
-140.7876276746488 1.708439160537053e-07 0.9948400424758005 0.0003069689335515747 -0.0013371919081373823 2.6650352244640207 3.9858918578105214 5.445490966719894 14.57779584574207 3.287749885390391 34.98414149922156 4.423262170662787 6.059058875087039 10.978222827969663 12.216743863578237 7.231879575404779 1.3491994194387957 0.48181272080067306 3.9410768831805543 0.9775674459197736 3.243478912256096e-06 -0.48665186085244044 177.03463119400465 
-143.09448804781124 3.0123870699009044e-07 0.9883296093991547 -0.0007435121287198498 0.001907544870793287 4.267254828288765 4.6094109359412805 5.456241187529658 16.94548186962467 3.1356919884344716 29.62571738080591 4.501098132118553 6.143211227008608 9.672902917882867 14.351004573702589 4.992759104303037 0.9052197591270503 0.6632899572472643 2.965467115837324 0.9529694655433435 3.2656861090719836e-06 -0.4460510067040525 180.7993739806525 
-136.4783071190103 1.8191201740053412e-07 0.9878877980740578 -0.0003798389008020739 -0.0008355428982639327 3.658546281749402 3.6250245992102244 5.83715654027989 13.146830540225237 3.3712145688261184 38.739472060436306 4.478468105822561 6.078156243389087 10.401391377376571 13.314582541836694 3.7860593929213797 1.9758793095082798 0.5408962453062903 4.623428603709288 0.991942988221932 3.84730427694805e-06 -0.3451608846420976 175.5052985386188 
-133.9903098803936 1.181349100149025e-07 0.9821728929359015 -0.0006139479978843423 0.000799264302114189 4.705372691673322 4.328385616800769 5.297670855417089 14.634599873662799 3.3085643788101557 35.53045867825839 4.493605496896871 6.120211548236256 9.54065283920843 13.845319755437115 4.933812580177137 1.866881933389932 0.912248572256366 3.448994755070653 0.9741369982202642 3.7094911328433537e-06 -0.43017627560462407 176.42441297247362 
-137.57965199902117 2.0537325635854174e-07 0.9854146917676199 -0.004106928916981618 -0.0012327717731209218 4.468570251106681 4.066940729383951 6.123202761394501 14.298589746896974 3.285020805269829 33.93151783744885 4.458928460139211 6.085995617250149 10.564717928491657 12.946554991873638 4.1090263517154835 0.2605412002329996 0.7631471662461285 3.354973203088932 0.975594890855596 3.365605220016739e-06 -0.38049015181049345 178.06751047569603 
