# intensity: 0.993225468883673
# background: 3.68831122435298e-06
#           Q (1/A)             dQ (1/A)                    R                   dR               theory              fresnel
 0.00778725952544488 8.27417802534105e-05        0.47215511033       0.013655666465    0.473942502285354    0.993229157194898
 0.00778725952544488 8.28343855992734e-05        0.47409195817        0.01506367361     0.47393820834447    0.993229157194898
 0.00828731689151852 8.84561985313096e-05        0.43231267528      0.0094059099996     0.44877014752559    0.993229157194898
 0.00878737392955158 9.48750587499876e-05         0.4117909705      0.0079844426887    0.420446702093279    0.993229157194897
 0.00928743061964407  0.00010075363155415        0.38148368959      0.0078326446409    0.392923290073183    0.993229157194898
 0.00978748694159597 0.000107189209622262        0.36069614689      0.0083547896605    0.366268603917331    0.993229157194898
  0.0102868109559499 0.000113010525815982        0.33189077252      0.0061556497067    0.340580701730662    0.993229157194898
  0.0107839427729309 0.000119407676106874         0.3100443328      0.0052306560235    0.315982369073372    0.942334361024523
  0.0112876535058081 0.000125071409670247         0.2895290972      0.0051585745389    0.292097726474411    0.486720245431296
  0.0117877088127979 0.000131600596961015        0.26655861334      0.0054337883761    0.269458981106296    0.252559775574402
  0.0122877623462465 0.000137320247814282        0.24957499434       0.004195076356    0.247916967249412    0.159661617419113
  0.0127870869278367 0.000143656425546924        0.22580066046      0.0035085647774    0.227519818786225     0.11248863832933
  0.0132871391501915 0.000149808305342944        0.20962199021      0.0034679182448    0.208216721992532   0.0836845260383835
  0.0137879225633496 0.000155900154096952        0.19018290039      0.0035792490746    0.190012598026004   0.0645083878189898
  0.0142879740326356 0.000162210510370097        0.17440958109      0.0027214288208    0.172953115046115   0.0510588768567896
  0.0147880262433816 0.000168198755685013        0.15694609713      0.0023446140635    0.156994808075686    0.041231972204084
  0.0152858842994445  0.00017463034972448        0.14284874954      0.0025342214218    0.142179370916324   0.0338662477401317
  0.0157837404488921 0.000180344546732704         0.1317091842       0.002562302057    0.128406902826186   0.0281871937686884
  0.0162881766683741 0.000186602175361852        0.11708317053      0.0020261958252    0.115481737365601   0.0236720920168116
  0.0167882264179574 0.000192451644559108        0.10439105063      0.0017795258093    0.103652609415523   0.0201039399634775
  0.0172860819467091 0.000199064335078796       0.094615123463       0.001704123352   0.0928107611377665   0.0172310794371081
  0.0177861290431731 0.000204775809422182       0.085389622779      0.0016787025919    0.082815501733045   0.0148690135094718
  0.0182861767430971  0.00021132740517987       0.073709455128      0.0013435023319   0.0736721996590533   0.0129166562811961
  0.0187873218101823 0.000217272548687204       0.065347816558      0.0011958859304   0.0653160470115072   0.0112846027617798
  0.0192884608817605 0.000223638840850477       0.059729382739      0.0011447615322   0.0577210325139529  0.00991252240485752
   0.019786312805623  0.00022940843530664       0.051861612019      0.0010894075184   0.0508825908418133  0.00875749340869937
   0.020286357491384 0.000235631156916838       0.046308355313       0.000920416102   0.0446771450654216  0.00776789527752376
  0.0207842078390538 0.000241878998060587       0.037776391001     0.00077851579665   0.0391135872381518  0.00692234532870776
  0.0212886366568703 0.000248024152628263       0.033053895181     0.00071761086381   0.0340561038420876   0.0061834022689596
  0.0217886788700459  0.00025393026967337       0.030220375856     0.00069346507958   0.0295741604566497  0.00554844231544201
  0.0222865253900179 0.000260064559290788       0.025355990525     0.00058634951757   0.0255975157042253  0.00499758115695286
  0.0227865645550738 0.000266374240936359       0.022090870008     0.00052423602565   0.0220509859616309   0.0045133093277325
  0.0232866028175888  0.00027214460199636       0.018283073103     0.00046954781064   0.0189147577352627  0.00408780597926262
  0.0237888362843381 0.000278710816339266       0.015971318631     0.00043998501821   0.0161413231003006  0.00371096417561801
  0.0242866791719981 0.000284544115398774       0.013917801169     0.00038861094647   0.0137343515671887  0.00338071911297717
  0.0247878121168146 0.000291004536280351       0.011754392225     0.00024397308059   0.0117099149050531  0.00309533977919382
  0.0271870924549273 0.000320172708785159      0.0048120757579     0.00019197120461  0.00502859385219318  0.00206710921772837
  0.0295852555996946 0.000350142931747096      0.0019271099432     0.00011144230712  0.00201399416581836  0.00143105438756566
  0.0319855823064129 0.000379225095738283     0.00090301928141      7.147455918e-05  0.00100956278427724  0.00102429665006577
  0.0343858795170568 0.000408543643749597     0.00092538056742     6.6807086265e-05 0.000906122012581633 0.000753868865187389
  0.0367872435109949 0.000438232951055662      0.0010998513431     6.6855242121e-05  0.00107866856887242 0.000567962945292259
  0.0391863779571128 0.000467642604963081       0.001287309484     6.6680727306e-05  0.00122461168437066 0.000436719450835783
  0.0415854793019741 0.000497250502783441      0.0012573386611     6.1193364065e-05  0.00123861457432771 0.000341739003806528
  0.0439867334028408 0.000526492205601815      0.0011863283054     5.5829897875e-05  0.00112151346982533 0.000271512613370588
  0.0463857567173512 0.000556419457847377     0.00097224715208     4.7247013405e-05  0.00092068379806444 0.000218743128838331
  0.0487869283362161 0.000585629748061547     0.00063119062598     3.6186107146e-05   0.0006920855285861 0.000178378192143793
  0.0511880606341731 0.000615405426700201     0.00047959025829     2.9941568092e-05 0.000481545096104424 0.000147093407180257
  0.0535891409652006  0.00064441471028384     0.00029145264802      2.271672928e-05 0.000316425862450546  0.00012253422093424
  0.0559879819121455 0.000674050002966636     0.00024009855592     1.9775405199e-05 0.000206061727570643 0.000103049683399986
  0.0583889622321415  0.00070371480732622     0.00010813506263      1.363164381e-05 0.000145617857928256 8.73993760878344e-05
  0.0607876988826909 0.000732845723056693     0.00013942775665     1.4247407477e-05 0.000122494538733877 7.47319882264103e-05
  0.0631885704316386 0.000762915552479865     0.00013031482242      1.321993013e-05   0.0001212189722673 6.43711050512005e-05
  0.0655871940337747 0.000791895700673188     0.00014878722126     1.3321128824e-05  0.00012774761239305 5.58437169368395e-05
  0.0679879480496555  0.00082173757392601     0.00012118052747     1.1633771434e-05 0.000131894810744779 4.87610602377846e-05
   0.070388645211597 0.000850849335061744     0.00011297211375     1.0714535918e-05 0.000128217827381232 4.28435090437547e-05
  0.0727892728745695 0.000880657933302611     0.00012667433099     1.0765532309e-05 0.000115730092909659 3.78682201403603e-05
  0.0751876440599987 0.000910109005598101     0.00010391822281      9.749086993e-06 9.67864277650373e-05  3.3663851801238e-05
  0.0775881366658633 0.000939306096915188     6.8845075439e-05     8.0385377785e-06 7.54800387993209e-05 3.00848306214818e-05
  0.0799885584247544 0.000968896743065372     5.6566726689e-05     7.2562027589e-06 5.62248541531856e-05 2.70253827171762e-05
  0.0823867173285517  0.00099818565819549     3.9851933104e-05     6.4255806192e-06 4.24512979185759e-05 2.43996716013316e-05
   0.084788092546466  0.00102789410332025     4.6330064055e-05     6.5786833945e-06 3.58077519731002e-05 2.21308717429118e-05
  0.0871871922570729  0.00105705663017615     3.3321796273e-05     5.7125648324e-06 3.60327186140571e-05  2.0166567709883e-05
  0.0895884037131571  0.00108709157691498        4.3642929e-05      5.806356889e-06 4.11944262506509e-05   1.845597599081e-05
  0.0919873487376041  0.00111590625356741     4.1135157904e-05     5.6422201497e-06 4.83761208930637e-05 1.69632734956742e-05
  0.0943872994703485  0.00114589716350676     5.5477784869e-05     6.0300092186e-06 5.45543922725423e-05 1.56542812142573e-05
  0.0967871640160748  0.00117501579907774     5.6313747673e-05     5.6953349742e-06 5.73576501862674e-05 1.45029441931612e-05
   0.099188037868466  0.00120432788202599     5.6831289023e-05     5.3987412744e-06 5.56214347915418e-05 1.34865794073776e-05
      0.101588820215  0.00123424665336573     5.0515863054e-05     5.0767113162e-06 4.95659139490075e-05 1.25870315886924e-05
   0.103988412964807  0.00126326601391611     3.5459002031e-05     4.6847359014e-06 4.06041062897138e-05 1.17888526080484e-05
   0.106387910769566  0.00129310962677313      3.013874202e-05     4.3189188698e-06 3.08290981926175e-05 1.10783676512953e-05
   0.108789505597361  0.00132233701871482     1.8734064352e-05     3.8033424753e-06 2.23865101542291e-05 1.04436178579115e-05
    0.11118880683218  0.00135207747801129      7.967950145e-06     3.4310996538e-06 1.69138428284396e-05 9.87616121543132e-06
   0.113588006531927  0.00138093537399254     1.4355301907e-05      3.657642036e-06 1.51005520372189e-05 9.36712946674919e-06
    0.11598929640522  0.00141091181584075      1.573885026e-05     3.5838018305e-06   1.662501919949e-05 8.90906023495278e-06
   0.118388286384977  0.00143999230079385     1.6892328129e-05     3.3711762028e-06  2.0319482906595e-05 8.49666616056648e-06
   0.120789361948619  0.00146937055362089     2.3950273523e-05     3.4165590666e-06 2.45877246300691e-05 8.12392862381425e-06
   0.123188133428351  0.00149932871808164     2.3445425332e-05     3.3894820724e-06 2.78609520709153e-05 7.78695902133308e-06
   0.125586802873012  0.00152832141107239     2.9599972292e-05     3.4610101176e-06  2.9047005162504e-05  7.4814229629015e-06
   0.127987530131978  0.00155811695654348     2.9910945458e-05     3.2629990524e-06 2.77571378506116e-05 7.20363411819401e-06
    0.13038815075621  0.00158713351341873     2.0478354118e-05     2.9984883929e-06 2.43417255982461e-05 6.95083879849931e-06
   0.132788652095656  0.00161687869603376     1.8564131905e-05     2.9650602083e-06 1.97067266245267e-05 6.72039486375701e-06
   0.135189031970305  0.00164614541847443     1.3649847771e-05     2.8905548621e-06 1.49967130836649e-05 6.50996282240176e-06
    0.13758600042481  0.00167566989762935     1.5921151785e-05     2.6962294426e-06 1.12502380135756e-05 6.31774975185077e-06
   0.139986129939563  0.00170456380550183     1.1511560243e-05     2.4784219301e-06 9.10453847368345e-06 6.14141564992952e-06
   0.142387228094785  0.00173443376265536     1.2130377427e-05     2.4418585259e-06  8.6962077360745e-06 5.97956789871444e-06
   0.144789282380682  0.00176386924794527     1.2285797858e-05     2.4821518122e-06 9.66687714969095e-06  5.8307987695993e-06
   0.147189021951194  0.00179290448309739     1.2275999637e-05     2.3078621336e-06 1.13312244869682e-05 5.69404160881661e-06
   0.149587531821292  0.00182284133633625     1.7509747355e-05     2.3082220098e-06 1.29191655932417e-05 5.56809552081953e-06
   0.151986998721979  0.00185177728739908       1.52995085e-05     2.2773302494e-06 1.38059930065148e-05  5.4518402999133e-06
   0.154388519079265  0.00188176334881134     1.3621328246e-05     2.3194059049e-06 1.36647103256749e-05 5.34435366257933e-06
   0.156788799766175  0.00191050825332809     1.1333343472e-05     2.1587428159e-06 1.25217711336382e-05 5.24498258570349e-06
   0.159187843722456  0.00194012023529446     1.3049575957e-05     2.0811775252e-06 1.06965921842192e-05 5.15301209550786e-06
   0.161587831129789  0.00196979291242374     9.2159890698e-06     2.0008098921e-06  8.6652990402989e-06 5.06770101606941e-06
   0.163987678642417  0.00199890852429546      4.034171913e-06     1.9806648484e-06 6.90050050059273e-06 4.98851785556484e-06
   0.166387370060249  0.00202820682919586     6.4468587656e-06     1.9306944712e-06 5.73378143643218e-06 4.91494350642363e-06
   0.168789099895852  0.00205757520176687      4.788783042e-06      1.805016003e-06 5.28053817482787e-06 4.84644656575219e-06
   0.171188485664308  0.00208719605356606     6.2761836721e-06     1.7978061262e-06 5.44094959187623e-06 4.78272713763621e-06
   0.173587711417944  0.00211612854574836     8.9180613674e-06     1.8695401391e-06 5.96107937715259e-06 4.72333510148887e-06
   0.175986785146809  0.00214605819794669     6.1972084271e-06     1.7944472277e-06 6.53405895882759e-06  4.6679244157893e-06
   0.178388971770668  0.00217490750498789      6.226338146e-06     1.6805991023e-06  6.8982474718533e-06 4.61610761891233e-06
   0.180787722190143  0.00220449674036994     1.0081369362e-05     1.6812892297e-06 6.90450810297388e-06 4.56774111947132e-06
   0.183186308304775  0.00223384669367028     4.6764056066e-06     1.6435176411e-06 6.54359597415995e-06 4.52248979040313e-06
   0.185587996675139   0.0022631522215009     5.7817984355e-06      1.651250179e-06 5.92052120083624e-06 4.48005985816231e-06
   0.187988421464181   0.0022926656446827     6.2102985578e-06     1.5495703451e-06 5.20573455445661e-06 4.44031490394255e-06
   0.190387589701678  0.00232160894454461     4.3937172176e-06     1.4902029799e-06 4.56956610617631e-06 4.40305217182086e-06
   0.192788773208778  0.00235126530312425     4.0411278306e-06     1.5047993796e-06 4.13091042640157e-06 4.36804203055242e-06
   0.195187569266842  0.00238037713394892     3.9212480722e-06      1.534870197e-06 3.93288755038027e-06 4.33518142770998e-06
   0.197588396724974  0.00241000585929529     3.2352988985e-06     1.4148265215e-06 3.94277983277758e-06 4.30425844403651e-06
   0.199986853513823  0.00243891952056296     3.6084367176e-06     1.3655916147e-06 4.07817868085051e-06 4.27518933620538e-06
   0.202388401540389  0.00246827705795046     4.7676042801e-06     1.3862972936e-06 4.24244821168871e-06 4.24778162024951e-06
   0.204788665925052  0.00249763278267057     5.8296281731e-06      1.453468288e-06 4.35622871386465e-06 4.22196917270819e-06
   0.207189849563043   0.0025269091424219      4.080083132e-06     1.3315438914e-06 4.37844101934684e-06 4.19761961893625e-06
   0.209589727088794  0.00255654568193636     4.6918831613e-06     1.2835407178e-06 4.30920305683475e-06 4.17465581192092e-06
   0.211989433030199  0.00258538074907629     4.4878708446e-06     1.2806561046e-06 4.17921840125177e-06 4.15297520695544e-06
   0.214388944337097  0.00261524578411718     5.1091756231e-06     1.3315896165e-06 4.03155104797172e-06 4.13249024229411e-06
   0.216788237969317  0.00264401279173579     5.1278269363e-06     1.2552536626e-06 3.90353619808099e-06 4.11312330966863e-06
   0.219189541253441   0.0026736094870466     2.8170756174e-06     1.1801185687e-06 3.81570412548612e-06 4.09478620639411e-06
   0.221589526244959  0.00270285600498323     3.4115143234e-06     1.1789975062e-06 3.76971554586314e-06  4.0774372748606e-06
   0.223989332472267   0.0027317940363418     3.8120928534e-06     1.2236164645e-06 3.75357404735394e-06 4.06100544029017e-06
   0.226388918965057   0.0027611811068645     5.1809141472e-06     1.1863478056e-06 3.75127258450897e-06 4.04543364727784e-06
   0.228789392651934  0.00279057160329929     4.6932371159e-06     1.1169352703e-06 3.75131474454306e-06 4.03066157135493e-06
   0.231188573886039  0.00281977349670903     3.9904436643e-06     1.0936715223e-06 3.75103542867877e-06 4.01665291647843e-06
   0.233588613954188  0.00284864784199226      2.987120257e-06     1.1154385975e-06 3.75552264568796e-06 4.00334894058157e-06
     0.2359884599982  0.00287845349842324     3.4025341287e-06     1.0981758055e-06 3.77254663185476e-06 3.99071345257467e-06
   0.238390254475443  0.00290733256295462     2.9208431272e-06      1.032837371e-06 3.80630249504791e-06 3.97871653571045e-06
   0.240789643160804  0.00293705378233403     5.2715223494e-06     1.0303902535e-06  3.8526959351205e-06 3.96753136695069e-06
   0.243189923201009  0.00296582924461556     1.6107407577e-06     1.0344303594e-06 3.89921439894209e-06 3.95783369441831e-06
   0.245588867437733  0.00299499710687284     2.0231521616e-06     1.0664540024e-06 3.93353243297835e-06 3.95058934215371e-06
   0.247988698689449  0.00302455037359516     5.7361901346e-06      1.063204936e-06 3.95365028752864e-06 3.94589526381904e-06
