Model 0x10d99bca0
  size 505 out of 539
  interface=0x10d99bd78
  repeats=0 at 0x10d99bcf4
  # d rho mu rough P Prough theta thetarough
  0 0 2.07e-06 0 3 0 3 270 3
  1 14.6212 3.65136e-06 0 3 0 3 270 3
  2 28.4652 3.03209e-06 0 3 0 3 270 3
  3 120.193 4.59362e-06 0 19.4316 0 7 270 7
  4 0.5 4.59362e-06 0 0 0 0 270 0
  5 0.5 4.59362e-06 0 0 0 0 270 0
  6 0.5 4.59362e-06 0 0 0 0 270 0
  7 0.5 4.59362e-06 0 0 0 0 270 0
  8 0.5 4.59362e-06 0 0 0 0 270 0
  9 0.5 4.59362e-06 0 0 0 0 270 0
  10 0.5 4.59362e-06 0 0 0 0 270 0
  11 0.5 4.59362e-06 0 0 0 0 270 0
  12 0.5 4.59361e-06 0 0 0 0 270 0
  13 0.5 4.59361e-06 0 0 0 0 270 0
  14 0.5 4.59359e-06 0 0 0 0 270 0
  15 0.5 4.59356e-06 0 0 0 0 270 0
  16 0.5 4.5935e-06 0 0 0 0 270 0
  17 0.5 4.59048e-06 0 0 0 0 270 0
  18 0.5 4.59204e-06 0 0 0 0 270 0
  19 0.5 4.59246e-06 0 0 0 0 270 0
  20 0.5 4.59224e-06 0 0 0 0 270 0
  21 0.5 4.59151e-06 0 0 0 0 270 0
  22 0.5 4.59021e-06 0 0 0 0 270 0
  23 0.5 4.58812e-06 0 0 0 0 270 0
  24 0.5 4.58489e-06 0 0 0 0 270 0
  25 0.5 4.58e-06 0 0 0 0 270 0
  26 0.5 4.57278e-06 0 0 0 0 270 0
  27 0.5 4.56232e-06 0 0 0 0 270 0
  28 0.5 4.54749e-06 0 0 0 0 270 0
  29 0.5 4.52687e-06 0 0 0 0 270 0
  30 0.5 4.49879e-06 0 0 0 0 270 0
  31 0.5 4.46131e-06 0 0 0 0 270 0
  32 0.5 4.41231e-06 0 0 0 0 270 0
  33 0.5 4.34953e-06 0 0 0 0 270 0
  34 0.5 4.27072e-06 0 0 0 0 270 0
  35 0.5 4.17376e-06 0 0 0 0 270 0
  36 0.5 4.05687e-06 0 0 0 0 270 0
  37 0.5 3.91877e-06 0 0 0 0 270 0
  38 0.5 3.7589e-06 0 0 0 0 270 0
  39 0.5 3.57754e-06 0 0 0 0 270 0
  40 0.5 3.376e-06 0 0 0 0 270 0
  41 0.5 3.15664e-06 0 0 0 0 270 0
  42 0.5 2.92293e-06 0 0 0 0 270 0
  43 0.5 2.67941e-06 0 0 0 0 270 0
  44 0.5 2.43151e-06 0 0 0 0 270 0
  45 0.5 2.18538e-06 0 0 0 0 270 0
  46 0.5 1.94753e-06 0 0 0 0 270 0
  47 0.5 1.72437e-06 0 0 0 0 270 0
  48 0.5 1.52167e-06 0 0 0 0 270 0
  49 0.5 1.34402e-06 0 0 0 0 270 0
  50 0.5 1.19431e-06 0 0 0 0 270 0
  51 0.5 1.07342e-06 0 0 0 0 270 0
  52 0.5 9.8026e-07 0 0 0 0 270 0
  53 0.5 9.12201e-07 0 0 0 0 270 0
  54 0.5 8.65445e-07 0 0 0 0 270 0
  55 0.5 8.36016e-07 0 0 0 0 270 0
  56 0.5 8.20314e-07 0 0 0 0 270 0
  57 0.5 8.15465e-07 0 0 0 0 270 0
  58 0.5 8.19277e-07 0 0 0 0 270 0
  59 0.5 8.29794e-07 0 0 0 0 270 0
  60 0.5 8.44627e-07 0 0 0 0 270 0
  61 0.5 8.60314e-07 0 0 0 0 270 0
  62 0.5 8.72019e-07 0 0 0 0 270 0
  63 0.5 8.73776e-07 0 0 0 0 270 0
  64 0.5 8.59354e-07 0 0 0 0 270 0
  65 0.5 8.23561e-07 0 0 0 0 270 0
  66 0.5 7.63638e-07 0 0 0 0 270 0
  67 0.5 6.80256e-07 0 0 0 0 270 0
  68 0.5 5.77746e-07 0 0 0 0 270 0
  69 0.5 4.63431e-07 0 0 0 0 270 0
  70 0.5 3.46199e-07 0 0 0 0 270 0
  71 0.5 2.34774e-07 0 0 0 0 270 0
  72 0.5 1.36163e-07 0 0 0 0 270 0
  73 0.5 5.46978e-08 0 0 0 0 270 0
  74 0.5 -8.18042e-09 0 0 0 0 270 0
  75 0.5 -5.34797e-08 0 0 0 0 270 0
  76 0.5 -8.38343e-08 0 0 0 0 270 0
  77 0.5 -1.02606e-07 0 0 0 0 270 0
  78 0.5 -1.1315e-07 0 0 0 0 270 0
  79 0.5 -1.18352e-07 0 0 0 0 270 0
  80 0.5 -1.2044e-07 0 0 0 0 270 0
  81 0.5 -1.21014e-07 0 0 0 0 270 0
  82 0.5 -1.21158e-07 0 0 0 0 270 0
  83 0.5 -1.21473e-07 0 0 0 0 270 0
  84 0.5 -1.22381e-07 0 0 0 0 270 0
  85 0.5 -1.24136e-07 0 0 0 0 270 0
  86 0.5 -1.26875e-07 0 0 0 0 270 0
  87 0.5 -1.30652e-07 0 0 0 0 270 0
  88 0.5 -1.35445e-07 0 0 0 0 270 0
  89 0.5 -1.41154e-07 0 0 0 0 270 0
  90 0.5 -1.47602e-07 0 0 0 0 270 0
  91 0.5 -1.54531e-07 0 0 0 0 270 0
  92 0.5 -1.61604e-07 0 0 0 0 270 0
  93 0.5 -1.68415e-07 0 0 0 0 270 0
  94 0.5 -1.74503e-07 0 0 0 0 270 0
  95 0.5 -1.7937e-07 0 0 0 0 270 0
  96 0.5 -1.8251e-07 0 0 0 0 270 0
  97 0.5 -1.83435e-07 0 0 0 0 270 0
  98 0.5 -1.81705e-07 0 0 0 0 270 0
  99 0.5 -1.76957e-07 0 0 0 0 270 0
  100 0.5 -1.6893e-07 0 0 0 0 270 0
  101 0.5 -1.57482e-07 0 0 0 0 270 0
  102 0.5 -1.426e-07 0 0 0 0 270 0
  103 0.5 -1.24406e-07 0 0 0 0 270 0
  104 0.5 -1.03145e-07 0 0 0 0 270 0
  105 0.5 -7.91747e-08 0 0 0 0 270 0
  106 0.5 -5.29407e-08 0 0 0 0 270 0
  107 0.5 -2.49526e-08 0 0 0 0 270 0
  108 0.5 4.24571e-09 0 0 0 0 270 0
  109 0.5 3.41057e-08 0 0 0 0 270 0
  110 0.5 6.41043e-08 0 0 0 0 270 0
  111 0.5 9.37765e-08 0 0 0 0 270 0
  112 0.5 1.22753e-07 0 0 0 0 270 0
  113 0.5 1.50814e-07 0 0 0 0 270 0
  114 0.5 1.77962e-07 0 0 0 0 270 0
  115 0.5 2.04525e-07 0 0 0 0 270 0
  116 0.5 2.31301e-07 0 0 0 0 270 0
  117 0.5 2.59704e-07 0 0 0 0 270 0
  118 0.5 2.91655e-07 0 0 0 0 270 0
  119 0.5 3.30032e-07 0 0 0 0 270 0
  120 0.5 3.76135e-07 0 0 0 0 270 0
  121 0.5 4.30634e-07 0 0 0 0 270 0
  122 0.5 4.93924e-07 0 0 0 0 270 0
  123 0.5 5.65723e-07 0 0 0 0 270 0
  124 0.5 6.44658e-07 0 0 0 0 270 0
  125 0.5 7.28039e-07 0 0 0 0 270 0
  126 0.5 8.12022e-07 0 0 0 0 270 0
  127 0.5 8.92193e-07 0 0 0 0 270 0
  128 0.5 9.64462e-07 0 0 0 0 270 0
  129 0.5 1.02599e-06 0 0 0 0 270 0
  130 0.5 1.07582e-06 0 0 0 0 270 0
  131 0.5 1.115e-06 0 0 0 0 270 0
  132 0.5 1.14456e-06 0 0 0 0 270 0
  133 0.5 1.1534e-06 0 0 0 0 270 0
  134 0.5 1.13945e-06 0 0 0 0 270 0
  135 0.5 1.10368e-06 0 0 0 0 270 0
  136 0.5 1.04686e-06 0 0 0 0 270 0
  137 0.5 9.69552e-07 0 0 0 0 270 0
  138 0.5 8.72526e-07 0 0 0 0 270 0
  139 0.5 7.57441e-07 0 0 0 0 270 0
  140 0.5 6.27399e-07 0 0 0 0 270 0
  141 0.5 4.87205e-07 0 0 0 0 270 0
  142 0.5 3.43119e-07 0 0 0 0 270 0
  143 0.5 2.02134e-07 0 0 0 0 270 0
  144 0.5 7.09469e-08 0 0 0 0 270 0
  145 0.5 -4.50587e-08 0 0 0 0 270 0
  146 0.5 -1.42533e-07 0 0 0 0 270 0
  147 0.5 -2.20407e-07 0 0 0 0 270 0
  148 0.5 -2.79661e-07 0 0 0 0 270 0
  149 0.5 -3.22736e-07 0 0 0 0 270 0
  150 0.5 -3.52821e-07 0 0 0 0 270 0
  151 0.5 -3.73203e-07 0 0 0 0 270 0
  152 0.5 -3.86798e-07 0 0 0 0 270 0
  153 0.5 -3.95928e-07 0 0 0 0 270 0
  154 0.5 -4.02271e-07 0 0 0 0 270 0
  155 0.5 -4.06944e-07 0 0 0 0 270 0
  156 0.5 -4.10637e-07 0 0 0 0 270 0
  157 0.5 -4.13747e-07 0 0 0 0 270 0
  158 0.5 -4.1649e-07 0 0 0 0 270 0
  159 0.5 -4.19006e-07 0 0 0 0 270 0
  160 0.5 -4.21267e-07 0 0 0 0 270 0
  161 0.5 -4.23364e-07 0 0 0 0 270 0
  162 0.5 -4.25302e-07 0 0 0 0 270 0
  163 0.5 -4.27084e-07 0 0 0 0 270 0
  164 0.5 -4.28713e-07 0 0 0 0 270 0
  165 0.5 -4.3019e-07 0 0 0 0 270 0
  166 0.5 -4.31515e-07 0 0 0 0 270 0
  167 0.5 -4.32688e-07 0 0 0 0 270 0
  168 0.5 -4.33708e-07 0 0 0 0 270 0
  169 0.5 -4.34574e-07 0 0 0 0 270 0
  170 0.5 -4.35283e-07 0 0 0 0 270 0
  171 0.5 -4.35834e-07 0 0 0 0 270 0
  172 0.5 -4.36226e-07 0 0 0 0 270 0
  173 0.5 -4.36714e-07 0 0 0 0 270 0
  174 0.5 -4.37442e-07 0 0 0 0 270 0
  175 0.5 -4.38126e-07 0 0 0 0 270 0
  176 0.5 -4.38768e-07 0 0 0 0 270 0
  177 0.5 -4.39374e-07 0 0 0 0 270 0
  178 0.5 -4.39948e-07 0 0 0 0 270 0
  179 0.5 -4.40493e-07 0 0 0 0 270 0
  180 0.5 -4.41014e-07 0 0 0 0 270 0
  181 0.5 -4.41513e-07 0 0 0 0 270 0
  182 0.5 -4.41994e-07 0 0 0 0 270 0
  183 0.5 -4.4246e-07 0 0 0 0 270 0
  184 0.5 -4.42914e-07 0 0 0 0 270 0
  185 0.5 -4.43357e-07 0 0 0 0 270 0
  186 0.5 -4.43792e-07 0 0 0 0 270 0
  187 0.5 -4.44222e-07 0 0 0 0 270 0
  188 0.5 -4.44648e-07 0 0 0 0 270 0
  189 0.5 -4.45071e-07 0 0 0 0 270 0
  190 0.5 -4.45494e-07 0 0 0 0 270 0
  191 0.5 -4.45917e-07 0 0 0 0 270 0
  192 0.5 -4.46341e-07 0 0 0 0 270 0
  193 0.5 -4.46767e-07 0 0 0 0 270 0
  194 0.5 -4.47197e-07 0 0 0 0 270 0
  195 0.5 -4.47629e-07 0 0 0 0 270 0
  196 0.5 -4.48065e-07 0 0 0 0 270 0
  197 0.5 -4.48504e-07 0 0 0 0 270 0
  198 0.5 -4.48948e-07 0 0 0 0 270 0
  199 0.5 -4.49394e-07 0 0 0 0 270 0
  200 0.5 -4.49844e-07 0 0 0 0 270 0
  201 0.5 -4.50297e-07 0 0 0 0 270 0
  202 0.5 -4.50752e-07 0 0 0 0 270 0
  203 0.5 -4.51208e-07 0 0 0 0 270 0
  204 0.5 -4.51665e-07 0 0 0 0 270 0
  205 0.5 -4.52121e-07 0 0 0 0 270 0
  206 0.5 -4.52577e-07 0 0 0 0 270 0
  207 0.5 -4.5303e-07 0 0 0 0 270 0
  208 0.5 -4.53479e-07 0 0 0 0 270 0
  209 0.5 -4.53924e-07 0 0 0 0 270 0
  210 0.5 -4.54363e-07 0 0 0 0 270 0
  211 0.5 -4.54795e-07 0 0 0 0 270 0
  212 0.5 -4.55218e-07 0 0 0 0 270 0
  213 0.5 -4.55632e-07 0 0 0 0 270 0
  214 0.5 -4.56033e-07 0 0 0 0 270 0
  215 0.5 -4.56423e-07 0 0 0 0 270 0
  216 0.5 -4.56798e-07 0 0 0 0 270 0
  217 0.5 -4.57158e-07 0 0 0 0 270 0
  218 0.5 -4.57501e-07 0 0 0 0 270 0
  219 0.5 -4.57826e-07 0 0 0 0 270 0
  220 0.5 -4.58132e-07 0 0 0 0 270 0
  221 0.5 -4.58418e-07 0 0 0 0 270 0
  222 0.5 -4.58683e-07 0 0 0 0 270 0
  223 0.5 -4.58926e-07 0 0 0 0 270 0
  224 0.5 -4.59146e-07 0 0 0 0 270 0
  225 0.5 -4.59342e-07 0 0 0 0 270 0
  226 0.5 -4.59514e-07 0 0 0 0 270 0
  227 0.5 -4.59662e-07 0 0 0 0 270 0
  228 0.5 -4.59785e-07 0 0 0 0 270 0
  229 0.5 -4.59883e-07 0 0 0 0 270 0
  230 0.5 -4.59957e-07 0 0 0 0 270 0
  231 0.5 -4.60015e-07 0 0 0 0 270 0
  232 0.5 -4.60099e-07 0 0 0 0 270 0
  233 0.5 -4.60212e-07 0 0 0 0 270 0
  234 0.5 -4.6035e-07 0 0 0 0 270 0
  235 0.5 -4.60509e-07 0 0 0 0 270 0
  236 0.5 -4.60684e-07 0 0 0 0 270 0
  237 0.5 -4.60873e-07 0 0 0 0 270 0
  238 0.5 -4.6107e-07 0 0 0 0 270 0
  239 0.5 -4.61274e-07 0 0 0 0 270 0
  240 0.5 -4.61481e-07 0 0 0 0 270 0
  241 0.5 -4.61687e-07 0 0 0 0 270 0
  242 0.5 -4.61891e-07 0 0 0 0 270 0
  243 0.5 -4.6209e-07 0 0 0 0 270 0
  244 0.5 -4.62282e-07 0 0 0 0 270 0
  245 0.5 -4.62466e-07 0 0 0 0 270 0
  246 0.5 -4.6264e-07 0 0 0 0 270 0
  247 0.5 -4.62804e-07 0 0 0 0 270 0
  248 0.5 -4.62956e-07 0 0 0 0 270 0
  249 0.5 -4.63097e-07 0 0 0 0 270 0
  250 0.5 -4.63225e-07 0 0 0 0 270 0
  251 0.5 -4.6334e-07 0 0 0 0 270 0
  252 0.5 -4.63443e-07 0 0 0 0 270 0
  253 0.5 -4.63533e-07 0 0 0 0 270 0
  254 0.5 -4.63609e-07 0 0 0 0 270 0
  255 0.5 -4.63672e-07 0 0 0 0 270 0
  256 0.5 -4.6372e-07 0 0 0 0 270 0
  257 0.5 -4.63752e-07 0 0 0 0 270 0
  258 0.5 -4.63767e-07 0 0 0 0 270 0
  259 0.5 -4.63762e-07 0 0 0 0 270 0
  260 0.5 -4.63733e-07 0 0 0 0 270 0
  261 0.5 -4.63678e-07 0 0 0 0 270 0
  262 0.5 -4.6359e-07 0 0 0 0 270 0
  263 0.5 -4.63465e-07 0 0 0 0 270 0
  264 0.5 -4.63308e-07 0 0 0 0 270 0
  265 0.5 -4.63123e-07 0 0 0 0 270 0
  266 0.5 -4.62914e-07 0 0 0 0 270 0
  267 0.5 -4.62684e-07 0 0 0 0 270 0
  268 0.5 -4.62433e-07 0 0 0 0 270 0
  269 0.5 -4.62165e-07 0 0 0 0 270 0
  270 0.5 -4.61881e-07 0 0 0 0 270 0
  271 0.5 -4.61583e-07 0 0 0 0 270 0
  272 0.5 -4.61274e-07 0 0 0 0 270 0
  273 0.5 -4.60955e-07 0 0 0 0 270 0
  274 0.5 -4.60627e-07 0 0 0 0 270 0
  275 0.5 -4.60293e-07 0 0 0 0 270 0
  276 0.5 -4.59954e-07 0 0 0 0 270 0
  277 0.5 -4.59612e-07 0 0 0 0 270 0
  278 0.5 -4.5927e-07 0 0 0 0 270 0
  279 0.5 -4.58928e-07 0 0 0 0 270 0
  280 0.5 -4.58589e-07 0 0 0 0 270 0
  281 0.5 -4.58254e-07 0 0 0 0 270 0
  282 0.5 -4.57926e-07 0 0 0 0 270 0
  283 0.5 -4.57607e-07 0 0 0 0 270 0
  284 0.5 -4.57299e-07 0 0 0 0 270 0
  285 0.5 -4.57004e-07 0 0 0 0 270 0
  286 0.5 -4.56725e-07 0 0 0 0 270 0
  287 0.5 -4.56463e-07 0 0 0 0 270 0
  288 0.5 -4.56221e-07 0 0 0 0 270 0
  289 0.5 -4.56001e-07 0 0 0 0 270 0
  290 0.5 -4.55807e-07 0 0 0 0 270 0
  291 0.5 -4.55639e-07 0 0 0 0 270 0
  292 0.5 -4.55501e-07 0 0 0 0 270 0
  293 0.5 -4.55395e-07 0 0 0 0 270 0
  294 0.5 -4.55323e-07 0 0 0 0 270 0
  295 0.5 -4.55287e-07 0 0 0 0 270 0
  296 0.5 -4.5529e-07 0 0 0 0 270 0
  297 0.5 -4.55413e-07 0 0 0 0 270 0
  298 0.5 -4.55615e-07 0 0 0 0 270 0
  299 0.5 -4.55847e-07 0 0 0 0 270 0
  300 0.5 -4.56107e-07 0 0 0 0 270 0
  301 0.5 -4.56393e-07 0 0 0 0 270 0
  302 0.5 -4.56703e-07 0 0 0 0 270 0
  303 0.5 -4.57034e-07 0 0 0 0 270 0
  304 0.5 -4.57384e-07 0 0 0 0 270 0
  305 0.5 -4.57752e-07 0 0 0 0 270 0
  306 0.5 -4.58134e-07 0 0 0 0 270 0
  307 0.5 -4.5853e-07 0 0 0 0 270 0
  308 0.5 -4.58937e-07 0 0 0 0 270 0
  309 0.5 -4.59352e-07 0 0 0 0 270 0
  310 0.5 -4.59774e-07 0 0 0 0 270 0
  311 0.5 -4.602e-07 0 0 0 0 270 0
  312 0.5 -4.60628e-07 0 0 0 0 270 0
  313 0.5 -4.61055e-07 0 0 0 0 270 0
  314 0.5 -4.61481e-07 0 0 0 0 270 0
  315 0.5 -4.61902e-07 0 0 0 0 270 0
  316 0.5 -4.62317e-07 0 0 0 0 270 0
  317 0.5 -4.62723e-07 0 0 0 0 270 0
  318 0.5 -4.63117e-07 0 0 0 0 270 0
  319 0.5 -4.63499e-07 0 0 0 0 270 0
  320 0.5 -4.63866e-07 0 0 0 0 270 0
  321 0.5 -4.64215e-07 0 0 0 0 270 0
  322 0.5 -4.64544e-07 0 0 0 0 270 0
  323 0.5 -4.64852e-07 0 0 0 0 270 0
  324 0.5 -4.65136e-07 0 0 0 0 270 0
  325 0.5 -4.65394e-07 0 0 0 0 270 0
  326 0.5 -4.65624e-07 0 0 0 0 270 0
  327 0.5 -4.65824e-07 0 0 0 0 270 0
  328 0.5 -4.65991e-07 0 0 0 0 270 0
  329 0.5 -4.66125e-07 0 0 0 0 270 0
  330 0.5 -4.66221e-07 0 0 0 0 270 0
  331 0.5 -4.66279e-07 0 0 0 0 270 0
  332 0.5 -4.66296e-07 0 0 0 0 270 0
  333 0.5 -4.66296e-07 0 0 0 0 270 0
  334 0.5 -4.66296e-07 0 0 0 0 270 0
  335 0.5 -4.66296e-07 0 0 0 0 270 0
  336 0.5 -4.66296e-07 0 0 0 0 270 0
  337 0.5 -4.66296e-07 0 0 0 0 270 0
  338 0.5 -4.66296e-07 0 0 0 0 270 0
  339 0.5 -4.66296e-07 0 0 0 0 270 0
  340 0.5 -4.66296e-07 0 0 0 0 270 0
  341 0.5 -4.66296e-07 0 0 0 0 270 0
  342 0.5 -4.66296e-07 0 0 0 0 270 0
  343 0.5 -4.66296e-07 0 0 0 0 270 0
  344 0.5 -4.66296e-07 0 0 0 0 270 0
  345 0.5 -4.66296e-07 0 0 0 0 270 0
  346 0.5 -4.66296e-07 0 0 0 0 270 0
  347 0.5 -4.66296e-07 0 0 0 0 270 0
  348 0.5 -4.66296e-07 0 0 0 0 270 0
  349 0.5 -4.66296e-07 0 0 0 0 270 0
  350 0.5 -4.66296e-07 0 0 0 0 270 0
  351 0.5 -4.66296e-07 0 0 0 0 270 0
  352 0.5 -4.66296e-07 0 0 0 0 270 0
  353 0.5 -4.66296e-07 0 0 0 0 270 0
  354 0.5 -4.66296e-07 0 0 0 0 270 0
  355 0.5 -4.66296e-07 0 0 0 0 270 0
  356 0.5 -4.66296e-07 0 0 0 0 270 0
  357 0.5 -4.66296e-07 0 0 0 0 270 0
  358 0.5 -4.66296e-07 0 0 0 0 270 0
  359 0.5 -4.66296e-07 0 0 0 0 270 0
  360 0.5 -4.66296e-07 0 0 0 0 270 0
  361 0.5 -4.66296e-07 0 0 0 0 270 0
  362 0.5 -4.66296e-07 0 0 0 0 270 0
  363 0.5 -4.66296e-07 0 0 0 0 270 0
  364 0.5 -4.66296e-07 0 0 0 0 270 0
  365 0.5 -4.66296e-07 0 0 0 0 270 0
  366 0.5 -4.66296e-07 0 0 0 0 270 0
  367 0.5 -4.66296e-07 0 0 0 0 270 0
  368 0.5 -4.66296e-07 0 0 0 0 270 0
  369 0.5 -4.66296e-07 0 0 0 0 270 0
  370 0.5 -4.66296e-07 0 0 0 0 270 0
  371 0.5 -4.66296e-07 0 0 0 0 270 0
  372 0.5 -4.66296e-07 0 0 0 0 270 0
  373 0.5 -4.66296e-07 0 0 0 0 270 0
  374 0.5 -4.66296e-07 0 0 0 0 270 0
  375 0.5 -4.66296e-07 0 0 0 0 270 0
  376 0.5 -4.66296e-07 0 0 0 0 270 0
  377 0.5 -4.66296e-07 0 0 0 0 270 0
  378 0.5 -4.66296e-07 0 0 0 0 270 0
  379 0.5 -4.66296e-07 0 0 0 0 270 0
  380 0.5 -4.66296e-07 0 0 0 0 270 0
  381 0.5 -4.66296e-07 0 0 0 0 270 0
  382 0.5 -4.66296e-07 0 0 0 0 270 0
  383 0.5 -4.66296e-07 0 0 0 0 270 0
  384 0.5 -4.66296e-07 0 0 0 0 270 0
  385 0.5 -4.66296e-07 0 0 0 0 270 0
  386 0.5 -4.66296e-07 0 0 0 0 270 0
  387 0.5 -4.66296e-07 0 0 0 0 270 0
  388 0.5 -4.66296e-07 0 0 0 0 270 0
  389 0.5 -4.66296e-07 0 0 0 0 270 0
  390 0.5 -4.66296e-07 0 0 0 0 270 0
  391 0.5 -4.66296e-07 0 0 0 0 270 0
  392 0.5 -4.66296e-07 0 0 0 0 270 0
  393 0.5 -4.66296e-07 0 0 0 0 270 0
  394 0.5 -4.66296e-07 0 0 0 0 270 0
  395 0.5 -4.66296e-07 0 0 0 0 270 0
  396 0.5 -4.66296e-07 0 0 0 0 270 0
  397 0.5 -4.66296e-07 0 0 0 0 270 0
  398 0.5 -4.66296e-07 0 0 0 0 270 0
  399 0.5 -4.66296e-07 0 0 0 0 270 0
  400 0.5 -4.66296e-07 0 0 0 0 270 0
  401 0.5 -4.66296e-07 0 0 0 0 270 0
  402 0.5 -4.66296e-07 0 0 0 0 270 0
  403 0.5 -4.66296e-07 0 0 0 0 270 0
  404 0.5 -4.66296e-07 0 0 0 0 270 0
  405 0.5 -4.66296e-07 0 0 0 0 270 0
  406 0.5 -4.66296e-07 0 0 0 0 270 0
  407 0.5 -4.66296e-07 0 0 0 0 270 0
  408 0.5 -4.66296e-07 0 0 0 0 270 0
  409 0.5 -4.66296e-07 0 0 0 0 270 0
  410 0.5 -4.66296e-07 0 0 0 0 270 0
  411 0.5 -4.66296e-07 0 0 0 0 270 0
  412 0.5 -4.66296e-07 0 0 0 0 270 0
  413 0.5 -4.66296e-07 0 0 0 0 270 0
  414 0.5 -4.66296e-07 0 0 0 0 270 0
  415 0.5 -4.66296e-07 0 0 0 0 270 0
  416 0.5 -4.66296e-07 0 0 0 0 270 0
  417 0.5 -4.66296e-07 0 0 0 0 270 0
  418 0.5 -4.66296e-07 0 0 0 0 270 0
  419 0.5 -4.66296e-07 0 0 0 0 270 0
  420 0.5 -4.66296e-07 0 0 0 0 270 0
  421 0.5 -4.66296e-07 0 0 0 0 270 0
  422 0.5 -4.66296e-07 0 0 0 0 270 0
  423 0.5 -4.66296e-07 0 0 0 0 270 0
  424 0.5 -4.66296e-07 0 0 0 0 270 0
  425 0.5 -4.66296e-07 0 0 0 0 270 0
  426 0.5 -4.66296e-07 0 0 0 0 270 0
  427 0.5 -4.66296e-07 0 0 0 0 270 0
  428 0.5 -4.66296e-07 0 0 0 0 270 0
  429 0.5 -4.66296e-07 0 0 0 0 270 0
  430 0.5 -4.66296e-07 0 0 0 0 270 0
  431 0.5 -4.66296e-07 0 0 0 0 270 0
  432 0.5 -4.66296e-07 0 0 0 0 270 0
  433 0.5 -4.66296e-07 0 0 0 0 270 0
  434 0.5 -4.66296e-07 0 0 0 0 270 0
  435 0.5 -4.66296e-07 0 0 0 0 270 0
  436 0.5 -4.66296e-07 0 0 0 0 270 0
  437 0.5 -4.66296e-07 0 0 0 0 270 0
  438 0.5 -4.66296e-07 0 0 0 0 270 0
  439 0.5 -4.66296e-07 0 0 0 0 270 0
  440 0.5 -4.66296e-07 0 0 0 0 270 0
  441 0.5 -4.66296e-07 0 0 0 0 270 0
  442 0.5 -4.66296e-07 0 0 0 0 270 0
  443 0.5 -4.66296e-07 0 0 0 0 270 0
  444 0.5 -4.66296e-07 0 0 0 0 270 0
  445 0.5 -4.66296e-07 0 0 0 0 270 0
  446 0.5 -4.66296e-07 0 0 0 0 270 0
  447 0.5 -4.66296e-07 0 0 0 0 270 0
  448 0.5 -4.66296e-07 0 0 0 0 270 0
  449 0.5 -4.66296e-07 0 0 0 0 270 0
  450 0.5 -4.66296e-07 0 0 0 0 270 0
  451 0.5 -4.66296e-07 0 0 0 0 270 0
  452 0.5 -4.66296e-07 0 0 0 0 270 0
  453 0.5 -4.66296e-07 0 0 0 0 270 0
  454 0.5 -4.66296e-07 0 0 0 0 270 0
  455 0.5 -4.66296e-07 0 0 0 0 270 0
  456 0.5 -4.66296e-07 0 0 0 0 270 0
  457 0.5 -4.66296e-07 0 0 0 0 270 0
  458 0.5 -4.66296e-07 0 0 0 0 270 0
  459 0.5 -4.66296e-07 0 0 0 0 270 0
  460 0.5 -4.66296e-07 0 0 0 0 270 0
  461 0.5 -4.66296e-07 0 0 0 0 270 0
  462 0.5 -4.66296e-07 0 0 0 0 270 0
  463 0.5 -4.66296e-07 0 0 0 0 270 0
  464 0.5 -4.66296e-07 0 0 0 0 270 0
  465 0.5 -4.66296e-07 0 0 0 0 270 0
  466 0.5 -4.66296e-07 0 0 0 0 270 0
  467 0.5 -4.66296e-07 0 0 0 0 270 0
  468 0.5 -4.66296e-07 0 0 0 0 270 0
  469 0.5 -4.66296e-07 0 0 0 0 270 0
  470 0.5 -4.66296e-07 0 0 0 0 270 0
  471 0.5 -4.66296e-07 0 0 0 0 270 0
  472 0.5 -4.66296e-07 0 0 0 0 270 0
  473 0.5 -4.66296e-07 0 0 0 0 270 0
  474 0.5 -4.66296e-07 0 0 0 0 270 0
  475 0.5 -4.66296e-07 0 0 0 0 270 0
  476 0.5 -4.66296e-07 0 0 0 0 270 0
  477 0.5 -4.66296e-07 0 0 0 0 270 0
  478 0.5 -4.66296e-07 0 0 0 0 270 0
  479 0.5 -4.66296e-07 0 0 0 0 270 0
  480 0.5 -4.66296e-07 0 0 0 0 270 0
  481 0.5 -4.66296e-07 0 0 0 0 270 0
  482 0.5 -4.66296e-07 0 0 0 0 270 0
  483 0.5 -4.66296e-07 0 0 0 0 270 0
  484 0.5 -4.66296e-07 0 0 0 0 270 0
  485 0.5 -4.66296e-07 0 0 0 0 270 0
  486 0.5 -4.66296e-07 0 0 0 0 270 0
  487 0.5 -4.66296e-07 0 0 0 0 270 0
  488 0.5 -4.66296e-07 0 0 0 0 270 0
  489 0.5 -4.66296e-07 0 0 0 0 270 0
  490 0.5 -4.66296e-07 0 0 0 0 270 0
  491 0.5 -4.66296e-07 0 0 0 0 270 0
  492 0.5 -4.66296e-07 0 0 0 0 270 0
  493 0.5 -4.66296e-07 0 0 0 0 270 0
  494 0.5 -4.66296e-07 0 0 0 0 270 0
  495 0.5 -4.66296e-07 0 0 0 0 270 0
  496 0.5 -4.66296e-07 0 0 0 0 270 0
  497 0.5 -4.66296e-07 0 0 0 0 270 0
  498 0.5 -4.66296e-07 0 0 0 0 270 0
  499 0.5 -4.66296e-07 0 0 0 0 270 0
  500 0.5 -4.66296e-07 0 0 0 0 270 0
  501 0.5 -4.66296e-07 0 0 0 0 270 0
  502 0.5 -4.66296e-07 0 0 0 0 270 0
  503 0.5 -4.66296e-07 0 0 0 0 270 0
  504 100 -4.66296e-07 0 0 0 0 270 0
