median_area p2sigma_nsld m2sigma_nsld p2sigma_area median_nsl m2sigma_nsl m2sigma_area psigma_area msigma_nsl msigma_nsld p2sigma_nsl zaxis psigma_nsld psigma_nsl median_nsld msigma_area 
0.0 0.0 0.0 0.0 0.0 0.0 0.0 0.0 0.0 0.0 0.0 0.0 0.0 0.0 0.0 0.0 
0.0 0.0 0.0 0.0 0.0 0.0 0.0 0.0 0.0 0.0 0.0 0.5 0.0 0.0 0.0 0.0 
0.0 0.0 0.0 0.0 0.0 0.0 0.0 0.0 0.0 0.0 0.0 1.0 0.0 0.0 0.0 0.0 
0.0 0.0 0.0 0.0 0.0 0.0 0.0 0.0 0.0 0.0 0.0 1.5 0.0 0.0 0.0 0.0 
0.0 0.0 0.0 0.0 0.0 0.0 0.0 0.0 0.0 0.0 0.0 2.0 0.0 0.0 0.0 0.0 
0.0 0.0 0.0 0.0 0.0 0.0 0.0 0.0 0.0 0.0 0.0 2.5 0.0 0.0 0.0 0.0 
0.0 0.0 0.0 0.0 0.0 0.0 0.0 0.0 0.0 0.0 0.0 3.0 0.0 0.0 0.0 0.0 
0.0 0.0 0.0 0.0 0.0 0.0 0.0 0.0 0.0 0.0 0.0 3.5 0.0 0.0 0.0 0.0 
0.0 0.0 0.0 0.0 0.0 0.0 0.0 0.0 0.0 0.0 0.0 4.0 0.0 0.0 0.0 0.0 
0.0 0.0 0.0 0.0 0.0 0.0 0.0 0.0 0.0 0.0 0.0 4.5 0.0 0.0 0.0 0.0 
0.0 0.0 0.0 0.0 0.0 0.0 0.0 0.0 0.0 0.0 0.0 5.0 0.0 0.0 0.0 0.0 
0.0 0.0 0.0 0.0 0.0 0.0 0.0 0.0 0.0 0.0 0.0 5.5 0.0 0.0 0.0 0.0 
0.0 0.0 0.0 0.0 0.0 0.0 0.0 0.0 0.0 0.0 0.0 6.0 0.0 0.0 0.0 0.0 
0.0 0.0 0.0 0.0 0.0 0.0 0.0 0.0 0.0 0.0 0.0 6.5 0.0 0.0 0.0 0.0 
0.0 0.0 0.0 0.0 0.0 0.0 0.0 0.0 0.0 0.0 0.0 7.0 0.0 0.0 0.0 0.0 
0.0 0.0 0.0 0.0 0.0 0.0 0.0 0.0 0.0 0.0 0.0 7.5 0.0 0.0 0.0 0.0 
0.0 0.0 0.0 0.0 0.0 0.0 0.0 0.0 0.0 0.0 0.0 8.0 0.0 0.0 0.0 0.0 
0.0 0.0 0.0 0.0 0.0 0.0 0.0 0.0 0.0 0.0 0.0 8.5 0.0 0.0 0.0 0.0 
0.0 0.0 0.0 0.0 0.0 0.0 0.0 0.0 0.0 0.0 0.0 9.0 0.0 0.0 0.0 0.0 
0.0 0.0 0.0 0.0 0.0 0.0 0.0 0.0 0.0 0.0 0.0 9.5 0.0 0.0 0.0 0.0 
0.0 0.0 0.0 0.0 0.0 0.0 0.0 0.0 0.0 0.0 0.0 10.0 0.0 0.0 0.0 0.0 
0.0 0.0 0.0 0.0 0.0 0.0 0.0 0.0 0.0 0.0 0.0 10.5 0.0 0.0 0.0 0.0 
0.0 0.0 0.0 0.0 0.0 0.0 0.0 0.0 0.0 0.0 0.0 11.0 0.0 0.0 0.0 0.0 
0.0 0.0 0.0 0.0 0.0 0.0 0.0 0.0 0.0 0.0 0.0 11.5 0.0 0.0 0.0 0.0 
0.0 0.0 0.0 0.0 0.0 0.0 0.0 0.0 0.0 0.0 0.0 12.0 0.0 0.0 0.0 0.0 
0.0 0.0 0.0 0.0 0.0 0.0 0.0 0.0 0.0 0.0 0.0 12.5 0.0 0.0 0.0 0.0 
0.0 0.0 0.0 0.0 0.0 0.0 0.0 0.0 0.0 0.0 0.0 13.0 0.0 0.0 0.0 0.0 
0.0 0.0 0.0 0.0 0.0 0.0 0.0 0.0 0.0 0.0 0.0 13.5 0.0 0.0 0.0 0.0 
0.0 0.0 0.0 0.0 0.0 0.0 0.0 0.0 0.0 0.0 0.0 14.0 0.0 0.0 0.0 0.0 
0.0 0.0 0.0 0.0 0.0 0.0 0.0 0.0 0.0 0.0 0.0 14.5 0.0 0.0 0.0 0.0 
0.0 0.0 0.0 0.0 0.0 0.0 0.0 0.0 0.0 0.0 0.0 15.0 0.0 0.0 0.0 0.0 
0.0 0.0 0.0 0.0 0.0 0.0 0.0 0.0 0.0 0.0 0.0 15.5 0.0 0.0 0.0 0.0 
0.0 0.0 0.0 0.0 0.0 0.0 0.0 0.0 0.0 0.0 0.0 16.0 0.0 0.0 0.0 0.0 
0.0 0.0 0.0 0.0 0.0 0.0 0.0 0.0 0.0 0.0 0.0 16.5 0.0 0.0 0.0 0.0 
0.0 0.0 0.0 0.0 0.0 0.0 0.0 0.0 0.0 0.0 0.0 17.0 0.0 0.0 0.0 0.0 
0.0 0.0 0.0 0.0 0.0 0.0 0.0 0.0 0.0 0.0 0.0 17.5 0.0 0.0 0.0 0.0 
0.0 0.0 0.0 0.0 0.0 0.0 0.0 0.0 0.0 0.0 0.0 18.0 0.0 0.0 0.0 0.0 
0.0 0.0 0.0 0.0 0.0 0.0 0.0 0.0 0.0 0.0 0.0 18.5 0.0 0.0 0.0 0.0 
0.0 0.0 0.0 0.0 0.0 0.0 0.0 0.0 0.0 0.0 0.0 19.0 0.0 0.0 0.0 0.0 
0.0 0.0 0.0 0.0 0.0 0.0 0.0 0.0 0.0 0.0 0.0 19.5 0.0 0.0 0.0 0.0 
0.0 0.0 0.0 0.0 0.0 0.0 0.0 0.0 0.0 0.0 0.0 20.0 0.0 0.0 0.0 0.0 
0.0 0.0 0.0 0.0 0.0 0.0 0.0 0.0 0.0 0.0 0.0 20.5 0.0 0.0 0.0 0.0 
0.0 0.0 0.0 0.0 0.0 0.0 0.0 0.0 0.0 0.0 0.0 21.0 0.0 0.0 0.0 0.0 
0.0 0.0 0.0 0.0 0.0 0.0 0.0 0.0 0.0 0.0 0.0 21.5 0.0 0.0 0.0 0.0 
0.0 0.0 0.0 0.0 0.0 0.0 0.0 0.0 0.0 0.0 0.0 22.0 0.0 0.0 0.0 0.0 
0.0 0.0 0.0 0.0 0.0 0.0 0.0 0.0 0.0 0.0 0.0 22.5 0.0 0.0 0.0 0.0 
0.0 0.0 0.0 0.0 0.0 0.0 0.0 0.0 0.0 0.0 0.0 23.0 0.0 0.0 0.0 0.0 
0.0 0.0 0.0 0.0 0.0 0.0 0.0 0.0 0.0 0.0 0.0 23.5 0.0 0.0 0.0 0.0 
0.0 4.26722371706e-06 0.0 0.018565 0.0 0.0 0.0 0.0 0.0 0.0 4.884145083e-08 24.0 0.0 0.0 0.0 0.0 
0.0 5.31340333165e-06 0.0 0.079946 0.0 0.0 0.0 0.0 0.0 0.0 1.374295806e-07 24.5 0.0 0.0 0.0 0.0 
0.0 5.87319989669e-06 0.0 0.154843 0.0 0.0 0.0 0.021345 0.0 0.0 2.875041e-07 25.0 3.10872567888e-06 3.449164e-08 0.0 0.0 
0.0 5.8754412776e-06 0.0 0.227834 0.0 0.0 0.0 0.065248 0.0 0.0 4.422088e-07 25.5 3.4280776909e-06 1.377373e-07 0.0 0.0 
0.0 6.0806590576e-06 0.0 0.302974 0.0 0.0 0.0 0.124602 0.0 0.0 6.541089485e-07 26.0 4.16185408881e-06 2.392779e-07 0.0 0.0 
0.0 6.6668406636e-06 0.0 0.382338 0.0 0.0 0.0 0.172842 0.0 0.0 8.664752e-07 26.5 4.46673013062e-06 3.532227547e-07 0.0 0.0 
0.0 7.04569698207e-06 0.0 0.484525 0.0 0.0 0.0 0.241567597 0.0 0.0 1.074163e-06 27.0 4.68360495573e-06 4.721565e-07 0.0 0.0 
0.0 7.37988948669e-06 0.0 0.584033 0.0 0.0 0.0 0.295453067 0.0 0.0 1.257463e-06 27.5 4.95287908658e-06 6.389580404e-07 0.0 0.0 
0.0 7.71093366093e-06 0.0 0.688364 0.0 0.0 0.0 0.37422 0.0 0.0 1.445741e-06 28.0 5.10670958983e-06 7.85267e-07 0.0 0.0 
0.043335 8.21918388746e-06 0.0 0.78259 1.14134e-07 0.0 0.0 0.45229521 0.0 0.0 1.678015e-06 28.5 5.2752096384e-06 9.438385e-07 3.01852576725e-06 0.0 
0.091595 8.47296860818e-06 0.0 0.872372 2.141907e-07 0.0 0.0 0.520329 0.0 0.0 1.919753e-06 29.0 5.3545467777e-06 1.122001e-06 3.25169209476e-06 0.0 
0.139062 8.42898537705e-06 0.0 0.976827 3.811455e-07 0.0 0.0 0.598314 0.0 0.0 2.162586e-06 29.5 5.46152799708e-06 1.325494e-06 3.48178751573e-06 0.0 
0.189332 8.58579609525e-06 0.0 1.122566 5.13506e-07 0.0 0.0 0.677564 0.0 0.0 2.405617e-06 30.0 5.49451327434e-06 1.530648651e-06 3.60759821089e-06 0.0 
0.253254 8.43892042942e-06 0.0 1.233976 6.534194e-07 0.0 0.0 0.757954 0.0 0.0 2.651677634e-06 30.5 5.68925268043e-06 1.743804104e-06 3.80730807318e-06 0.0 
0.3168785 9.10351151696e-06 0.0 1.345988 8.06155e-07 0.0 0.0 0.84365008 0.0 0.0 2.951199e-06 31.0 5.81967900451e-06 1.931864597e-06 3.96314195446e-06 0.0 
0.373987 9.06151328375e-06 0.0 1.454951 9.388776e-07 0.0 0.0 0.927016 0.0 0.0 3.19917e-06 31.5 5.91045019333e-06 2.129639e-06 4.1736971118e-06 0.0 
0.425783 9.02063021518e-06 0.0 1.559073 1.109585e-06 0.0 0.0 1.004697 0.0 0.0 3.424646e-06 32.0 6.01928337165e-06 2.354097e-06 4.36516208277e-06 0.0 
0.467555 9.88238132503e-06 0.0 1.662611 1.261045e-06 0.0 0.0 1.11788 0.0 0.0 3.669281785e-06 32.5 6.09656722275e-06 2.569393e-06 4.43884196741e-06 0.0 
0.5496155 9.87553215971e-06 0.0 1.794598 1.4300045e-06 0.0 0.0 1.233570254 0.0 0.0 3.913836951e-06 33.0 6.1838633994e-06 2.77695497e-06 4.53931801028e-06 0.0 
0.606629 1.00229768897e-05 0.0 1.905532 1.6153795e-06 0.0 0.0 1.322311 0.0 0.0 4.210166e-06 33.5 6.26368402279e-06 2.990488e-06 4.64905606834e-06 0.0 
0.678167 1.01892752576e-05 0.0 2.015436 1.820236e-06 0.0 0.0 1.411283319 6.459704193e-08 3.06248929912e-06 4.551685e-06 34.0 6.31811850224e-06 3.197763235e-06 4.71555405364e-06 0.019240924 
0.746293 1.02873480883e-05 0.0 2.13226 2.030264e-06 0.0 0.0 1.489126 3.04414294e-07 3.45094390768e-06 4.775239e-06 34.5 6.38476419582e-06 3.427049e-06 4.81003815156e-06 0.09452 
0.812233 1.02557368907e-05 0.0 2.236645 2.284814e-06 0.0 0.0 1.562677 4.707600217e-07 3.74088054873e-06 4.974729812e-06 35.0 6.4286905913e-06 3.674419e-06 4.95719499632e-06 0.163836197 
0.8829765 1.10161198259e-05 0.0 2.339509 2.508826e-06 0.0 0.0 1.641562 6.756574e-07 3.86930517623e-06 5.129088312e-06 35.5 6.58038337686e-06 3.929111224e-06 5.04654292738e-06 0.197628 
0.948068 1.17440822283e-05 0.0 2.486235 2.704669e-06 0.0 0.0 1.718334 8.130111756e-07 4.02330954743e-06 5.31214e-06 36.0 6.80385374973e-06 4.150089e-06 5.11269905948e-06 0.268094 
1.0283015 1.2021418857e-05 0.0 2.673359 2.9618355e-06 0.0 0.0 1.825387643 1.00542442e-06 4.26961459712e-06 5.558588402e-06 36.5 6.94488650322e-06 4.384682e-06 5.23732238683e-06 0.329495 
1.122615 1.20689852936e-05 3.13788501567e-06 2.855113 3.1853705e-06 1.057235083e-07 0.045607 1.917299707 1.263589e-06 4.32489366217e-06 5.805379e-06 37.0 6.98057155784e-06 4.632536e-06 5.28749836731e-06 0.375978 
1.2162775 1.21171436457e-05 3.45414041068e-06 3.030401 3.395499e-06 2.960391424e-07 0.092798798 2.015021 1.530732929e-06 4.36986683951e-06 6.02419e-06 37.5 7.05930414247e-06 4.860525e-06 5.37142080527e-06 0.442980297 
1.297114 1.20285191487e-05 3.61450362542e-06 3.188663649 3.66745e-06 6.244995272e-07 0.177337 2.104364 1.784370896e-06 4.42751109616e-06 6.236265e-06 38.0 7.13753079381e-06 5.075216e-06 5.46147074216e-06 0.523204914 
1.367665 1.19372714155e-05 3.6691178278e-06 3.345792642 3.94367e-06 9.029002e-07 0.234663 2.186026136 2.01875184e-06 4.47300565717e-06 6.500909813e-06 38.5 7.17603319282e-06 5.277962233e-06 5.52760805578e-06 0.620761 
1.4311175 1.19917820553e-05 3.6016079131e-06 3.484859289 4.199214e-06 1.101875319e-06 0.271978 2.275311387 2.283682479e-06 4.53922260143e-06 6.771738563e-06 39.0 7.19338509498e-06 5.529956e-06 5.55236197392e-06 0.708986011 
1.492938 1.21566522149e-05 3.65312072156e-06 3.610609267 4.454997e-06 1.358371e-06 0.285723 2.363294928 2.578770612e-06 4.57063572777e-06 7.01554925e-06 39.5 7.29715161379e-06 5.735628e-06 5.58621272157e-06 0.763146 
1.558559 1.20873712784e-05 3.77246571684e-06 3.7313771 4.67547e-06 1.464774e-06 0.338049027 2.48241028 2.885100891e-06 4.6245681127e-06 7.253672852e-06 40.0 7.34701968551e-06 5.944677e-06 5.6594306341e-06 0.817443 
1.609809 1.21254607901e-05 3.74337051868e-06 3.84529575 4.900899e-06 1.630951e-06 0.391454349 2.565447 3.18471404e-06 4.66643018427e-06 7.330289e-06 40.5 7.46504825518e-06 6.147131e-06 5.69778022304e-06 0.873633 
1.6745735 1.21543915777e-05 3.67664003593e-06 3.931655917 5.123493e-06 1.814184e-06 0.435992767 2.666589898 3.448837e-06 4.70182395829e-06 7.485826268e-06 41.0 7.55805292803e-06 6.350912e-06 5.76103855766e-06 0.91806623 
1.751688 1.20125763973e-05 3.58305849839e-06 4.01079402 5.320368e-06 1.988058e-06 0.48089 2.737952184 3.730391e-06 4.70134507007e-06 7.670357212e-06 41.5 7.61790104823e-06 6.564475482e-06 5.85250761372e-06 0.989809 
1.8171915 1.18843412948e-05 3.48363884505e-06 4.081229 5.585978e-06 2.238168e-06 0.506737 2.79759496 3.976967e-06 4.71953513351e-06 7.829348e-06 42.0 7.70426155187e-06 6.756014e-06 5.90406620823e-06 1.055518019 
1.871171 1.19047761972e-05 3.4304981674e-06 4.14375 5.714837e-06 2.361904227e-06 0.531912279 2.867345356 4.214883e-06 4.74336016049e-06 8.078259709e-06 42.5 7.72221748551e-06 7.02206e-06 5.93548342308e-06 1.118018825 
1.90888 1.19193013277e-05 3.41795401521e-06 4.19884 5.906592e-06 2.619162772e-06 0.565400217 2.942508696 4.455128e-06 4.76055165677e-06 8.338060736e-06 43.0 7.79339574177e-06 7.208674152e-06 5.99095899533e-06 1.172714815 
1.960069 1.19301537767e-05 3.40744570673e-06 4.231296 6.076518e-06 2.928704876e-06 0.61365114 3.006754964 4.676435932e-06 4.80608302004e-06 8.441396476e-06 43.5 7.93035102008e-06 7.359828e-06 6.03926775501e-06 1.228591 
1.999265 1.19507191763e-05 3.39911755641e-06 4.235492 6.2282455e-06 3.182177402e-06 0.669024767 3.059366 4.808945156e-06 4.81896268734e-06 8.616017e-06 44.0 7.93886898145e-06 7.55784154e-06 6.08112099467e-06 1.27514285 
2.060259 1.19795428091e-05 3.39328992946e-06 4.249416 6.38818e-06 3.427240704e-06 0.722015593 3.112849 5.017203092e-06 4.82985859374e-06 8.777515003e-06 44.5 8.01063931332e-06 7.711564567e-06 6.13088808717e-06 1.332012563 
2.107875 1.20043191276e-05 3.39620463683e-06 4.272734 6.511221e-06 3.635208122e-06 0.764759457 3.15355 5.214449e-06 4.83694655407e-06 8.902414e-06 45.0 8.00328723445e-06 7.824379474e-06 6.17087065832e-06 1.378276219 
2.1526055 1.20235079862e-05 3.39671703799e-06 4.303536071 6.6284955e-06 3.843012e-06 0.806596 3.169904 5.411890038e-06 4.84265125482e-06 9.016305e-06 45.5 7.97014400199e-06 7.965609e-06 6.16955987591e-06 1.43238 
2.191585 1.20368108384e-05 3.39501029879e-06 4.343416322 6.80951e-06 4.052206e-06 0.848335 3.190743824 5.594677391e-06 4.86678026374e-06 9.183711117e-06 46.0 8.0401069088e-06 8.127034e-06 6.20196081851e-06 1.473834 
2.223705 1.20439245459e-05 3.40899222241e-06 4.356571239 6.92887e-06 4.303725e-06 0.890483 3.215594 5.745162e-06 4.87231057649e-06 9.344608108e-06 46.5 8.17066883921e-06 8.291351e-06 6.21676488828e-06 1.497976 
2.258762 1.20445371432e-05 3.49244144375e-06 4.371895891 7.053586e-06 4.546170139e-06 0.933092 3.256953321 5.90213236e-06 4.87736382366e-06 9.504819222e-06 47.0 8.28569067498e-06 8.412603837e-06 6.23253020627e-06 1.532477848 
2.323622 1.20383460142e-05 3.58442609002e-06 4.393093614 7.206311e-06 4.802350825e-06 0.97071 3.279115 6.166838125e-06 4.88052435154e-06 9.61632e-06 47.5 8.34766087054e-06 8.535122e-06 6.24661726786e-06 1.575492 
2.3775795 1.20331992141e-05 3.6390022822e-06 4.419636689 7.34864e-06 4.970882e-06 1.009827 3.355649 6.317938436e-06 4.88228620897e-06 9.750648e-06 48.0 8.34093651198e-06 8.678818014e-06 6.25287873871e-06 1.622554 
2.443164 1.20450315296e-05 3.67354230503e-06 4.452238156 7.536145e-06 5.094382e-06 1.040717 3.373672 6.439250766e-06 4.88975443044e-06 9.933408934e-06 48.5 8.32841278655e-06 8.819512e-06 6.22472939979e-06 1.657288152 
2.489751 1.20287370251e-05 3.68991237731e-06 4.491458749 7.719272e-06 5.355042388e-06 1.063029 3.425282809 6.602779917e-06 4.89917938174e-06 1.00492e-05 49.0 8.30457580912e-06 8.973157624e-06 6.21402075431e-06 1.690275198 
2.5531135 1.19824078889e-05 3.74512811229e-06 4.53557046 7.9030085e-06 5.451681043e-06 1.080635278 3.481002 6.743283692e-06 4.91034771905e-06 1.024718e-05 49.5 8.31508831412e-06 9.119127e-06 6.240578337e-06 1.736011 
2.611123 1.1988917363e-05 3.82860048352e-06 4.587367 8.095439e-06 5.499039064e-06 1.088333545 3.563788258 6.933432e-06 4.90330482392e-06 1.058267e-05 50.0 8.32741282362e-06 9.276714e-06 6.2282090575e-06 1.772684 
2.67017 1.19658443104e-05 3.85816893997e-06 4.640739 8.2315755e-06 5.681729e-06 1.112123604 3.629671063 7.052280616e-06 4.89568763068e-06 1.087601e-05 50.5 8.37494526727e-06 9.411566e-06 6.2354151333e-06 1.804124903 
2.7408165 1.18496341731e-05 3.86055027712e-06 4.697771 8.417e-06 5.883268262e-06 1.158635599 3.676909 7.211366446e-06 4.88974473401e-06 1.097129e-05 51.0 8.28012124523e-06 9.556381e-06 6.24488142642e-06 1.846705 
2.801198 1.17654477066e-05 3.93321163736e-06 4.777174719 8.637278e-06 6.015635267e-06 1.224636 3.771379 7.407616638e-06 4.91550562617e-06 1.115891955e-05 51.5 8.26194847714e-06 9.702855017e-06 6.25583180155e-06 1.874358 
2.860746 1.16829347967e-05 4.02542407513e-06 4.82488027 8.875791e-06 6.096132285e-06 1.271012 3.856902373 7.550968e-06 4.95008486569e-06 1.133916e-05 52.0 8.24621751196e-06 9.941041e-06 6.24861049562e-06 1.9274867 
2.93991 1.14453098163e-05 4.13326868064e-06 4.879627 9.060016e-06 6.368351e-06 1.307403072 3.93667 7.74150471e-06 4.9682905966e-06 1.161753819e-05 52.5 8.21131371219e-06 1.023074e-05 6.21553670918e-06 1.998427 
2.9824825 1.14326521415e-05 4.24511267548e-06 4.976310971 9.320395e-06 6.604926e-06 1.345068 4.002931 7.993265e-06 5.00590808191e-06 1.18127e-05 53.0 8.19526599502e-06 1.045795e-05 6.19035498924e-06 2.076525684 
3.057083 1.13935833141e-05 4.26309339281e-06 5.039589579 9.4901565e-06 6.791616e-06 1.348528 4.105751 8.111576306e-06 5.01873946376e-06 1.211919e-05 53.5 8.16731990285e-06 1.07565e-05 6.15489631744e-06 2.114345 
3.153522 1.12758811623e-05 4.33408565766e-06 5.123206934 9.671473e-06 6.848804609e-06 1.400911 4.200514939 8.272499e-06 5.02910693547e-06 1.233637e-05 54.0 8.12975114839e-06 1.098664e-05 6.12429854836e-06 2.167273 
3.241669 1.11477243745e-05 4.42623596143e-06 5.245716683 9.870239e-06 6.981477666e-06 1.47974 4.286461271 8.406855228e-06 5.06416852505e-06 1.278536661e-05 54.5 8.0738624583e-06 1.129326e-05 6.04674861338e-06 2.232937638 
3.32587 1.10088372963e-05 4.49371349889e-06 5.372550859 1.0096885e-05 7.164177e-06 1.548612 4.404564176 8.586838396e-06 5.0885543245e-06 1.328209004e-05 55.0 7.99492979733e-06 1.163539e-05 6.02668767747e-06 2.279998991 
3.411045 1.07198534407e-05 4.50300708278e-06 5.453295 1.029675e-05 7.190281e-06 1.631847 4.506457083 8.812688e-06 5.10594774704e-06 1.364107e-05 55.5 7.90729891198e-06 1.197254573e-05 6.00310132597e-06 2.354835979 
3.508605 1.04279617577e-05 4.58025966615e-06 5.620311 1.056424e-05 7.215862e-06 1.680482 4.651677794 8.933001e-06 5.13726278004e-06 1.419057823e-05 56.0 7.8218178716e-06 1.232214e-05 5.97618053793e-06 2.402799 
3.591472 1.02949453928e-05 4.62663189076e-06 5.776789 1.0819425e-05 7.263152687e-06 1.720885421 4.803471 9.083778159e-06 5.17507414309e-06 1.472548e-05 56.5 7.74881175915e-06 1.277228331e-05 5.96580814824e-06 2.44935 
3.707526 1.01642995058e-05 4.67867924397e-06 5.982645842 1.105996e-05 7.285987393e-06 1.773261 4.955394 9.159562423e-06 5.17706153537e-06 1.529431547e-05 57.0 7.70969802227e-06 1.320571e-05 5.91149136912e-06 2.51941225 
3.78204 9.88306658899e-06 4.73124953811e-06 6.159533 1.130295e-05 7.330488654e-06 1.815265 5.144871763 9.370341943e-06 5.17421929936e-06 1.587475776e-05 57.5 7.62402882517e-06 1.369527e-05 5.89234123087e-06 2.591562 
3.895682 9.62693723965e-06 4.73170339432e-06 6.37956 1.150071e-05 7.318319e-06 1.864519 5.267159 9.483413467e-06 5.17147528442e-06 1.654129e-05 58.0 7.53991633172e-06 1.422845e-05 5.88154837204e-06 2.706065087 
3.977262 9.37199968551e-06 4.75974037829e-06 6.580870658 1.1701745e-05 7.338332e-06 1.870803 5.452138353 9.570298e-06 5.17467492649e-06 1.706713099e-05 58.5 7.43724548076e-06 1.476862079e-05 5.84029809909e-06 2.775883 
4.100991 9.14004613994e-06 4.70973369321e-06 6.671962 1.183998e-05 7.366381e-06 1.879941 5.568917409 9.689755552e-06 5.17447182283e-06 1.836167671e-05 59.0 7.3282536982e-06 1.50960588e-05 5.82487678297e-06 2.848240846 
4.233219 8.90980579647e-06 4.7272705495e-06 6.846176 1.2042085e-05 7.39730076e-06 1.937292 5.750649 9.757086e-06 5.1647009184e-06 1.912094e-05 59.5 7.19405184156e-06 1.545148e-05 5.78008826647e-06 2.895922 
4.3257 8.54393186881e-06 4.71769782415e-06 7.026504028 1.2177905e-05 7.345677e-06 1.956531 5.923099 9.760156029e-06 5.15428092816e-06 1.959019e-05 60.0 7.05481999484e-06 1.578469e-05 5.73563009864e-06 2.968175 
4.421599 8.28007712739e-06 4.69922701781e-06 7.228501164 1.231746e-05 7.317379e-06 1.980518 6.045187488 9.691293001e-06 5.13801240735e-06 2.011862e-05 60.5 6.86366507095e-06 1.623472e-05 5.69633803369e-06 3.033195 
4.540449 8.10282361463e-06 4.66372867078e-06 7.424972724 1.257344e-05 7.251161e-06 2.017398475 6.156226267 9.71889e-06 5.11661068002e-06 2.048826e-05 61.0 6.6909634486e-06 1.658939e-05 5.6604246739e-06 3.116113 
4.63262 7.69506922558e-06 4.63708314739e-06 7.706951976 1.267524e-05 7.183131e-06 2.045983 6.34298 9.683515e-06 5.07923836029e-06 2.089656587e-05 61.5 6.5576015419e-06 1.689376446e-05 5.58707277162e-06 3.212797545 
4.722543 7.59397003518e-06 4.55535244823e-06 7.973817 1.2795935e-05 7.110894925e-06 2.061767 6.505293 9.620314e-06 5.03042233863e-06 2.124825828e-05 62.0 6.4678692831e-06 1.704951039e-05 5.52750827324e-06 3.284815 
4.785368 7.34684204355e-06 4.54009185002e-06 8.209695 1.288054e-05 7.022045591e-06 2.078436 6.56222291 9.546709e-06 4.9598215142e-06 2.183251926e-05 62.5 6.35030464218e-06 1.731057435e-05 5.47052734421e-06 3.341670005 
4.832226 7.26474748209e-06 4.39892571154e-06 8.457976 1.295731e-05 6.927586399e-06 2.095852 6.674794378 9.482238297e-06 4.89086786755e-06 2.210686406e-05 63.0 6.23578705908e-06 1.744607865e-05 5.40653345981e-06 3.427633492 
4.87278 7.08647743582e-06 4.32237577962e-06 8.629136 1.292273e-05 6.824571e-06 2.113881 6.770685012 9.295996676e-06 4.80786739541e-06 2.284175e-05 63.5 6.13999680813e-06 1.757915e-05 5.35826382645e-06 3.480719 
4.940288 7.00077170303e-06 4.17506510054e-06 8.75018 1.299275e-05 6.705314521e-06 2.132384 6.827379 9.214556e-06 4.73268172219e-06 2.237026e-05 64.0 6.03240744214e-06 1.770207e-05 5.29775486474e-06 3.53583 
4.994672 6.93047416868e-06 3.9874130475e-06 8.998473 1.296389e-05 6.594654e-06 2.151224 6.865626 9.05707e-06 4.64064756663e-06 2.22445216e-05 64.5 5.9572437221e-06 1.778338071e-05 5.23659659365e-06 3.533123 
5.0401955 6.78533998216e-06 3.85283671505e-06 9.174426 1.2905045e-05 6.481165e-06 2.170266 6.947695 8.7903e-06 4.5356686638e-06 2.220751425e-05 65.0 5.89617843988e-06 1.765326854e-05 5.18313771826e-06 3.643245 
5.08556 6.80012257385e-06 3.71147240703e-06 9.26401 1.2799895e-05 6.362055e-06 2.156985977 7.017711694 8.597417e-06 4.4411913084e-06 2.202667e-05 65.5 5.80296808469e-06 1.768030418e-05 5.1013487421e-06 3.647329276 
5.100321 6.81194352534e-06 3.44261534753e-06 9.255275852 1.267318e-05 6.222428066e-06 2.136908574 7.052433 8.468127e-06 4.36981510262e-06 2.174017e-05 66.0 5.74664889707e-06 1.750810913e-05 5.04645535624e-06 3.613623 
5.0958905 6.71293456938e-06 3.2379950888e-06 9.217630431 1.251788e-05 5.940027817e-06 2.117597911 6.968456 8.374111e-06 4.3025701024e-06 2.140967244e-05 66.5 5.69162533261e-06 1.731525417e-05 4.96609977782e-06 3.626286 
5.079171 6.60926786957e-06 3.15059025118e-06 9.154381599 1.2357785e-05 5.668317803e-06 2.117682765 6.964069064 8.20024e-06 4.23789220168e-06 2.108436e-05 67.0 5.57930922665e-06 1.716775987e-05 4.88911369414e-06 3.611961 
5.05571 6.56640532365e-06 3.101976853e-06 9.034032 1.222303e-05 5.521487634e-06 2.123964 6.978061 7.934755e-06 4.15224566468e-06 2.07249859e-05 67.5 5.5144852141e-06 1.692296976e-05 4.83322550792e-06 3.613774 
5.020704 6.51123328665e-06 3.10252978877e-06 8.940921 1.1971325e-05 5.346370749e-06 2.132419 7.021324 7.739083e-06 4.0695068049e-06 2.032017762e-05 68.0 5.43540355109e-06 1.663324255e-05 4.77996273383e-06 3.604348327 
5.012667 6.44452026891e-06 3.06780578092e-06 8.836891 1.175762e-05 5.180334563e-06 2.140364 6.871315 7.574902e-06 3.98588347134e-06 1.998261105e-05 68.5 5.35978178734e-06 1.632269115e-05 4.72548544471e-06 3.562924418 
4.961836 6.36702618145e-06 2.9654539117e-06 8.6871 1.1486995e-05 4.99598305e-06 2.147747 6.760945 7.445933604e-06 3.91603048513e-06 1.924714978e-05 69.0 5.28987652414e-06 1.592554372e-05 4.66861656057e-06 3.536905769 
4.918252 6.27950615087e-06 2.94911658236e-06 8.58323112 1.117205e-05 4.854607e-06 2.154516 6.725659983 7.285284e-06 3.83925915405e-06 1.891231e-05 69.5 5.22511261228e-06 1.532857e-05 4.56969708432e-06 3.504483824 
4.887156 6.19524993653e-06 2.9469184488e-06 8.34852227 1.07818e-05 4.687466e-06 2.160622 6.58604 7.148291e-06 3.73363974993e-06 1.821078e-05 70.0 5.16268988899e-06 1.478370616e-05 4.50581458874e-06 3.475959 
4.7928715 6.15517824013e-06 2.93039952985e-06 8.130699 1.043561e-05 4.472576e-06 2.166013 6.483489401 6.976630334e-06 3.65445756938e-06 1.74135591e-05 70.5 5.11507516512e-06 1.432794766e-05 4.44956605491e-06 3.454303003 
4.724473 6.09807424723e-06 2.91151665646e-06 7.914102 1.014781e-05 4.275981018e-06 2.164515 6.355757546 6.816831297e-06 3.5921095102e-06 1.6984e-05 71.0 5.04525904972e-06 1.379322e-05 4.34663396923e-06 3.419774 
4.644047 5.96244158095e-06 2.89409064275e-06 7.729321 9.823055e-06 4.097585616e-06 2.102560004 6.169008044 6.707228158e-06 3.52730025369e-06 1.675290802e-05 71.5 4.95650896251e-06 1.325598e-05 4.28786599671e-06 3.379196277 
4.495726 5.82409469456e-06 2.92098712662e-06 7.661000489 9.528317e-06 3.999808e-06 2.039159195 5.96928 6.483666111e-06 3.46612813113e-06 1.611204175e-05 72.0 4.90882390249e-06 1.266507674e-05 4.22062909367e-06 3.319397 
4.347718 5.68519203011e-06 2.86877144823e-06 7.381066114 9.1477895e-06 3.991665e-06 2.028340008 5.805787 6.271556967e-06 3.39045652591e-06 1.523139056e-05 72.5 4.82510715935e-06 1.205624e-05 4.16692441622e-06 3.23205447 
4.223674 5.54268102878e-06 2.86820903515e-06 7.064133593 8.692561e-06 3.948139e-06 2.037065472 5.621851652 6.065931e-06 3.34027146542e-06 1.459845607e-05 73.0 4.76241201316e-06 1.144252e-05 4.11283854443e-06 3.141799 
4.1090485 5.41371409691e-06 2.84453533043e-06 6.755671668 8.2771e-06 3.843129e-06 2.045537358 5.462531 5.89871e-06 3.29909341565e-06 1.387104789e-05 73.5 4.65991983473e-06 1.084746e-05 4.04981420689e-06 3.040157196 
4.011763 5.24800243829e-06 2.82676076059e-06 6.516999124 7.863855e-06 3.715211e-06 2.056279 5.227684933 5.732051e-06 3.2688038063e-06 1.289469e-05 74.0 4.57129596304e-06 1.030244412e-05 3.96194369901e-06 2.927871 
3.869796 5.14037715155e-06 2.80587598651e-06 6.143299265 7.448228e-06 3.590987e-06 2.042917 5.000727854 5.4343416e-06 3.22283615275e-06 1.19071e-05 74.5 4.49913325704e-06 9.690293e-06 3.89633974772e-06 2.840745 
3.701248 5.10586585976e-06 2.80876503707e-06 5.766538 7.032739e-06 3.460588855e-06 1.959447754 4.796158 5.182719e-06 3.18339049264e-06 1.102069e-05 75.0 4.41982967825e-06 9.108528e-06 3.82380397131e-06 2.75816444 
3.5498365 5.01459748468e-06 2.80010069747e-06 5.447516 6.636532e-06 3.281231461e-06 1.877514 4.597575 4.929725e-06 3.14384361488e-06 1.044401369e-05 75.5 4.33025067303e-06 8.617444e-06 3.74900539193e-06 2.664927 
3.391438 4.8988449698e-06 2.7579713128e-06 5.150009 6.252658e-06 3.140127063e-06 1.774535519 4.361884 4.680966e-06 3.12580687861e-06 9.771875e-06 76.0 4.23568458683e-06 8.048685322e-06 3.68471526082e-06 2.579673713 
3.222596 4.75432982329e-06 2.73938453262e-06 4.952196 5.854775e-06 3.079078207e-06 1.701916 4.133641387 4.455485e-06 3.09210180541e-06 9.18627e-06 76.5 4.15786946984e-06 7.517945515e-06 3.62942450578e-06 2.489639 
3.0763875 4.71878027254e-06 2.73731087047e-06 4.671549 5.467275e-06 3.033965e-06 1.689581 3.896881 4.209114e-06 3.05868980613e-06 8.55076e-06 77.0 4.07233248167e-06 7.070649e-06 3.56875237537e-06 2.396248 
2.9171805 4.6835751901e-06 2.74069105088e-06 4.38499 5.161263e-06 2.895318389e-06 1.583956517 3.701458 3.926956e-06 3.03013963872e-06 8.096628e-06 77.5 3.98837032378e-06 6.570006e-06 3.50425971599e-06 2.2726147 
2.773384 4.64253504111e-06 2.74613063818e-06 4.150221404 4.745865e-06 2.690067958e-06 1.45435148 3.509283129 3.669135e-06 3.00440392436e-06 7.818134169e-06 78.0 3.89499172968e-06 6.033146e-06 3.44233328228e-06 2.142046 
2.61032 4.56858567505e-06 2.73778893477e-06 3.919667 4.3847805e-06 2.491543429e-06 1.490535 3.270740899 3.451655e-06 2.97938905294e-06 7.286744883e-06 78.5 3.83545468858e-06 5.621804031e-06 3.3885825641e-06 2.046482256 
2.4559395 4.56920801527e-06 2.73321298789e-06 3.712471833 4.028837e-06 2.309013601e-06 1.383832 3.059492906 3.200962308e-06 2.96026439315e-06 6.813654e-06 79.0 3.7693017393e-06 5.208802e-06 3.33287356058e-06 1.909579633 
2.331741 4.56966009232e-06 2.73215532477e-06 3.537769375 3.7569495e-06 2.091828e-06 1.226811 2.914563 2.995844e-06 2.94101304949e-06 6.380488639e-06 79.5 3.71159334732e-06 4.807844146e-06 3.28290695685e-06 1.771016868 
2.177267 4.55258285979e-06 2.73139229825e-06 3.311237669 3.487859e-06 1.867857e-06 1.080382 2.74637491 2.73113441e-06 2.90687762849e-06 5.691187793e-06 80.0 3.65353732503e-06 4.472910682e-06 3.22443584234e-06 1.639700782 
2.055623 4.52532331831e-06 2.72974873723e-06 3.143321078 3.2368925e-06 1.614971e-06 1.025007 2.564441006 2.451707e-06 2.88498124216e-06 5.265185017e-06 80.5 3.57946930659e-06 4.18138e-06 3.17383135126e-06 1.504052325 
1.9392065 4.49775250983e-06 2.72935747021e-06 2.980769 2.9825975e-06 1.386715e-06 0.865182281 2.428285 2.210753e-06 2.85863091264e-06 5.091414707e-06 81.0 3.5341150176e-06 3.927713076e-06 3.13097579928e-06 1.376401 
1.8191855 4.46968648981e-06 2.71626127083e-06 2.823701688 2.7709095e-06 1.167584e-06 0.75575 2.340501 1.935443e-06 2.84081491433e-06 4.747623866e-06 81.5 3.47000595349e-06 3.673131479e-06 3.09701919543e-06 1.193159 
1.707246 4.44109809031e-06 2.70184923504e-06 2.753622 2.5994155e-06 9.840189e-07 0.586300372 2.254984 1.690495198e-06 2.81757699977e-06 4.510415e-06 82.0 3.44791798404e-06 3.428805995e-06 3.05677970198e-06 1.046815 
1.620518 4.41233707053e-06 2.6892265021e-06 2.71679 2.4445865e-06 7.732097e-07 0.473343154 2.1748148 1.53196e-06 2.792578437e-06 4.41822e-06 82.5 3.42869782107e-06 3.293126e-06 3.01886720463e-06 0.940814748 
1.5122915 4.42423043962e-06 2.67393840419e-06 2.684425 2.316543e-06 6.779352e-07 0.408986 2.103476 1.302671837e-06 2.7624027355e-06 4.159588e-06 83.0 3.4070894023e-06 3.160251157e-06 2.9762716127e-06 0.843618 
1.435536 4.46923488364e-06 2.66290450728e-06 2.647050396 2.206631e-06 5.479442e-07 0.345214908 2.038717628 1.192721e-06 2.74508335337e-06 3.975744107e-06 83.5 3.38543051091e-06 3.032781e-06 2.95058301427e-06 0.757138 
1.374476 4.45604935417e-06 2.65801419013e-06 2.618463 2.109634e-06 4.251069735e-07 0.269903497 1.977115936 1.09087e-06 2.72989357435e-06 3.845783272e-06 84.0 3.36837554551e-06 2.917482032e-06 2.94472185069e-06 0.698186 
1.314808 4.42903743473e-06 2.65616679594e-06 2.58703 2.0107055e-06 3.377282e-07 0.201933 1.912330654 1.038365e-06 2.72088611971e-06 3.820969e-06 84.5 3.34269221592e-06 2.846766e-06 2.94111437407e-06 0.663909 
1.303047 4.3994841255e-06 2.65125689578e-06 2.556808 1.964643e-06 3.078955e-07 0.178164637 1.888163 9.832848e-07 2.70753810393e-06 3.786458937e-06 85.0 3.32082461761e-06 2.79983e-06 2.93082595532e-06 0.639034 
1.2705145 4.38854870466e-06 2.64280340353e-06 2.527932 1.9046085e-06 3.269481e-07 0.181404268 1.892173 9.403609409e-07 2.7034310758e-06 3.678332e-06 85.5 3.30470808318e-06 2.757967e-06 2.91544380349e-06 0.648143 
1.267956 4.44442450288e-06 2.64108203907e-06 2.500536 1.881135e-06 3.29547e-07 0.19469 1.886495 9.066960332e-07 2.69917997937e-06 3.643572709e-06 86.0 3.29908648481e-06 2.733386e-06 2.89935753749e-06 0.650515883 
1.245407 4.49826060374e-06 2.63571142971e-06 2.474755 1.826604e-06 3.005653e-07 0.204616 1.882282 9.050442e-07 2.69118506664e-06 3.616955653e-06 86.5 3.27997198836e-06 2.703727947e-06 2.88853624257e-06 0.643002 
1.233467 4.51758936578e-06 2.62415297423e-06 2.450721 1.810174e-06 3.252175e-07 0.191052 1.868978 9.370042376e-07 2.68675505129e-06 3.542083578e-06 87.0 3.27247912118e-06 2.66725e-06 2.875181881e-06 0.62531273 
1.231782 4.49997850407e-06 2.60780740889e-06 2.428166 1.823846e-06 3.243135513e-07 0.179243 1.83171993 9.567632173e-07 2.67936830216e-06 3.501244868e-06 87.5 3.26635989334e-06 2.628317924e-06 2.86316641866e-06 0.623568 
1.231396 4.4725883433e-06 2.57447634467e-06 2.408437 1.82002e-06 2.946827544e-07 0.18768774 1.828008 9.356960061e-07 2.67021219257e-06 3.462674e-06 88.0 3.25781920178e-06 2.645669146e-06 2.85615444841e-06 0.634879 
1.252625 4.43733864044e-06 2.53475898362e-06 2.390455 1.819159e-06 3.565219e-07 0.19525188 1.837193327 9.652459579e-07 2.66464252032e-06 3.421611e-06 88.5 3.24819559177e-06 2.648411e-06 2.84782400049e-06 0.640388 
1.284904 4.39747835447e-06 2.4974817515e-06 2.374759 1.8554535e-06 4.136107e-07 0.225272 1.848981096 1.017711e-06 2.65817806842e-06 3.425578e-06 89.0 3.23702165921e-06 2.660459e-06 2.83654035056e-06 0.652211 
1.307583 4.35327401627e-06 2.45564057061e-06 2.375055 1.878358e-06 4.517997e-07 0.259997 1.839399 1.000965e-06 2.6466105701e-06 3.429714e-06 89.5 3.20673772209e-06 2.675074074e-06 2.82631943861e-06 0.678653936 
1.3296965 4.30499558239e-06 2.40800258498e-06 2.376017277 1.897282e-06 4.939896e-07 0.296929 1.868988 1.013452191e-06 2.64085796495e-06 3.433858e-06 90.0 3.18122040877e-06 2.68996e-06 2.81108084206e-06 0.716141 
1.356731 4.25291044133e-06 2.34736422347e-06 2.378783258 1.926542e-06 5.020691e-07 0.313273 1.886083002 1.037367e-06 2.6176282839e-06 3.42817e-06 90.5 3.16912399414e-06 2.723856e-06 2.803911106e-06 0.752811 
1.379537 4.1972862595e-06 2.29267757043e-06 2.389847 1.9486165e-06 5.894962e-07 0.341806 1.901293 1.040696405e-06 2.59424524041e-06 3.441511e-06 91.0 3.15398100757e-06 2.744731e-06 2.78616475989e-06 0.77711953 
1.404241 4.13838913931e-06 2.23883641843e-06 2.423227524 1.999808e-06 6.423801e-07 0.404352 1.927157 1.069797322e-06 2.56439920453e-06 3.444693e-06 91.5 3.13651017306e-06 2.731033572e-06 2.77172347458e-06 0.810631054 
1.434754 4.0764893126e-06 2.18350313224e-06 2.438006355 2.000569e-06 6.045353994e-07 0.46092 1.952714358 1.106634e-06 2.54148646094e-06 3.447237e-06 92.0 3.1146410311e-06 2.751461e-06 2.76798823429e-06 0.837116961 
1.477941 4.01185102315e-06 2.12691275141e-06 2.473622723 2.0160465e-06 6.487923e-07 0.411383 1.977528 1.14684e-06 2.4976296145e-06 3.448993e-06 92.5 3.09084094583e-06 2.781492439e-06 2.75525274249e-06 0.864124049 
1.5025975 3.94474155796e-06 2.06881703555e-06 2.49549 2.060885e-06 7.238416387e-07 0.431182 2.003406 1.193818e-06 2.46465380793e-06 3.449826e-06 93.0 3.0732994647e-06 2.801573498e-06 2.73962247853e-06 0.912654 
1.5256075 3.91513764049e-06 1.96498856516e-06 2.532179092 2.094474e-06 7.42694397e-07 0.49645 2.046686 1.22588e-06 2.43563026433e-06 3.45881e-06 93.5 3.05569021064e-06 2.879559e-06 2.72452829902e-06 0.939047 
1.563147 3.89248916483e-06 1.86457954264e-06 2.586382 2.121805e-06 7.748150499e-07 0.570483 2.074954 1.2666101e-06 2.40055184789e-06 3.490372181e-06 94.0 3.02848695092e-06 2.876222e-06 2.70621698198e-06 0.960185 
1.5920825 3.86407516136e-06 1.77815771056e-06 2.629122 2.1463535e-06 8.564184129e-07 0.645526 2.131139 1.298245e-06 2.35789163071e-06 3.516016983e-06 94.5 3.00025379724e-06 2.877534989e-06 2.69923056106e-06 1.000152375 
1.636223 3.80086724822e-06 1.69890726079e-06 2.629946436 2.1714235e-06 8.197495e-07 0.668182 2.180930429 1.333663964e-06 2.32021536433e-06 3.564296047e-06 95.0 2.97938315312e-06 2.938495e-06 2.69251971989e-06 1.047326289 
1.6818655 3.73661772659e-06 1.61906857309e-06 2.673740709 2.189729e-06 7.88572931e-07 0.716356 2.235529 1.358239e-06 2.28612848489e-06 3.582108526e-06 95.5 2.96891855794e-06 2.976533e-06 2.68421745552e-06 1.093453175 
1.730422 3.67157830483e-06 1.536240275e-06 2.748153886 2.221386e-06 7.793743629e-07 0.771781 2.279722 1.38666e-06 2.24008603555e-06 3.672484e-06 96.0 2.96181456484e-06 3.019762e-06 2.6747684392e-06 1.14285 
1.773106 3.6030455918e-06 1.45387594703e-06 2.769709212 2.223517e-06 7.645251426e-07 0.825298 2.319214 1.408061e-06 2.18632681607e-06 3.760478e-06 96.5 2.96030765652e-06 3.113489304e-06 2.66013415348e-06 1.187868 
1.806921 3.52012089475e-06 1.36626127571e-06 2.839999 2.240887e-06 7.799451e-07 0.820948 2.343760944 1.435704914e-06 2.14138374328e-06 3.848857e-06 97.0 2.94175096944e-06 3.155672e-06 2.64601296773e-06 1.224726 
1.841396 3.43919974319e-06 1.2712733175e-06 2.910287576 2.265653e-06 8.132517e-07 0.859556 2.394827 1.444633e-06 2.08847994261e-06 3.953947328e-06 97.5 2.92642850956e-06 3.241797e-06 2.63585168427e-06 1.269138 
1.871735 3.37274837526e-06 1.19188111964e-06 2.981519 2.28792e-06 7.977002e-07 0.912108 2.450507062 1.458831e-06 2.04475314218e-06 4.026267e-06 98.0 2.90511862094e-06 3.280394e-06 2.61624519443e-06 1.32904023 
1.910219 3.3339093047e-06 1.09593010797e-06 3.053919 2.314679e-06 8.315627e-07 0.961664 2.509900878 1.485888526e-06 2.01441241237e-06 4.129457e-06 98.5 2.88584705274e-06 3.331902416e-06 2.59708297655e-06 1.376439 
1.9335035 3.27836156564e-06 9.96778598867e-07 3.124679 2.349676e-06 8.275864e-07 0.988836 2.53747195 1.512002025e-06 1.96490806288e-06 4.228455e-06 99.0 2.86763283949e-06 3.358910494e-06 2.579361129e-06 1.428268 
1.964995 3.22595762161e-06 9.08019225205e-07 3.193492 2.357703e-06 7.684404e-07 1.067772 2.561198 1.517893853e-06 1.90095654764e-06 4.35809e-06 99.5 2.86036292364e-06 3.376197762e-06 2.55398682812e-06 1.444852825 
1.998585 3.20707519585e-06 8.24071661881e-07 3.248405 2.378272e-06 7.713204e-07 1.116735 2.611603 1.535055e-06 1.8390958972e-06 4.482997399e-06 100.0 2.83267568999e-06 3.416953e-06 2.52444508588e-06 1.495389113 
2.033778 3.16948011896e-06 7.44288747858e-07 3.315707 2.4023775e-06 7.456879e-07 1.131921 2.665251389 1.529252e-06 1.78980284933e-06 4.605095061e-06 100.5 2.82361248036e-06 3.476813e-06 2.50355142952e-06 1.530114 
2.077108 3.1707841949e-06 6.8456388321e-07 3.385193 2.4480765e-06 6.879522e-07 1.16431 2.689905 1.548086e-06 1.76515981609e-06 4.690524749e-06 101.0 2.81581074506e-06 3.554597e-06 2.47383577845e-06 1.603005 
2.121881 3.15058546032e-06 6.33811756129e-07 3.44316 2.485208e-06 6.315358e-07 1.185241 2.744156 1.57815e-06 1.7412175053e-06 4.729069e-06 101.5 2.80856894013e-06 3.619054633e-06 2.45336453941e-06 1.623324867 
2.1581295 3.14232659992e-06 5.88199237711e-07 3.49765 2.4965845e-06 6.0935e-07 1.191822 2.778928634 1.601618e-06 1.71320276003e-06 4.758769e-06 102.0 2.80180082411e-06 3.624967e-06 2.43938656599e-06 1.635268496 
2.165989 3.1514094859e-06 5.47720233434e-07 3.54378 2.51036e-06 5.718076e-07 1.179241 2.819881 1.586591e-06 1.63527459465e-06 4.783411e-06 102.5 2.79863423101e-06 3.67616e-06 2.43160185593e-06 1.696595935 
2.1866365 3.16161042628e-06 5.01136984974e-07 3.57777 2.5321285e-06 5.391186e-07 1.203029 2.84123 1.557432e-06 1.58490557309e-06 4.850523e-06 103.0 2.77849508075e-06 3.741054e-06 2.42208710633e-06 1.736643 
2.215733 3.1730106755e-06 4.50661385078e-07 3.599184 2.5543725e-06 5.118259e-07 1.207566 2.881481065 1.531047e-06 1.56086997842e-06 4.9298e-06 103.5 2.77169049448e-06 3.769488e-06 2.41045482206e-06 1.752251902 
2.256205 3.16584508189e-06 4.09175902798e-07 3.602998 2.571487e-06 4.904674e-07 1.222072766 2.891462719 1.507814e-06 1.54030427191e-06 5.001147e-06 104.0 2.76629079793e-06 3.786759e-06 2.3985487731e-06 1.767498931 
2.294871 3.11048785839e-06 3.7488510717e-07 3.628324 2.585257e-06 4.660253e-07 1.259327682 2.91888421 1.50184196e-06 1.52346502127e-06 5.064295e-06 104.5 2.75609747517e-06 3.81779728e-06 2.39301251394e-06 1.801234 
2.327689 3.11089368529e-06 3.48219283522e-07 3.63924 2.627432e-06 4.41997e-07 1.295665962 2.944835449 1.511341e-06 1.49824627115e-06 5.066909e-06 105.0 2.75581122006e-06 3.861323e-06 2.3896732568e-06 1.828559804 
2.3459175 3.11156327684e-06 3.17851088536e-07 3.636018 2.64354e-06 3.464054e-07 1.330983105 2.968507124 1.531094e-06 1.48519723743e-06 5.054606e-06 105.5 2.75310055596e-06 3.906866593e-06 2.39189290395e-06 1.867589043 
2.364464 3.0992903115e-06 2.70474874221e-07 3.636191244 2.662899e-06 2.685046e-07 1.339635111 2.978190697 1.551713e-06 1.47963790612e-06 5.033685e-06 106.0 2.75159857891e-06 3.917648e-06 2.39572674018e-06 1.882496517 
2.3904805 3.11373596658e-06 2.10241513759e-07 3.631195039 2.6995895e-06 2.34774281e-07 1.350226525 3.012293634 1.573503e-06 1.47771686832e-06 5.041232e-06 106.5 2.75772595226e-06 3.919996e-06 2.40124866505e-06 1.900215 
2.4133375 3.12734608149e-06 2.17947617392e-07 3.660107415 2.718045e-06 2.431104683e-07 1.372749484 3.037096 1.580217e-06 1.480272379e-06 5.062918e-06 107.0 2.76908989053e-06 3.950167e-06 2.40281367179e-06 1.917097 
2.425809 3.1399948808e-06 2.34679848202e-07 3.674432576 2.7440685e-06 2.622205651e-07 1.397009 3.056427 1.576619e-06 1.49302282102e-06 5.054565e-06 107.5 2.76580727479e-06 3.939574e-06 2.4048215527e-06 1.921899 
2.443767 3.14836998186e-06 2.60838352551e-07 3.675541782 2.776365e-06 2.925936556e-07 1.403683 3.068349 1.597953e-06 1.50538053188e-06 5.029197e-06 108.0 2.77042993476e-06 3.959139e-06 2.41099033444e-06 1.949494 
2.4423775 3.11998050846e-06 2.96823213451e-07 3.673195467 2.7812735e-06 3.346507358e-07 1.397512 3.097519 1.621702513e-06 1.50375996006e-06 5.023919e-06 108.5 2.77889858734e-06 3.946883e-06 2.43098094712e-06 1.956941438 
2.450213 3.11492148486e-06 3.4719273242e-07 3.660057 2.794113e-06 3.88734833e-07 1.418609 3.083531689 1.628854e-06 1.51399514877e-06 5.002965e-06 109.0 2.78075651134e-06 3.980355e-06 2.43864222694e-06 1.965785 
2.457384 3.13212983554e-06 4.27165870208e-07 3.62104 2.822163e-06 4.551001863e-07 1.437618 3.069146 1.648912e-06 1.54774785511e-06 5.013991116e-06 109.5 2.79974325028e-06 3.996326e-06 2.45561705038e-06 1.973758 
2.457046 3.13660622572e-06 4.90287058999e-07 3.577768 2.849858e-06 5.337316432e-07 1.454423 3.057134 1.697228206e-06 1.5817106926e-06 4.978351872e-06 110.0 2.80295037044e-06 3.99355186e-06 2.47819478957e-06 1.980624105 
2.465576 3.1243133477e-06 5.53784599656e-07 3.574731 2.872508e-06 6.223851724e-07 1.463655969 3.047279279 1.759723e-06 1.61506607288e-06 4.976018e-06 110.5 2.81278394741e-06 3.973492e-06 2.49444298333e-06 1.976186 
2.465401 3.12408050879e-06 6.25730787276e-07 3.550223 2.899457e-06 7.079298e-07 1.445558 3.046719 1.844927982e-06 1.65352121614e-06 4.96025e-06 111.0 2.8337735621e-06 3.981908e-06 2.51750791232e-06 1.963423 
2.439348 3.15258462063e-06 7.03539840029e-07 3.561175 2.909928e-06 7.890504e-07 1.426081334 3.051364 1.876638351e-06 1.70103658463e-06 4.875464e-06 111.5 2.84040277803e-06 3.991943886e-06 2.53850354104e-06 1.949939 
2.42542 3.16826192201e-06 8.12071977921e-07 3.528364788 2.925146e-06 8.612576e-07 1.408462476 3.029003117 1.924485e-06 1.77688533577e-06 4.79365e-06 112.0 2.85066684981e-06 3.997585e-06 2.56109718396e-06 1.933597 
2.419051 3.16127269415e-06 9.4664150902e-07 3.540146289 2.937501e-06 9.499912e-07 1.387914707 3.008718 1.972897e-06 1.83887674631e-06 4.845737e-06 112.5 2.86677433638e-06 4.017568e-06 2.60026065983e-06 1.913873 
2.402702 3.19657454629e-06 1.05503047363e-06 3.5305841 2.925434e-06 1.05818515e-06 1.363999791 2.981544 2.020645e-06 1.90742005536e-06 4.959683e-06 113.0 2.88711185864e-06 4.015694897e-06 2.63121476452e-06 1.890621 
2.378031 3.23637192856e-06 1.20355218433e-06 3.498511833 2.948803e-06 1.177888419e-06 1.354907089 2.969831857 2.087445624e-06 1.99109461234e-06 4.944403e-06 113.5 2.92176191409e-06 4.008776292e-06 2.66828950518e-06 1.884332 
2.3546905 3.29793202032e-06 1.3778437452e-06 3.444111716 2.99385e-06 1.292228668e-06 1.34694485 2.937212 2.141197123e-06 2.09917112538e-06 4.902800454e-06 114.0 2.9536889551e-06 3.974977e-06 2.69678063471e-06 1.850502107 
2.325731 3.3717820408e-06 1.57238289026e-06 3.381175 3.037844e-06 1.370689e-06 1.3294631 2.880354882 2.199897763e-06 2.22112048465e-06 4.858436041e-06 114.5 2.97570177653e-06 3.967359694e-06 2.72773666686e-06 1.820510032 
2.287208 3.40876235786e-06 1.74017571221e-06 3.290166 3.0479775e-06 1.535530256e-06 1.301684679 2.820171 2.260226195e-06 2.31677905098e-06 4.829336e-06 115.0 3.01965240713e-06 3.971105e-06 2.76334018346e-06 1.779685 
2.2592065 3.50023972013e-06 1.94338524956e-06 3.22823583 3.019117e-06 1.636486921e-06 1.269920806 2.770397 2.331896e-06 2.43298424021e-06 4.888576263e-06 115.5 3.06644824237e-06 3.951145e-06 2.79639543909e-06 1.754602 
2.2288655 3.59653397533e-06 2.15519669687e-06 3.182899122 3.03019e-06 1.706359e-06 1.253835058 2.71817548 2.384023e-06 2.5184040436e-06 4.90987882e-06 116.0 3.13123733542e-06 3.980012e-06 2.83526434467e-06 1.718280235 
2.179431 3.78343809647e-06 2.36456410658e-06 3.117878 3.083412e-06 1.651803379e-06 1.227804116 2.684581 2.433580743e-06 2.62842273156e-06 4.842465399e-06 116.5 3.26163304569e-06 3.952971514e-06 2.89158698322e-06 1.683973 
2.119692 3.896061088e-06 2.45110161705e-06 3.040426436 3.1127465e-06 1.663007192e-06 1.177807 2.633561987 2.430693145e-06 2.72080135123e-06 4.87214e-06 117.0 3.38846060551e-06 3.974109783e-06 2.97580528222e-06 1.630611 
2.050722 4.16674966853e-06 2.51986961332e-06 2.925427083 3.142298e-06 1.707217e-06 1.148483 2.52248 2.46979e-06 2.78657273408e-06 4.959445e-06 117.5 3.54013155039e-06 4.047015369e-06 3.08235898859e-06 1.571429 
1.984281 4.58011538665e-06 2.60869109371e-06 2.792447 3.157188e-06 1.703742657e-06 1.087912 2.450751 2.440973e-06 2.84232202502e-06 5.121509649e-06 118.0 3.74324321504e-06 4.055273e-06 3.212340045e-06 1.498537358 
1.893711 5.22375004474e-06 2.60169030159e-06 2.715168 3.145019e-06 1.6827118e-06 1.032764 2.352835 2.383299242e-06 2.88223937308e-06 5.129448984e-06 118.5 4.01256420174e-06 4.079507999e-06 3.32603941687e-06 1.435719 
1.772356 5.81171293686e-06 2.59524626035e-06 2.616567 3.149114e-06 1.671878148e-06 0.983324 2.260056787 2.335794215e-06 2.92622146644e-06 5.110184e-06 119.0 4.34120664946e-06 4.105215e-06 3.47152433015e-06 1.342322 
1.650008 6.50193141391e-06 2.59026034735e-06 2.514902 3.1083665e-06 1.624416e-06 0.888403129 2.140954242 2.285272e-06 2.95929683968e-06 5.142084e-06 119.5 4.72728758031e-06 4.08904e-06 3.63468036462e-06 1.254188124 
1.536877 7.30751732258e-06 2.5861897303e-06 2.43577 3.057966e-06 1.552839e-06 0.756573 2.01117 2.204991e-06 2.96504893586e-06 5.081321e-06 120.0 5.08792639555e-06 4.047205e-06 3.78674963201e-06 1.190730021 
1.4400095 8.02962944225e-06 2.58285015576e-06 2.357144 2.987239e-06 1.495461e-06 0.624039 1.92872077 2.103374182e-06 2.97280319103e-06 4.918408e-06 120.5 5.51627065617e-06 3.905374797e-06 3.9534661399e-06 1.068961575 
1.340774 8.69703126132e-06 2.58029980518e-06 2.27857 2.846062e-06 1.381284e-06 0.548897625 1.846923 1.984486e-06 2.99463285366e-06 4.707500744e-06 121.0 5.96181320317e-06 3.795294123e-06 4.11460488147e-06 0.934615284 
1.218687 9.48368076716e-06 2.57859658622e-06 2.200265 2.639584e-06 1.185714847e-06 0.483538022 1.746552745 1.86847e-06 2.99790467288e-06 4.536121e-06 121.5 6.39926503773e-06 3.643255384e-06 4.26618845929e-06 0.799507752 
1.1069515 1.02074975499e-05 2.57769426328e-06 2.122448 2.470935e-06 1.000879655e-06 0.356648 1.66370227 1.691006e-06 3.00091424767e-06 4.385343316e-06 122.0 6.81594890935e-06 3.371589103e-06 4.44048667568e-06 0.658365166 
1.010067 1.08492981404e-05 2.57391414983e-06 2.045337 2.2608525e-06 8.39464457e-07 0.22592838 1.589732 1.490487761e-06 3.01757033718e-06 4.171627464e-06 122.5 7.19724965374e-06 3.169054556e-06 4.64083568115e-06 0.538201 
0.913853 1.13229980724e-05 2.57108789779e-06 1.993064017 2.0683055e-06 5.57550206e-07 0.139197923 1.48979 1.299512e-06 3.03157251368e-06 4.066946872e-06 123.0 7.49448081255e-06 3.022584709e-06 4.79580462739e-06 0.43158359 
0.842657 1.16728995836e-05 2.55715737761e-06 1.954027058 1.916485e-06 3.103525571e-07 0.084043 1.403354 1.048865e-06 3.0449368534e-06 3.913824746e-06 123.5 7.8473459466e-06 2.919085e-06 4.90453517269e-06 0.341336035 
0.764882 1.22004119692e-05 2.54461162101e-06 1.878855189 1.7421855e-06 1.549432e-07 0.043016 1.359524 9.097707974e-07 3.05852222139e-06 3.750556e-06 124.0 8.14707755955e-06 2.732764e-06 4.99712008555e-06 0.274218 
0.684552 1.25593515879e-05 2.53357637525e-06 1.803151429 1.568943e-06 1.134825e-07 0.037215 1.287746 7.66109192e-07 3.07180507804e-06 3.576622e-06 124.5 8.32765937162e-06 2.617693693e-06 5.14152479972e-06 0.218396199 
0.6447435 1.25435055248e-05 2.52417187893e-06 1.731357363 1.483379e-06 1.153127e-07 0.029707 1.212229 6.310351e-07 3.08472893529e-06 3.463338e-06 125.0 8.40145030815e-06 2.472084e-06 5.23857276208e-06 0.167921 
0.57981 1.2515871188e-05 2.51653128072e-06 1.660113582 1.3483195e-06 1.102228e-07 0.02429 1.144894054 5.132995e-07 3.09724606298e-06 3.46420332e-06 125.5 8.40701646586e-06 2.349912e-06 5.32812440683e-06 0.139965561 
0.521585 1.24750070474e-05 2.5103971833e-06 1.603758819 1.261384e-06 1.081273e-07 0.023333 1.086185974 4.592684896e-07 3.1093122021e-06 3.348620257e-06 126.0 8.43677018634e-06 2.267253636e-06 5.38246976422e-06 0.131712139 
0.4899635 1.24387004672e-05 2.50572871867e-06 1.550985067 1.208774e-06 1.162644e-07 0.024735671 1.033452 4.633753e-07 3.12137059651e-06 3.283694e-06 126.5 8.42760618781e-06 2.159895e-06 5.44216923893e-06 0.12555956 
0.462914 1.23744638404e-05 2.50325068592e-06 1.502098449 1.153535e-06 1.196663e-07 0.031215 0.974764354 4.38208e-07 3.13917288862e-06 3.21884e-06 127.0 8.41595169468e-06 2.054666e-06 5.51448260115e-06 0.122522 
0.4266965 1.22368376949e-05 2.50309832029e-06 1.456783877 1.101602e-06 1.210858549e-07 0.034396247 0.952749 4.384838e-07 3.15886513292e-06 3.152387e-06 127.5 8.4132479128e-06 2.002738e-06 5.54257541768e-06 0.122598 
0.409495 1.20672316775e-05 2.5054079128e-06 1.411503 1.051683e-06 1.214044667e-07 0.035489 0.935623832 4.313129e-07 3.17835981137e-06 3.087806e-06 128.0 8.38524962885e-06 1.96075598e-06 5.55158955434e-06 0.111625 
0.396411 1.19389894117e-05 2.51028337193e-06 1.36289 1.018971e-06 1.253769e-07 0.03684506 0.90231 4.406377599e-07 3.19542604072e-06 3.042643898e-06 128.5 8.36642460575e-06 1.88187086e-06 5.57311607304e-06 0.112736 
0.385493 1.18069800916e-05 2.51787779968e-06 1.319141421 9.978644e-07 1.109134397e-07 0.036234 0.881863173 4.323046e-07 3.22019662534e-06 2.995442341e-06 129.0 8.34103843148e-06 1.84155e-06 5.56772183561e-06 0.123588 
0.3802805 1.18661681391e-05 2.52832925127e-06 1.296315839 9.722839e-07 1.139224e-07 0.035302 0.871533 4.238857e-07 3.23655371195e-06 2.939449e-06 129.5 8.30348913592e-06 1.814108238e-06 5.59479458353e-06 0.12374372 
0.373302 1.17937849381e-05 2.54173342032e-06 1.273245541 9.667745e-07 1.199375e-07 0.027817449 0.84292 4.319731e-07 3.2662201047e-06 2.890001e-06 130.0 8.23360893967e-06 1.767722462e-06 5.64331309236e-06 0.127702 
0.363975 1.15560056191e-05 2.56486912654e-06 1.229114 9.636962e-07 1.078985e-07 0.032328 0.824742 4.236102485e-07 3.30736780194e-06 2.847833e-06 130.5 8.13849809667e-06 1.733444773e-06 5.66003113495e-06 0.122051259 
0.361341 1.12903929332e-05 2.59693007149e-06 1.209709573 9.774493e-07 1.103032e-07 0.03955 0.802483 4.328018e-07 3.35306048842e-06 2.819972e-06 131.0 8.04932733115e-06 1.732601e-06 5.6616851312e-06 0.126525 
0.357084 1.11829440196e-05 2.63181604804e-06 1.197399012 9.811638e-07 9.641778605e-08 0.043001 0.789783061 4.309709775e-07 3.40304165455e-06 2.788385e-06 131.5 7.93510279611e-06 1.735071e-06 5.70252212168e-06 0.132831 
0.36254 1.10911226298e-05 2.66956984323e-06 1.180533604 9.986364e-07 8.030209028e-08 0.032193 0.784587451 4.332728063e-07 3.43222623181e-06 2.7753e-06 132.0 7.81710643249e-06 1.73914187e-06 5.67550869844e-06 0.13883019 
0.365975 1.10021104427e-05 2.69693586919e-06 1.151059177 1.0099805e-06 1.030826559e-07 0.032729456 0.781070912 4.414143728e-07 3.44407474532e-06 2.71032e-06 132.5 7.71382674297e-06 1.774054259e-06 5.66651096712e-06 0.145873 
0.367912 1.09693335034e-05 2.70003880037e-06 1.122587511 1.032175e-06 9.066206704e-08 0.031684 0.779533 4.408598818e-07 3.48541817541e-06 2.70954414e-06 133.0 7.60313435981e-06 1.795414054e-06 5.63004744013e-06 0.152288 
0.3701685 1.08128825427e-05 2.7034334249e-06 1.099026353 1.060054e-06 7.90948921e-08 0.031671 0.784982 4.487599137e-07 3.52649254095e-06 2.677690875e-06 133.5 7.49612641596e-06 1.793241e-06 5.60374721476e-06 0.150044 
0.380236 1.05817412861e-05 2.73048108058e-06 1.075036 1.085247e-06 8.377789e-08 0.031677448 0.784087758 4.392412e-07 3.57192232176e-06 2.647764296e-06 134.0 7.38595295888e-06 1.792562e-06 5.59527880168e-06 0.151474 
0.394678 1.04721160292e-05 2.74947182216e-06 1.084768 1.128631e-06 9.473884e-08 0.038091 0.793531125 4.623456e-07 3.59923130647e-06 2.758613e-06 134.5 7.32198971101e-06 1.818082e-06 5.5858068219e-06 0.158621 
0.412109 1.03447707041e-05 2.76100291358e-06 1.070163 1.138119e-06 8.703127009e-08 0.035484265 0.785198 4.726854857e-07 3.62678604138e-06 2.742767e-06 135.0 7.26004964935e-06 1.837622e-06 5.54558497717e-06 0.17649825 
0.4316685 1.01844960061e-05 2.80184736219e-06 1.094000464 1.195357e-06 9.003339735e-08 0.041228 0.800841531 5.022281711e-07 3.6532448382e-06 2.76342715e-06 135.5 7.17428023875e-06 1.880729e-06 5.47976773951e-06 0.181087 
0.4432905 1.00236843799e-05 2.86199747084e-06 1.111406384 1.233874e-06 1.043528467e-07 0.043505 0.803522 5.346955e-07 3.68247266804e-06 2.869680231e-06 136.0 7.1174417716e-06 1.927871e-06 5.40481839417e-06 0.186604 
0.457485 9.86289149879e-06 2.90780895539e-06 1.135864024 1.2765545e-06 1.169083515e-07 0.043813 0.821874 5.45722621e-07 3.71053973785e-06 2.914424943e-06 136.5 6.97757360883e-06 1.965367523e-06 5.30880584772e-06 0.190106061 
0.471155 9.69049451397e-06 2.96236260018e-06 1.155061 1.322281e-06 1.367567233e-07 0.04962 0.831716 5.649498e-07 3.7360134237e-06 2.947351789e-06 137.0 6.8625568582e-06 1.980403e-06 5.27773148591e-06 0.209247399 
0.487706 9.35067249305e-06 2.96396615566e-06 1.193437 1.350252e-06 1.599597962e-07 0.055255 0.843103327 5.959811e-07 3.76164216298e-06 2.949312666e-06 137.5 6.84776353779e-06 2.029127e-06 5.25214073318e-06 0.219592 
0.503599 9.07383643031e-06 2.99172277405e-06 1.232749 1.38309e-06 1.95797e-07 0.057278137 0.859509 6.216772646e-07 3.79525854132e-06 2.960503286e-06 138.0 6.7249532605e-06 2.097151e-06 5.20052616411e-06 0.237261 
0.530615 8.8145123292e-06 3.02425036258e-06 1.272726 1.416967e-06 2.265061e-07 0.058222539 0.875894044 6.245959e-07 3.83051291097e-06 3.012773983e-06 138.5 6.61718685119e-06 2.134801e-06 5.19607346422e-06 0.245548 
0.556876 8.7080444149e-06 3.06558014989e-06 1.3197 1.462102e-06 2.178821e-07 0.06040081 0.872472 6.706318e-07 3.85327919647e-06 3.076589e-06 139.0 6.46587224532e-06 2.151777e-06 5.13973727692e-06 0.260022 
0.569793 8.70409953167e-06 3.10015207044e-06 1.376784419 1.498621e-06 2.287241e-07 0.061955689 0.905007 6.976542565e-07 3.9021012315e-06 3.148838e-06 139.5 6.43668483952e-06 2.213201e-06 5.11364591485e-06 0.268140407 
0.5975585 8.70482459344e-06 3.10577786121e-06 1.393908 1.54474e-06 2.358687e-07 0.060792 0.936543 7.397099262e-07 3.91068433217e-06 3.195586e-06 140.0 6.31534161508e-06 2.244521e-06 5.05625267854e-06 0.281802096 
0.610884 8.64366489122e-06 3.12984024669e-06 1.424715 1.580814e-06 2.19954e-07 0.0585033 0.984302 7.84803935e-07 3.93594123731e-06 3.279653346e-06 140.5 6.3222520786e-06 2.329592023e-06 5.02001732061e-06 0.303553 
0.6291825 8.5113465146e-06 3.14571535313e-06 1.450743 1.631371e-06 2.278151e-07 0.058665074 1.023654 7.956880055e-07 3.9032145819e-06 3.332616019e-06 141.0 6.28853817353e-06 2.328856e-06 5.01760693013e-06 0.309994001 
0.6480855 8.3821880578e-06 3.15370500344e-06 1.482226 1.6638795e-06 2.225146976e-07 0.061367873 1.059148 8.040335914e-07 3.89904471754e-06 3.365523845e-06 141.5 6.23412559308e-06 2.428413e-06 4.9892578248e-06 0.31637398 
0.668769 8.25931654629e-06 3.12318160818e-06 1.509955 1.678593e-06 2.122097718e-07 0.06410335 1.095369052 8.003681895e-07 3.86329465718e-06 3.447036103e-06 142.0 6.19670031393e-06 2.448907e-06 4.98723040086e-06 0.322073418 
0.677994 8.28878563919e-06 3.07704225383e-06 1.53871 1.7161025e-06 2.020227272e-07 0.066858149 1.128233035 8.273180021e-07 3.91835056482e-06 3.602827e-06 142.5 6.18032162691e-06 2.548654e-06 4.95796162489e-06 0.329484 
0.696817 8.38733867437e-06 3.03615289463e-06 1.617321 1.7704195e-06 1.920826248e-07 0.069619787 1.155433 8.267660247e-07 3.8813669822e-06 3.822881e-06 143.0 6.1753334328e-06 2.630737e-06 4.92871966717e-06 0.334551285 
0.715309 8.48653416185e-06 3.00877186403e-06 1.677222216 1.757574e-06 1.783134e-07 0.071594795 1.18292199 8.548648e-07 3.84704736356e-06 3.971508e-06 143.5 6.11487053121e-06 2.683980427e-06 4.8903430295e-06 0.335491034 
0.7146705 8.58653062521e-06 2.99878603679e-06 1.712824516 1.784995e-06 1.58854e-07 0.074012 1.200993 8.564216e-07 3.82929170309e-06 4.104419e-06 144.0 6.16850593942e-06 2.747225e-06 4.88564307745e-06 0.341872705 
0.7324485 8.65194792367e-06 2.92832708158e-06 1.75790475 1.826244e-06 1.326478146e-07 0.06871 1.213334238 8.636936e-07 3.77793807288e-06 4.227982927e-06 144.5 6.13986674331e-06 2.793821393e-06 4.88818543755e-06 0.343538 
0.74674 8.65058005128e-06 2.91692011962e-06 1.782233763 1.816898e-06 1.256293144e-07 0.066842 1.247958319 8.60139e-07 3.75208467937e-06 4.318141261e-06 145.0 6.11639313058e-06 2.826591534e-06 4.89978019844e-06 0.340901886 
0.755726 8.71214632577e-06 2.89425045559e-06 1.813784649 1.808249e-06 1.171239631e-07 0.065121 1.263346 8.623049e-07 3.70926579242e-06 4.307442e-06 145.5 6.1392288083e-06 2.882484839e-06 4.89977785883e-06 0.339389139 
0.765938 8.81332299796e-06 2.89175803832e-06 1.827208722 1.8120455e-06 1.127207779e-07 0.063536 1.276943224 8.518336e-07 3.64317102581e-06 4.30424e-06 146.0 6.13604290025e-06 2.912509565e-06 4.90206934091e-06 0.343893002 
0.775434 8.91114270142e-06 2.85615278998e-06 1.838028 1.819778e-06 1.08786709e-07 0.062074 1.288335113 8.412150274e-07 3.61109309559e-06 4.326039e-06 146.5 6.10505241099e-06 2.941929e-06 4.90797747406e-06 0.357543 
0.784799 9.00531905628e-06 2.83687383476e-06 1.820245 1.83853e-06 1.050451746e-07 0.058115 1.291094 8.281128564e-07 3.5506207563e-06 4.32186e-06 147.0 6.13973899806e-06 2.960115716e-06 4.90702102957e-06 0.361722253 
0.7862865 9.09553213531e-06 2.76936605168e-06 1.817646 1.835962e-06 1.0040021283e-07 0.053734 1.300214 8.120212728e-07 3.54836323057e-06 4.35105842e-06 147.5 6.15914315233e-06 2.972874914e-06 4.95010391782e-06 0.369977844 
0.790386 9.18151558773e-06 2.78036907102e-06 1.845509976 1.8493355e-06 9.94925014e-08 0.049578 1.307297 7.921296498e-07 3.52372753794e-06 4.371169866e-06 148.0 6.16615281227e-06 2.983478e-06 4.95911220816e-06 0.366292 
0.784672 9.26297749445e-06 2.81423338398e-06 1.852604 1.852594e-06 9.943243287e-08 0.045642 1.309332242 7.695186e-07 3.5278434674e-06 4.360394545e-06 148.5 6.16773918827e-06 3.034715477e-06 4.95721633098e-06 0.358260646 
0.77761 9.33960775053e-06 2.80680736021e-06 1.864659662 1.86569e-06 9.938319675e-08 0.041921 1.294586 7.494572125e-07 3.51815908018e-06 4.347407007e-06 149.0 6.16409106014e-06 3.046249047e-06 4.95876359824e-06 0.359951706 
0.78129 9.41111271164e-06 2.7944282097e-06 1.84812508 1.8761035e-06 9.933979346e-08 0.038407 1.28868405 7.466397707e-07 3.53265352394e-06 4.38311e-06 149.5 6.15169216369e-06 3.057799e-06 4.95667815684e-06 0.350318 
0.774272 9.47721175482e-06 2.8390012979e-06 1.824711881 1.864483e-06 9.929711322e-08 0.037592 1.2806 7.323421701e-07 3.54870992006e-06 4.398356e-06 150.0 6.15926100452e-06 3.040294e-06 4.94556659255e-06 0.337154 
0.76295 9.53761046584e-06 2.85342238131e-06 1.794020116 1.871527e-06 9.836750701e-08 0.036822 1.267653 7.207561527e-07 3.57152043323e-06 4.358564113e-06 150.5 6.16393405161e-06 3.044906509e-06 4.94223633313e-06 0.324003 
0.754302 9.59200233157e-06 2.83778878341e-06 1.739847536 1.8747395e-06 9.574353217e-08 0.036027 1.252468266 7.11912341e-07 3.60278617076e-06 4.256218e-06 151.0 6.15411156454e-06 3.049182e-06 4.94236286449e-06 0.319186 
0.7458 9.64012042358e-06 2.80746625605e-06 1.717067183 1.836925e-06 9.333365291e-08 0.035273078 1.234697 7.049861123e-07 3.59354889359e-06 4.281214e-06 151.5 6.145431844e-06 3.041171e-06 4.93884026156e-06 0.315593 
0.735912 9.68164175279e-06 2.82939762951e-06 1.698030704 1.792426e-06 9.11284611e-08 0.034556726 1.214181 6.993787565e-07 3.62401483098e-06 4.250687314e-06 152.0 6.14890099616e-06 3.016524279e-06 4.96145949839e-06 0.31447 
0.728413 9.71628616423e-06 2.85307867163e-06 1.688467222 1.794365e-06 8.839989802e-08 0.033814739 1.204600516 6.939718148e-07 3.64945421638e-06 4.17714831e-06 152.5 6.16856860413e-06 2.954147603e-06 4.94550503915e-06 0.303823 
0.7075325 9.74376144227e-06 2.85936335582e-06 1.641182 1.7492265e-06 8.574150616e-08 0.033047795 1.170619 6.837667688e-07 3.68418397747e-06 4.104326e-06 153.0 6.19917821352e-06 2.877152e-06 4.94228067592e-06 0.29561 
0.694141 9.76378507111e-06 2.86735870234e-06 1.646804 1.720455e-06 8.330523287e-08 0.03225725 1.155950601 6.582225e-07 3.68477681256e-06 4.0337e-06 153.5 6.22040256466e-06 2.798976996e-06 4.95710952101e-06 0.286257156 
0.673684 9.77603676681e-06 2.93361288079e-06 1.618943 1.670596e-06 8.108442435e-08 0.031444299 1.113933454 6.473005477e-07 3.69613639732e-06 3.957825e-06 154.0 6.29057917853e-06 2.772412364e-06 4.95510087014e-06 0.27534334 
0.653476 9.78025311193e-06 2.96325595443e-06 1.544141 1.622501e-06 7.803195678e-08 0.030420284 1.093447 6.169575e-07 3.69721324897e-06 3.877054e-06 154.5 6.30235248884e-06 2.695733345e-06 4.9357606807e-06 0.263487 
0.631232 9.77611819553e-06 2.99412746101e-06 1.464118 1.580174e-06 7.367186173e-08 0.029323216 1.073837 5.969792e-07 3.758306196e-06 3.791736e-06 155.0 6.25710415632e-06 2.617204e-06 4.97470692037e-06 0.247648833 
0.608556 9.76335932813e-06 3.02610846036e-06 1.414672 1.543571e-06 6.94358303e-08 0.028229062 1.041475 5.749118e-07 3.79301896616e-06 3.702222e-06 155.5 6.32851597648e-06 2.530971e-06 4.98169668187e-06 0.233548167 
0.601797 9.96088009963e-06 3.05910042918e-06 1.375374553 1.487614e-06 6.640458986e-08 0.027056 1.002776952 5.56508715e-07 3.83860803069e-06 3.639829e-06 156.0 6.32247968215e-06 2.463706673e-06 5.03670026505e-06 0.220026 
0.578342 1.03307808025e-05 3.09299225429e-06 1.370698 1.454957e-06 6.30047966e-08 0.026092 0.94191 5.31682e-07 3.905848809e-06 3.585909024e-06 156.5 6.35460605788e-06 2.393297255e-06 5.07594380445e-06 0.212146126 
0.549999 1.04764483061e-05 3.12767433548e-06 1.307293 1.418765e-06 5.923759193e-08 0.025123 0.907044721 4.987982e-07 4.01304887806e-06 3.530000986e-06 157.0 6.37406182958e-06 2.308798292e-06 5.09575765752e-06 0.197140408 
0.52861 1.0604984798e-05 3.16304774259e-06 1.273506987 1.360862e-06 5.560186945e-08 0.023945962 0.858413 4.727938224e-07 3.99994948361e-06 3.363852e-06 157.5 6.50422719628e-06 2.218232e-06 5.10424750629e-06 0.180475 
0.4898085 1.08460300316e-05 3.17706972657e-06 1.249739515 1.256919e-06 5.20919054e-08 0.021329229 0.818256 4.36460491e-07 3.96741319291e-06 3.337217e-06 158.0 6.63445174147e-06 2.126076241e-06 5.1044321724e-06 0.16321332 
0.4505695 1.11055788989e-05 3.18482190152e-06 1.221822299 1.174582e-06 4.830210787e-08 0.019373318 0.777467 4.04834e-07 3.95574185118e-06 3.306913e-06 158.5 6.66483169557e-06 2.017085402e-06 5.13395530554e-06 0.146638 
0.4197305 1.13510297576e-05 3.18525487455e-06 1.190066341 1.119967e-06 4.448785258e-08 0.016523106 0.732351 3.709284e-07 3.98282005824e-06 3.249859e-06 159.0 6.65188034681e-06 1.890420552e-06 5.17780962939e-06 0.13091433 
0.385431 1.14696820182e-05 3.19778997838e-06 1.154785516 1.028451e-06 3.963894066e-08 0.014129367 0.682819 3.282537936e-07 3.99002604237e-06 3.136359e-06 159.5 6.731794496e-06 1.80342e-06 5.18876762448e-06 0.116264962 
0.355685 1.15620341431e-05 3.17639704026e-06 1.116291148 9.4378115e-07 3.369941353e-08 0.01205853 0.629705399 3.034190343e-07 4.00467191899e-06 2.959998e-06 160.0 6.81085950606e-06 1.719009e-06 5.24089937206e-06 0.106155647 
0.312492 1.16060066619e-05 3.1914222227e-06 1.074895273 8.73972e-07 2.972069521e-08 0.010152312 0.580806 2.602069e-07 3.98542662369e-06 2.767539e-06 160.5 7.0943668927e-06 1.632996e-06 5.28502905735e-06 0.093253434 
0.280108 1.15379968071e-05 3.1534458145e-06 1.030910732 7.726589e-07 2.582963e-08 0.008410162 0.550613 2.157442586e-07 4.00136223089e-06 2.667941172e-06 161.0 7.18265165282e-06 1.54788547e-06 5.28291776493e-06 0.082533 
0.2475635 1.16512992846e-05 3.16861723094e-06 0.984649722 6.840265e-07 2.164063273e-08 0.006832207 0.516021439 1.884986e-07 3.98436653025e-06 2.590692369e-06 161.5 7.2173624657e-06 1.464541e-06 5.31771223965e-06 0.06838 
0.218487 1.17176603797e-05 3.19062188785e-06 0.936424245 6.160647e-07 1.80681511e-08 0.005418735 0.471306 1.428579e-07 3.96916776567e-06 2.51043069e-06 162.0 7.33866980831e-06 1.378134958e-06 5.39437382346e-06 0.057793785 
0.190687 1.19191305016e-05 3.20217676886e-06 0.886547337 5.108788e-07 1.137808171e-08 0.003275865 0.435478 1.133903e-07 3.97084739109e-06 2.41197329e-06 162.5 7.45273887428e-06 1.263593e-06 5.40899433024e-06 0.042373 
0.158235 1.2144645036e-05 3.13676948844e-06 0.83533 4.615943e-07 5.069979e-09 0.001897316 0.396401 8.29573e-08 3.9327804149e-06 2.2677412e-06 163.0 7.64063002288e-06 1.214825e-06 5.4732491463e-06 0.030063983 
0.134907 1.23226504134e-05 2.94198647243e-06 0.783085592 3.749734e-07 5.382475514e-10 0.000237236 0.364347 5.029949571e-08 3.94202545531e-06 2.121246023e-06 163.5 7.65538156359e-06 1.118225667e-06 5.49492143032e-06 0.019305763 
0.110078 1.20086496991e-05 0.0 0.730124793 2.911652e-07 0.0 0.0 0.331115 2.975837102e-08 3.82276355867e-06 1.973700923e-06 164.0 7.80186868563e-06 1.021149e-06 5.489873608e-06 0.010607375 
0.0873365 1.23798436919e-05 0.0 0.676761961 2.305181e-07 0.0 0.0 0.297184 7.468451e-09 3.67195646259e-06 1.772036e-06 164.5 7.79579715195e-06 9.03999e-07 5.36707053683e-06 0.003110052 
0.071178 1.27055189523e-05 0.0 0.623308615 1.927831e-07 0.0 0.0 0.271462672 9.106286388e-10 3.27250600965e-06 1.667662e-06 165.0 7.55237009656e-06 8.166014478e-07 5.21577286672e-06 0.000319034 
0.053913 1.28953221884e-05 0.0 0.570075757 1.405909e-07 0.0 0.0 0.244974869 0.0 0.0 1.562365e-06 165.5 7.58636186922e-06 7.333338e-07 5.18172014358e-06 0.0 
0.039075 1.29977245243e-05 0.0 0.518422738 1.025603e-07 0.0 0.0 0.224068 0.0 0.0 1.456574e-06 166.0 7.37251862832e-06 6.485356e-07 5.13566386098e-06 0.0 
0.027288 1.31056507315e-05 0.0 0.475964 7.2677735e-08 0.0 0.0 0.20579634 0.0 0.0 1.350734e-06 166.5 7.17589540224e-06 5.758892e-07 4.77002142888e-06 0.0 
0.016675 1.32285996547e-05 0.0 0.441665 4.795415e-08 0.0 0.0 0.182616892 0.0 0.0 1.245312e-06 167.0 7.0776378796e-06 5.07705764e-07 4.42072700569e-06 0.0 
0.009369 1.34704933528e-05 0.0 0.382819 2.823173e-08 0.0 0.0 0.157887 0.0 0.0 1.138796303e-06 167.5 7.06928841591e-06 4.520765418e-07 4.07518167439e-06 0.0 
0.0036245 1.36457448485e-05 0.0 0.326016 1.289196e-08 0.0 0.0 0.136279 0.0 0.0 1.032513964e-06 168.0 7.02890161243e-06 3.965111806e-07 3.94332985863e-06 0.0 
0.001059 1.36933373934e-05 0.0 0.28810005 4.246857e-09 0.0 0.0 0.123025756 0.0 0.0 9.290986521e-07 168.5 6.96688819892e-06 3.428817e-07 3.58173888889e-06 0.0 
7.9e-05 1.31487144435e-05 0.0 0.246616 2.853214e-10 0.0 0.0 0.105086734 0.0 0.0 8.19630749e-07 169.0 6.88402238315e-06 2.865207e-07 3.17817391209e-06 0.0 
0.0 1.28689927927e-05 0.0 0.21699949 0.0 0.0 0.0 0.087792 0.0 0.0 7.26383e-07 169.5 6.80403927377e-06 2.390402095e-07 0.0 0.0 
0.0 1.31241640144e-05 0.0 0.183715433 0.0 0.0 0.0 0.070334 0.0 0.0 6.406961e-07 170.0 6.68999548455e-06 2.009244324e-07 0.0 0.0 
0.0 1.32106477481e-05 0.0 0.156870971 0.0 0.0 0.0 0.05651 0.0 0.0 5.586662e-07 170.5 6.71683024573e-06 1.642010457e-07 0.0 0.0 
0.0 1.21238580088e-05 0.0 0.132726 0.0 0.0 0.0 0.042626 0.0 0.0 4.775238e-07 171.0 6.57931574824e-06 1.268969e-07 0.0 0.0 
0.0 1.10878158586e-05 0.0 0.112372 0.0 0.0 0.0 0.032527 0.0 0.0 3.910061e-07 171.5 6.1515404636e-06 1.04716e-07 0.0 0.0 
0.0 1.11411170803e-05 0.0 0.095777 0.0 0.0 0.0 0.02354 0.0 0.0 2.898643e-07 172.0 5.99322118259e-06 7.969093478e-08 0.0 0.0 
0.0 1.1183572926e-05 0.0 0.076273 0.0 0.0 0.0 0.015768655 0.0 0.0 2.347624e-07 172.5 5.91006518374e-06 5.315496718e-08 0.0 0.0 
0.0 1.04783463315e-05 0.0 0.058703 0.0 0.0 0.0 0.009437 0.0 0.0 1.931095e-07 173.0 5.63927078575e-06 2.719976998e-08 0.0 0.0 
0.0 1.00663827434e-05 0.0 0.04319 0.0 0.0 0.0 0.00485105 0.0 0.0 1.459855e-07 173.5 5.09490108469e-06 1.375096e-08 0.0 0.0 
0.0 9.00702838978e-06 0.0 0.030465953 0.0 0.0 0.0 0.001716231 0.0 0.0 1.115542695e-07 174.0 4.57514304006e-06 4.922287e-09 0.0 0.0 
0.0 9.07292174718e-06 0.0 0.021438 0.0 0.0 0.0 0.000398 0.0 0.0 7.62665e-08 174.5 4.16435664779e-06 1.702174e-09 0.0 0.0 
0.0 8.59306729634e-06 0.0 0.012906 0.0 0.0 0.0 0.0 0.0 0.0 4.840527e-08 175.0 0.0 0.0 0.0 0.0 
0.0 7.62050225941e-06 0.0 0.006992834 0.0 0.0 0.0 0.0 0.0 0.0 2.432848e-08 175.5 0.0 0.0 0.0 0.0 
0.0 7.42338161107e-06 0.0 0.003553077 0.0 0.0 0.0 0.0 0.0 0.0 1.0661258729e-08 176.0 0.0 0.0 0.0 0.0 
0.0 6.15851247623e-06 0.0 0.001368934 0.0 0.0 0.0 0.0 0.0 0.0 3.476814803e-09 176.5 0.0 0.0 0.0 0.0 
0.0 5.28708520179e-06 0.0 0.000144 0.0 0.0 0.0 0.0 0.0 0.0 3.052922e-10 177.0 0.0 0.0 0.0 0.0 
0.0 0.0 0.0 0.0 0.0 0.0 0.0 0.0 0.0 0.0 0.0 177.5 0.0 0.0 0.0 0.0 
0.0 0.0 0.0 0.0 0.0 0.0 0.0 0.0 0.0 0.0 0.0 178.0 0.0 0.0 0.0 0.0 
0.0 0.0 0.0 0.0 0.0 0.0 0.0 0.0 0.0 0.0 0.0 178.5 0.0 0.0 0.0 0.0 
0.0 0.0 0.0 0.0 0.0 0.0 0.0 0.0 0.0 0.0 0.0 179.0 0.0 0.0 0.0 0.0 
0.0 0.0 0.0 0.0 0.0 0.0 0.0 0.0 0.0 0.0 0.0 179.5 0.0 0.0 0.0 0.0 
0.0 0.0 0.0 0.0 0.0 0.0 0.0 0.0 0.0 0.0 0.0 180.0 0.0 0.0 0.0 0.0 
0.0 0.0 0.0 0.0 0.0 0.0 0.0 0.0 0.0 0.0 0.0 180.5 0.0 0.0 0.0 0.0 
0.0 0.0 0.0 0.0 0.0 0.0 0.0 0.0 0.0 0.0 0.0 181.0 0.0 0.0 0.0 0.0 
0.0 0.0 0.0 0.0 0.0 0.0 0.0 0.0 0.0 0.0 0.0 181.5 0.0 0.0 0.0 0.0 
0.0 0.0 0.0 0.0 0.0 0.0 0.0 0.0 0.0 0.0 0.0 182.0 0.0 0.0 0.0 0.0 
0.0 0.0 0.0 0.0 0.0 0.0 0.0 0.0 0.0 0.0 0.0 182.5 0.0 0.0 0.0 0.0 
0.0 0.0 0.0 0.0 0.0 0.0 0.0 0.0 0.0 0.0 0.0 183.0 0.0 0.0 0.0 0.0 
0.0 0.0 0.0 0.0 0.0 0.0 0.0 0.0 0.0 0.0 0.0 183.5 0.0 0.0 0.0 0.0 
0.0 0.0 0.0 0.0 0.0 0.0 0.0 0.0 0.0 0.0 0.0 184.0 0.0 0.0 0.0 0.0 
0.0 0.0 0.0 0.0 0.0 0.0 0.0 0.0 0.0 0.0 0.0 184.5 0.0 0.0 0.0 0.0 
0.0 0.0 0.0 0.0 0.0 0.0 0.0 0.0 0.0 0.0 0.0 185.0 0.0 0.0 0.0 0.0 
0.0 0.0 0.0 0.0 0.0 0.0 0.0 0.0 0.0 0.0 0.0 185.5 0.0 0.0 0.0 0.0 
0.0 0.0 0.0 0.0 0.0 0.0 0.0 0.0 0.0 0.0 0.0 186.0 0.0 0.0 0.0 0.0 
0.0 0.0 0.0 0.0 0.0 0.0 0.0 0.0 0.0 0.0 0.0 186.5 0.0 0.0 0.0 0.0 
0.0 0.0 0.0 0.0 0.0 0.0 0.0 0.0 0.0 0.0 0.0 187.0 0.0 0.0 0.0 0.0 
0.0 0.0 0.0 0.0 0.0 0.0 0.0 0.0 0.0 0.0 0.0 187.5 0.0 0.0 0.0 0.0 
0.0 0.0 0.0 0.0 0.0 0.0 0.0 0.0 0.0 0.0 0.0 188.0 0.0 0.0 0.0 0.0 
0.0 0.0 0.0 0.0 0.0 0.0 0.0 0.0 0.0 0.0 0.0 188.5 0.0 0.0 0.0 0.0 
0.0 0.0 0.0 0.0 0.0 0.0 0.0 0.0 0.0 0.0 0.0 189.0 0.0 0.0 0.0 0.0 
0.0 0.0 0.0 0.0 0.0 0.0 0.0 0.0 0.0 0.0 0.0 189.5 0.0 0.0 0.0 0.0 
0.0 0.0 0.0 0.0 0.0 0.0 0.0 0.0 0.0 0.0 0.0 190.0 0.0 0.0 0.0 0.0 
0.0 0.0 0.0 0.0 0.0 0.0 0.0 0.0 0.0 0.0 0.0 190.5 0.0 0.0 0.0 0.0 
0.0 0.0 0.0 0.0 0.0 0.0 0.0 0.0 0.0 0.0 0.0 191.0 0.0 0.0 0.0 0.0 
0.0 0.0 0.0 0.0 0.0 0.0 0.0 0.0 0.0 0.0 0.0 191.5 0.0 0.0 0.0 0.0 
0.0 0.0 0.0 0.0 0.0 0.0 0.0 0.0 0.0 0.0 0.0 192.0 0.0 0.0 0.0 0.0 
0.0 0.0 0.0 0.0 0.0 0.0 0.0 0.0 0.0 0.0 0.0 192.5 0.0 0.0 0.0 0.0 
0.0 0.0 0.0 0.0 0.0 0.0 0.0 0.0 0.0 0.0 0.0 193.0 0.0 0.0 0.0 0.0 
0.0 0.0 0.0 0.0 0.0 0.0 0.0 0.0 0.0 0.0 0.0 193.5 0.0 0.0 0.0 0.0 
0.0 0.0 0.0 0.0 0.0 0.0 0.0 0.0 0.0 0.0 0.0 194.0 0.0 0.0 0.0 0.0 
0.0 0.0 0.0 0.0 0.0 0.0 0.0 0.0 0.0 0.0 0.0 194.5 0.0 0.0 0.0 0.0 
0.0 0.0 0.0 0.0 0.0 0.0 0.0 0.0 0.0 0.0 0.0 195.0 0.0 0.0 0.0 0.0 
0.0 0.0 0.0 0.0 0.0 0.0 0.0 0.0 0.0 0.0 0.0 195.5 0.0 0.0 0.0 0.0 
0.0 0.0 0.0 0.0 0.0 0.0 0.0 0.0 0.0 0.0 0.0 196.0 0.0 0.0 0.0 0.0 
0.0 0.0 0.0 0.0 0.0 0.0 0.0 0.0 0.0 0.0 0.0 196.5 0.0 0.0 0.0 0.0 
0.0 0.0 0.0 0.0 0.0 0.0 0.0 0.0 0.0 0.0 0.0 197.0 0.0 0.0 0.0 0.0 
0.0 0.0 0.0 0.0 0.0 0.0 0.0 0.0 0.0 0.0 0.0 197.5 0.0 0.0 0.0 0.0 
0.0 0.0 0.0 0.0 0.0 0.0 0.0 0.0 0.0 0.0 0.0 198.0 0.0 0.0 0.0 0.0 
0.0 0.0 0.0 0.0 0.0 0.0 0.0 0.0 0.0 0.0 0.0 198.5 0.0 0.0 0.0 0.0 
0.0 0.0 0.0 0.0 0.0 0.0 0.0 0.0 0.0 0.0 0.0 199.0 0.0 0.0 0.0 0.0 
0.0 0.0 0.0 0.0 0.0 0.0 0.0 0.0 0.0 0.0 0.0 199.5 0.0 0.0 0.0 0.0 
0.0 0.0 0.0 0.0 0.0 0.0 0.0 0.0 0.0 0.0 0.0 200.0 0.0 0.0 0.0 0.0 
0.0 0.0 0.0 0.0 0.0 0.0 0.0 0.0 0.0 0.0 0.0 200.5 0.0 0.0 0.0 0.0 
0.0 0.0 0.0 0.0 0.0 0.0 0.0 0.0 0.0 0.0 0.0 201.0 0.0 0.0 0.0 0.0 
0.0 0.0 0.0 0.0 0.0 0.0 0.0 0.0 0.0 0.0 0.0 201.5 0.0 0.0 0.0 0.0 
0.0 0.0 0.0 0.0 0.0 0.0 0.0 0.0 0.0 0.0 0.0 202.0 0.0 0.0 0.0 0.0 
0.0 0.0 0.0 0.0 0.0 0.0 0.0 0.0 0.0 0.0 0.0 202.5 0.0 0.0 0.0 0.0 
0.0 0.0 0.0 0.0 0.0 0.0 0.0 0.0 0.0 0.0 0.0 203.0 0.0 0.0 0.0 0.0 
0.0 0.0 0.0 0.0 0.0 0.0 0.0 0.0 0.0 0.0 0.0 203.5 0.0 0.0 0.0 0.0 
0.0 0.0 0.0 0.0 0.0 0.0 0.0 0.0 0.0 0.0 0.0 204.0 0.0 0.0 0.0 0.0 
0.0 0.0 0.0 0.0 0.0 0.0 0.0 0.0 0.0 0.0 0.0 204.5 0.0 0.0 0.0 0.0 
0.0 0.0 0.0 0.0 0.0 0.0 0.0 0.0 0.0 0.0 0.0 205.0 0.0 0.0 0.0 0.0 
0.0 0.0 0.0 0.0 0.0 0.0 0.0 0.0 0.0 0.0 0.0 205.5 0.0 0.0 0.0 0.0 
0.0 0.0 0.0 0.0 0.0 0.0 0.0 0.0 0.0 0.0 0.0 206.0 0.0 0.0 0.0 0.0 
0.0 0.0 0.0 0.0 0.0 0.0 0.0 0.0 0.0 0.0 0.0 206.5 0.0 0.0 0.0 0.0 
0.0 0.0 0.0 0.0 0.0 0.0 0.0 0.0 0.0 0.0 0.0 207.0 0.0 0.0 0.0 0.0 
0.0 0.0 0.0 0.0 0.0 0.0 0.0 0.0 0.0 0.0 0.0 207.5 0.0 0.0 0.0 0.0 
0.0 0.0 0.0 0.0 0.0 0.0 0.0 0.0 0.0 0.0 0.0 208.0 0.0 0.0 0.0 0.0 
0.0 0.0 0.0 0.0 0.0 0.0 0.0 0.0 0.0 0.0 0.0 208.5 0.0 0.0 0.0 0.0 
0.0 0.0 0.0 0.0 0.0 0.0 0.0 0.0 0.0 0.0 0.0 209.0 0.0 0.0 0.0 0.0 
0.0 0.0 0.0 0.0 0.0 0.0 0.0 0.0 0.0 0.0 0.0 209.5 0.0 0.0 0.0 0.0 
0.0 0.0 0.0 0.0 0.0 0.0 0.0 0.0 0.0 0.0 0.0 210.0 0.0 0.0 0.0 0.0 
0.0 0.0 0.0 0.0 0.0 0.0 0.0 0.0 0.0 0.0 0.0 210.5 0.0 0.0 0.0 0.0 
0.0 0.0 0.0 0.0 0.0 0.0 0.0 0.0 0.0 0.0 0.0 211.0 0.0 0.0 0.0 0.0 
0.0 0.0 0.0 0.0 0.0 0.0 0.0 0.0 0.0 0.0 0.0 211.5 0.0 0.0 0.0 0.0 
0.0 0.0 0.0 0.0 0.0 0.0 0.0 0.0 0.0 0.0 0.0 212.0 0.0 0.0 0.0 0.0 
0.0 0.0 0.0 0.0 0.0 0.0 0.0 0.0 0.0 0.0 0.0 212.5 0.0 0.0 0.0 0.0 
0.0 0.0 0.0 0.0 0.0 0.0 0.0 0.0 0.0 0.0 0.0 213.0 0.0 0.0 0.0 0.0 
0.0 0.0 0.0 0.0 0.0 0.0 0.0 0.0 0.0 0.0 0.0 213.5 0.0 0.0 0.0 0.0 
0.0 0.0 0.0 0.0 0.0 0.0 0.0 0.0 0.0 0.0 0.0 214.0 0.0 0.0 0.0 0.0 
0.0 0.0 0.0 0.0 0.0 0.0 0.0 0.0 0.0 0.0 0.0 214.5 0.0 0.0 0.0 0.0 
0.0 0.0 0.0 0.0 0.0 0.0 0.0 0.0 0.0 0.0 0.0 215.0 0.0 0.0 0.0 0.0 
0.0 0.0 0.0 0.0 0.0 0.0 0.0 0.0 0.0 0.0 0.0 215.5 0.0 0.0 0.0 0.0 
0.0 0.0 0.0 0.0 0.0 0.0 0.0 0.0 0.0 0.0 0.0 216.0 0.0 0.0 0.0 0.0 
0.0 0.0 0.0 0.0 0.0 0.0 0.0 0.0 0.0 0.0 0.0 216.5 0.0 0.0 0.0 0.0 
0.0 0.0 0.0 0.0 0.0 0.0 0.0 0.0 0.0 0.0 0.0 217.0 0.0 0.0 0.0 0.0 
0.0 0.0 0.0 0.0 0.0 0.0 0.0 0.0 0.0 0.0 0.0 217.5 0.0 0.0 0.0 0.0 
0.0 0.0 0.0 0.0 0.0 0.0 0.0 0.0 0.0 0.0 0.0 218.0 0.0 0.0 0.0 0.0 
0.0 0.0 0.0 0.0 0.0 0.0 0.0 0.0 0.0 0.0 0.0 218.5 0.0 0.0 0.0 0.0 
0.0 0.0 0.0 0.0 0.0 0.0 0.0 0.0 0.0 0.0 0.0 219.0 0.0 0.0 0.0 0.0 
0.0 0.0 0.0 0.0 0.0 0.0 0.0 0.0 0.0 0.0 0.0 219.5 0.0 0.0 0.0 0.0 
0.0 0.0 0.0 0.0 0.0 0.0 0.0 0.0 0.0 0.0 0.0 220.0 0.0 0.0 0.0 0.0 
0.0 0.0 0.0 0.0 0.0 0.0 0.0 0.0 0.0 0.0 0.0 220.5 0.0 0.0 0.0 0.0 
0.0 0.0 0.0 0.0 0.0 0.0 0.0 0.0 0.0 0.0 0.0 221.0 0.0 0.0 0.0 0.0 
0.0 0.0 0.0 0.0 0.0 0.0 0.0 0.0 0.0 0.0 0.0 221.5 0.0 0.0 0.0 0.0 
0.0 0.0 0.0 0.0 0.0 0.0 0.0 0.0 0.0 0.0 0.0 222.0 0.0 0.0 0.0 0.0 
0.0 0.0 0.0 0.0 0.0 0.0 0.0 0.0 0.0 0.0 0.0 222.5 0.0 0.0 0.0 0.0 
0.0 0.0 0.0 0.0 0.0 0.0 0.0 0.0 0.0 0.0 0.0 223.0 0.0 0.0 0.0 0.0 
0.0 0.0 0.0 0.0 0.0 0.0 0.0 0.0 0.0 0.0 0.0 223.5 0.0 0.0 0.0 0.0 
0.0 0.0 0.0 0.0 0.0 0.0 0.0 0.0 0.0 0.0 0.0 224.0 0.0 0.0 0.0 0.0 
0.0 0.0 0.0 0.0 0.0 0.0 0.0 0.0 0.0 0.0 0.0 224.5 0.0 0.0 0.0 0.0 
0.0 0.0 0.0 0.0 0.0 0.0 0.0 0.0 0.0 0.0 0.0 225.0 0.0 0.0 0.0 0.0 
0.0 0.0 0.0 0.0 0.0 0.0 0.0 0.0 0.0 0.0 0.0 225.5 0.0 0.0 0.0 0.0 
0.0 0.0 0.0 0.0 0.0 0.0 0.0 0.0 0.0 0.0 0.0 226.0 0.0 0.0 0.0 0.0 
0.0 0.0 0.0 0.0 0.0 0.0 0.0 0.0 0.0 0.0 0.0 226.5 0.0 0.0 0.0 0.0 
0.0 0.0 0.0 0.0 0.0 0.0 0.0 0.0 0.0 0.0 0.0 227.0 0.0 0.0 0.0 0.0 
0.0 0.0 0.0 0.0 0.0 0.0 0.0 0.0 0.0 0.0 0.0 227.5 0.0 0.0 0.0 0.0 
0.0 0.0 0.0 0.0 0.0 0.0 0.0 0.0 0.0 0.0 0.0 228.0 0.0 0.0 0.0 0.0 
0.0 0.0 0.0 0.0 0.0 0.0 0.0 0.0 0.0 0.0 0.0 228.5 0.0 0.0 0.0 0.0 
0.0 0.0 0.0 0.0 0.0 0.0 0.0 0.0 0.0 0.0 0.0 229.0 0.0 0.0 0.0 0.0 
0.0 0.0 0.0 0.0 0.0 0.0 0.0 0.0 0.0 0.0 0.0 229.5 0.0 0.0 0.0 0.0 
0.0 0.0 0.0 0.0 0.0 0.0 0.0 0.0 0.0 0.0 0.0 230.0 0.0 0.0 0.0 0.0 
0.0 0.0 0.0 0.0 0.0 0.0 0.0 0.0 0.0 0.0 0.0 230.5 0.0 0.0 0.0 0.0 
0.0 0.0 0.0 0.0 0.0 0.0 0.0 0.0 0.0 0.0 0.0 231.0 0.0 0.0 0.0 0.0 
0.0 0.0 0.0 0.0 0.0 0.0 0.0 0.0 0.0 0.0 0.0 231.5 0.0 0.0 0.0 0.0 
0.0 0.0 0.0 0.0 0.0 0.0 0.0 0.0 0.0 0.0 0.0 232.0 0.0 0.0 0.0 0.0 
0.0 0.0 0.0 0.0 0.0 0.0 0.0 0.0 0.0 0.0 0.0 232.5 0.0 0.0 0.0 0.0 
0.0 0.0 0.0 0.0 0.0 0.0 0.0 0.0 0.0 0.0 0.0 233.0 0.0 0.0 0.0 0.0 
0.0 0.0 0.0 0.0 0.0 0.0 0.0 0.0 0.0 0.0 0.0 233.5 0.0 0.0 0.0 0.0 
0.0 0.0 0.0 0.0 0.0 0.0 0.0 0.0 0.0 0.0 0.0 234.0 0.0 0.0 0.0 0.0 
0.0 0.0 0.0 0.0 0.0 0.0 0.0 0.0 0.0 0.0 0.0 234.5 0.0 0.0 0.0 0.0 
0.0 0.0 0.0 0.0 0.0 0.0 0.0 0.0 0.0 0.0 0.0 235.0 0.0 0.0 0.0 0.0 
0.0 0.0 0.0 0.0 0.0 0.0 0.0 0.0 0.0 0.0 0.0 235.5 0.0 0.0 0.0 0.0 
0.0 0.0 0.0 0.0 0.0 0.0 0.0 0.0 0.0 0.0 0.0 236.0 0.0 0.0 0.0 0.0 
0.0 0.0 0.0 0.0 0.0 0.0 0.0 0.0 0.0 0.0 0.0 236.5 0.0 0.0 0.0 0.0 
0.0 0.0 0.0 0.0 0.0 0.0 0.0 0.0 0.0 0.0 0.0 237.0 0.0 0.0 0.0 0.0 
0.0 0.0 0.0 0.0 0.0 0.0 0.0 0.0 0.0 0.0 0.0 237.5 0.0 0.0 0.0 0.0 
0.0 0.0 0.0 0.0 0.0 0.0 0.0 0.0 0.0 0.0 0.0 238.0 0.0 0.0 0.0 0.0 
0.0 0.0 0.0 0.0 0.0 0.0 0.0 0.0 0.0 0.0 0.0 238.5 0.0 0.0 0.0 0.0 
0.0 0.0 0.0 0.0 0.0 0.0 0.0 0.0 0.0 0.0 0.0 239.0 0.0 0.0 0.0 0.0 
0.0 0.0 0.0 0.0 0.0 0.0 0.0 0.0 0.0 0.0 0.0 239.5 0.0 0.0 0.0 0.0 
0.0 0.0 0.0 0.0 0.0 0.0 0.0 0.0 0.0 0.0 0.0 240.0 0.0 0.0 0.0 0.0 
0.0 0.0 0.0 0.0 0.0 0.0 0.0 0.0 0.0 0.0 0.0 240.5 0.0 0.0 0.0 0.0 
0.0 0.0 0.0 0.0 0.0 0.0 0.0 0.0 0.0 0.0 0.0 241.0 0.0 0.0 0.0 0.0 
0.0 0.0 0.0 0.0 0.0 0.0 0.0 0.0 0.0 0.0 0.0 241.5 0.0 0.0 0.0 0.0 
0.0 0.0 0.0 0.0 0.0 0.0 0.0 0.0 0.0 0.0 0.0 242.0 0.0 0.0 0.0 0.0 
0.0 0.0 0.0 0.0 0.0 0.0 0.0 0.0 0.0 0.0 0.0 242.5 0.0 0.0 0.0 0.0 
0.0 0.0 0.0 0.0 0.0 0.0 0.0 0.0 0.0 0.0 0.0 243.0 0.0 0.0 0.0 0.0 
0.0 0.0 0.0 0.0 0.0 0.0 0.0 0.0 0.0 0.0 0.0 243.5 0.0 0.0 0.0 0.0 
0.0 0.0 0.0 0.0 0.0 0.0 0.0 0.0 0.0 0.0 0.0 244.0 0.0 0.0 0.0 0.0 
0.0 0.0 0.0 0.0 0.0 0.0 0.0 0.0 0.0 0.0 0.0 244.5 0.0 0.0 0.0 0.0 
0.0 0.0 0.0 0.0 0.0 0.0 0.0 0.0 0.0 0.0 0.0 245.0 0.0 0.0 0.0 0.0 
0.0 0.0 0.0 0.0 0.0 0.0 0.0 0.0 0.0 0.0 0.0 245.5 0.0 0.0 0.0 0.0 
0.0 0.0 0.0 0.0 0.0 0.0 0.0 0.0 0.0 0.0 0.0 246.0 0.0 0.0 0.0 0.0 
0.0 0.0 0.0 0.0 0.0 0.0 0.0 0.0 0.0 0.0 0.0 246.5 0.0 0.0 0.0 0.0 
0.0 0.0 0.0 0.0 0.0 0.0 0.0 0.0 0.0 0.0 0.0 247.0 0.0 0.0 0.0 0.0 
0.0 0.0 0.0 0.0 0.0 0.0 0.0 0.0 0.0 0.0 0.0 247.5 0.0 0.0 0.0 0.0 
0.0 0.0 0.0 0.0 0.0 0.0 0.0 0.0 0.0 0.0 0.0 248.0 0.0 0.0 0.0 0.0 
0.0 0.0 0.0 0.0 0.0 0.0 0.0 0.0 0.0 0.0 0.0 248.5 0.0 0.0 0.0 0.0 
0.0 0.0 0.0 0.0 0.0 0.0 0.0 0.0 0.0 0.0 0.0 249.0 0.0 0.0 0.0 0.0 
0.0 0.0 0.0 0.0 0.0 0.0 0.0 0.0 0.0 0.0 0.0 249.5 0.0 0.0 0.0 0.0 
