# x	 y	 dy	 fy
9.930999999999999550e-02 1.305447000000000024e+00 5.000000000000000278e-02 1.352117204440712817e+00
1.003700000000000009e-01 1.349572999999999912e+00 5.000000000000000278e-02 1.372994545780237940e+00
1.010999999999999954e-01 1.346513000000000071e+00 5.000000000000000278e-02 1.386753293507648532e+00
1.018199999999999938e-01 1.370595999999999925e+00 5.000000000000000278e-02 1.400177579386442606e+00
1.025500000000000023e-01 1.409893999999999981e+00 5.000000000000000278e-02 1.413788313680220066e+00
1.032799999999999968e-01 1.417797999999999892e+00 5.000000000000000278e-02 1.427399047973997304e+00
1.039999999999999952e-01 1.411097000000000046e+00 5.000000000000000278e-02 1.440823333852791377e+00
1.047300000000000036e-01 1.442625000000000046e+00 5.000000000000000278e-02 1.454434068146568837e+00
1.054599999999999982e-01 1.462458999999999953e+00 5.000000000000000278e-02 1.468044802440346075e+00
1.061900000000000066e-01 1.468576000000000104e+00 5.000000000000000278e-02 1.481655536734123535e+00
1.069100000000000050e-01 1.501924999999999955e+00 5.000000000000000278e-02 1.494923036980183140e+00
1.076399999999999996e-01 1.535409999999999942e+00 5.000000000000000278e-02 1.507557274929681723e+00
1.083699999999999941e-01 1.534882999999999997e+00 5.000000000000000278e-02 1.520191512879180529e+00
1.090900000000000064e-01 1.530110999999999999e+00 5.000000000000000278e-02 1.532652679075946489e+00
1.098200000000000010e-01 1.518437000000000037e+00 5.000000000000000278e-02 1.545286917025445295e+00
1.105499999999999955e-01 1.540705999999999909e+00 5.000000000000000278e-02 1.557921154974943878e+00
1.112699999999999939e-01 1.559409000000000045e+00 5.000000000000000278e-02 1.570382321171709838e+00
1.120000000000000023e-01 1.573177000000000048e+00 5.000000000000000278e-02 1.583016559121208644e+00
1.127299999999999969e-01 1.583102000000000009e+00 5.000000000000000278e-02 1.595650797070707450e+00
1.134600000000000053e-01 1.604295999999999944e+00 5.000000000000000278e-02 1.607666877104371173e+00
1.141800000000000037e-01 1.602932000000000023e+00 5.000000000000000278e-02 1.618972846106045083e+00
1.149099999999999983e-01 1.606254999999999988e+00 5.000000000000000278e-02 1.630435842454964313e+00
1.156400000000000067e-01 1.609456999999999915e+00 5.000000000000000278e-02 1.641898838803883764e+00
1.163600000000000051e-01 1.630908999999999942e+00 5.000000000000000278e-02 1.653204807805557675e+00
1.170899999999999996e-01 1.654851999999999990e+00 5.000000000000000278e-02 1.664667804154476904e+00
1.178199999999999942e-01 1.658344999999999958e+00 5.000000000000000278e-02 1.676130800503396134e+00
1.185400000000000065e-01 1.671891000000000016e+00 5.000000000000000278e-02 1.687436769505070044e+00
1.192700000000000010e-01 1.671829999999999927e+00 5.000000000000000278e-02 1.698899765853989274e+00
1.199999999999999956e-01 1.662879999999999914e+00 5.000000000000000278e-02 1.709174362486146403e+00
1.207300000000000040e-01 1.687240000000000073e+00 5.000000000000000278e-02 1.719288899788222746e+00
1.214500000000000024e-01 1.716584000000000110e+00 5.000000000000000278e-02 1.729264881784791097e+00
1.221799999999999969e-01 1.708075000000000010e+00 5.000000000000000278e-02 1.739379419086867440e+00
1.229100000000000054e-01 1.712890000000000024e+00 5.000000000000000278e-02 1.749493956388943783e+00
1.236300000000000038e-01 1.723062000000000094e+00 5.000000000000000278e-02 1.759469938385512133e+00
1.243599999999999983e-01 1.732267000000000001e+00 5.000000000000000278e-02 1.769584475687588254e+00
1.250900000000000067e-01 1.745729000000000086e+00 5.000000000000000278e-02 1.779699012989664597e+00
1.258100000000000052e-01 1.758135000000000003e+00 5.000000000000000278e-02 1.789321441361294784e+00
1.265400000000000136e-01 1.758607999999999949e+00 5.000000000000000278e-02 1.797930368003917145e+00
1.272699999999999942e-01 1.771206999999999976e+00 5.000000000000000278e-02 1.806539294646539284e+00
1.280000000000000027e-01 1.755171999999999954e+00 5.000000000000000278e-02 1.815148221289161645e+00
1.287200000000000011e-01 1.762270999999999921e+00 5.000000000000000278e-02 1.823639217429830151e+00
1.294500000000000095e-01 1.784445000000000059e+00 5.000000000000000278e-02 1.832248144072452511e+00
1.301799999999999902e-01 1.803590000000000027e+00 5.000000000000000278e-02 1.840857070715074650e+00
1.308999999999999886e-01 1.793557999999999986e+00 5.000000000000000278e-02 1.849348066855743156e+00
1.316299999999999970e-01 1.796799999999999953e+00 5.000000000000000278e-02 1.857956993498365517e+00
1.323600000000000054e-01 1.803747999999999907e+00 5.000000000000000278e-02 1.865578270350692014e+00
1.330800000000000038e-01 1.799328000000000038e+00 5.000000000000000278e-02 1.872451246604378117e+00
1.338100000000000123e-01 1.824813999999999936e+00 5.000000000000000278e-02 1.879419680861587727e+00
1.345399999999999929e-01 1.837882999999999933e+00 5.000000000000000278e-02 1.886388115118796893e+00
1.352599999999999913e-01 1.837609999999999966e+00 5.000000000000000278e-02 1.893261091372482996e+00
1.359899999999999998e-01 1.850435000000000052e+00 5.000000000000000278e-02 1.900229525629692384e+00
1.367200000000000082e-01 1.856918000000000069e+00 5.000000000000000278e-02 1.907197959886901995e+00
1.374499999999999889e-01 1.854991000000000057e+00 5.000000000000000278e-02 1.914166394144111161e+00
1.381699999999999873e-01 1.858316000000000079e+00 5.000000000000000278e-02 1.921039370397797263e+00
1.388999999999999957e-01 1.867153000000000063e+00 5.000000000000000278e-02 1.926334352966640573e+00
1.396300000000000041e-01 1.871620000000000061e+00 5.000000000000000278e-02 1.931551521094047708e+00
1.403500000000000025e-01 1.893898000000000081e+00 5.000000000000000278e-02 1.936697221164915161e+00
1.410800000000000110e-01 1.898344000000000031e+00 5.000000000000000278e-02 1.941914389292322518e+00
1.418099999999999916e-01 1.908846000000000043e+00 5.000000000000000278e-02 1.947131557419729431e+00
1.425299999999999900e-01 1.919154999999999944e+00 5.000000000000000278e-02 1.952277257490596885e+00
1.432599999999999985e-01 1.916873999999999967e+00 5.000000000000000278e-02 1.957494425618004019e+00
1.439900000000000069e-01 1.936226999999999920e+00 5.000000000000000278e-02 1.962711593745411376e+00
1.447100000000000053e-01 1.960468000000000099e+00 5.000000000000000278e-02 1.967289656802277520e+00
1.454400000000000137e-01 1.958782999999999941e+00 5.000000000000000278e-02 1.970670339575040897e+00
1.461699999999999944e-01 1.960887000000000047e+00 5.000000000000000278e-02 1.974051022347804052e+00
1.468899999999999928e-01 1.952900000000000080e+00 5.000000000000000278e-02 1.977385394397652929e+00
1.476200000000000012e-01 1.907963000000000076e+00 5.000000000000000278e-02 1.980766077170416306e+00
1.483500000000000096e-01 1.907305999999999946e+00 5.000000000000000278e-02 1.984146759943179683e+00
1.490700000000000081e-01 1.920287999999999995e+00 5.000000000000000278e-02 1.987481131993028338e+00
1.497999999999999887e-01 1.934908999999999990e+00 5.000000000000000278e-02 1.990861814765791493e+00
1.505299999999999971e-01 1.935351000000000043e+00 5.000000000000000278e-02 1.994242497538554870e+00
1.512499999999999956e-01 1.952310999999999908e+00 5.000000000000000278e-02 1.996321146631819365e+00
1.519800000000000040e-01 1.960997000000000101e+00 5.000000000000000278e-02 1.997806715485429097e+00
1.527100000000000124e-01 1.952426999999999913e+00 5.000000000000000278e-02 1.999292284339039050e+00
1.534300000000000108e-01 1.942928999999999906e+00 5.000000000000000278e-02 2.000757502934380039e+00
1.541599999999999915e-01 1.949151000000000078e+00 5.000000000000000278e-02 2.002243071787990214e+00
1.548899999999999999e-01 1.946900000000000075e+00 5.000000000000000278e-02 2.003728640641599945e+00
1.556099999999999983e-01 1.951073000000000057e+00 5.000000000000000278e-02 2.005193859236940934e+00
1.563400000000000067e-01 1.953186000000000089e+00 5.000000000000000278e-02 2.006679428090550665e+00
1.570699999999999874e-01 1.943286000000000069e+00 5.000000000000000278e-02 2.008107525507234037e+00
1.577900000000000136e-01 1.928598999999999952e+00 5.000000000000000278e-02 2.007672597118629998e+00
1.585199999999999942e-01 1.940957999999999961e+00 5.000000000000000278e-02 2.007231628057961625e+00
1.592500000000000027e-01 1.945219999999999949e+00 5.000000000000000278e-02 2.006790658997293697e+00
1.599700000000000011e-01 1.967341999999999924e+00 5.000000000000000278e-02 2.006355730608689658e+00
1.607000000000000095e-01 1.975270000000000081e+00 5.000000000000000278e-02 2.005914761548021286e+00
1.614299999999999902e-01 1.994262999999999897e+00 5.000000000000000278e-02 2.005473792487353357e+00
1.621499999999999886e-01 1.992771000000000070e+00 5.000000000000000278e-02 2.005038864098748874e+00
1.628799999999999970e-01 1.968193000000000081e+00 5.000000000000000278e-02 2.004597895038080946e+00
1.636100000000000054e-01 1.956955999999999918e+00 5.000000000000000278e-02 2.003416835098734250e+00
1.643300000000000038e-01 1.931443999999999939e+00 5.000000000000000278e-02 2.001077782509149028e+00
1.650600000000000123e-01 1.933070999999999984e+00 5.000000000000000278e-02 1.998706243078041345e+00
1.657899999999999929e-01 1.918045000000000000e+00 5.000000000000000278e-02 1.996334703646933884e+00
1.665099999999999913e-01 1.923821000000000003e+00 5.000000000000000278e-02 1.993995651057348439e+00
1.672399999999999998e-01 1.925448000000000048e+00 5.000000000000000278e-02 1.991624111626240756e+00
1.679700000000000082e-01 1.928468999999999989e+00 5.000000000000000278e-02 1.989252572195133295e+00
1.686900000000000066e-01 1.924797000000000091e+00 5.000000000000000278e-02 1.986913519605547851e+00
1.694199999999999873e-01 1.919961999999999946e+00 5.000000000000000278e-02 1.984541980174440390e+00
1.701499999999999957e-01 1.937162999999999968e+00 5.000000000000000278e-02 1.980764888403348634e+00
1.708699999999999941e-01 1.940622999999999987e+00 5.000000000000000278e-02 1.976544516405724039e+00
1.716000000000000025e-01 1.956442999999999932e+00 5.000000000000000278e-02 1.972265528130354717e+00
1.723300000000000110e-01 1.922439999999999927e+00 5.000000000000000278e-02 1.967986539854985395e+00
1.730500000000000094e-01 1.883869000000000016e+00 5.000000000000000278e-02 1.963766167857360800e+00
1.737799999999999900e-01 1.879674000000000067e+00 5.000000000000000278e-02 1.959487179581991478e+00
1.745099999999999985e-01 1.864583000000000101e+00 5.000000000000000278e-02 1.955208191306622156e+00
1.752299999999999969e-01 1.875232000000000010e+00 5.000000000000000278e-02 1.950987819308997562e+00
1.759600000000000053e-01 1.890063000000000049e+00 5.000000000000000278e-02 1.946540888140414038e+00
1.766900000000000137e-01 1.889798000000000089e+00 5.000000000000000278e-02 1.940404073849726796e+00
1.774100000000000121e-01 1.903880999999999935e+00 5.000000000000000278e-02 1.934351325508227193e+00
1.781399999999999928e-01 1.900598999999999927e+00 5.000000000000000278e-02 1.928214511217540394e+00
1.788700000000000012e-01 1.889332999999999929e+00 5.000000000000000278e-02 1.922077696926853152e+00
1.795899999999999996e-01 1.881666000000000061e+00 5.000000000000000278e-02 1.916024948585353771e+00
1.803200000000000081e-01 1.861220000000000097e+00 5.000000000000000278e-02 1.909888134294666528e+00
1.810499999999999887e-01 1.839369999999999949e+00 5.000000000000000278e-02 1.903751320003979508e+00
1.817699999999999871e-01 1.830354999999999954e+00 5.000000000000000278e-02 1.897698571662480127e+00
1.824999999999999956e-01 1.834246999999999961e+00 5.000000000000000278e-02 1.890770358200563939e+00
1.832199999999999940e-01 1.833507999999999916e+00 5.000000000000000278e-02 1.882959277595177339e+00
1.839500000000000024e-01 1.849634000000000000e+00 5.000000000000000278e-02 1.875039709759160234e+00
1.846800000000000108e-01 1.833955000000000002e+00 5.000000000000000278e-02 1.867120141923143128e+00
1.854000000000000092e-01 1.810367000000000060e+00 5.000000000000000278e-02 1.859309061317756528e+00
1.861299999999999899e-01 1.816886999999999919e+00 5.000000000000000278e-02 1.851389493481739867e+00
1.868599999999999983e-01 1.828573999999999922e+00 5.000000000000000278e-02 1.843469925645722762e+00
1.875799999999999967e-01 1.794040000000000079e+00 5.000000000000000278e-02 1.835658845040336162e+00
1.883100000000000052e-01 1.784663000000000110e+00 5.000000000000000278e-02 1.827739277204319057e+00
1.890400000000000136e-01 1.773258000000000001e+00 5.000000000000000278e-02 1.818477089211643971e+00
1.897600000000000120e-01 1.802408999999999928e+00 5.000000000000000278e-02 1.809005412868406326e+00
1.904899999999999927e-01 1.805533999999999972e+00 5.000000000000000278e-02 1.799402185464846093e+00
1.912200000000000011e-01 1.780604999999999993e+00 5.000000000000000278e-02 1.789798958061285639e+00
1.919399999999999995e-01 1.753119000000000094e+00 5.000000000000000278e-02 1.780327281718047994e+00
1.926700000000000079e-01 1.731997000000000009e+00 5.000000000000000278e-02 1.770724054314487539e+00
1.933900000000000063e-01 1.733049000000000062e+00 5.000000000000000278e-02 1.761252377971249894e+00
1.941199999999999870e-01 1.759392000000000067e+00 5.000000000000000278e-02 1.751649150567689661e+00
1.948499999999999954e-01 1.744547000000000070e+00 5.000000000000000278e-02 1.741810069651420934e+00
1.955699999999999938e-01 1.726450000000000040e+00 5.000000000000000278e-02 1.730797474674745873e+00
1.963000000000000023e-01 1.693386000000000058e+00 5.000000000000000278e-02 1.719631926990061288e+00
1.970300000000000107e-01 1.691265999999999936e+00 5.000000000000000278e-02 1.708466379305376703e+00
1.977500000000000091e-01 1.697955000000000103e+00 5.000000000000000278e-02 1.697453784328701643e+00
1.984799999999999898e-01 1.703006000000000020e+00 5.000000000000000278e-02 1.686288236644017502e+00
1.985200000000000020e-01 1.693489000000000022e+00 5.000000000000000278e-02 1.685676425811979851e+00
1.991999999999999882e-01 1.678616000000000108e+00 5.000000000000000278e-02 1.675275641667342441e+00
1.999299999999999966e-01 1.659890000000000088e+00 5.000000000000000278e-02 1.664110093982657856e+00
2.006600000000000050e-01 1.606743999999999950e+00 5.000000000000000278e-02 1.652944546297973272e+00
2.013800000000000034e-01 1.593623999999999929e+00 5.000000000000000278e-02 1.641234628271623475e+00
2.021100000000000119e-01 1.584576999999999902e+00 5.000000000000000278e-02 1.628648254364439607e+00
2.028300000000000103e-01 1.615561000000000025e+00 5.000000000000000278e-02 1.616234296538176407e+00
2.035599999999999909e-01 1.624525999999999915e+00 5.000000000000000278e-02 1.603647922630993206e+00
2.042899999999999994e-01 1.628749000000000002e+00 5.000000000000000278e-02 1.591061548723809338e+00
2.050099999999999978e-01 1.624540000000000095e+00 5.000000000000000278e-02 1.578647590897546138e+00
2.057400000000000062e-01 1.590775999999999968e+00 5.000000000000000278e-02 1.566061216990362492e+00
2.064699999999999869e-01 1.558094000000000090e+00 5.000000000000000278e-02 1.553474843083179069e+00
2.071900000000000130e-01 1.544626999999999972e+00 5.000000000000000278e-02 1.541060885256915425e+00
2.079199999999999937e-01 1.484631000000000034e+00 5.000000000000000278e-02 1.527409378464219092e+00
2.086500000000000021e-01 1.480242999999999975e+00 5.000000000000000278e-02 1.513561460686111637e+00
2.093700000000000006e-01 1.437918999999999947e+00 5.000000000000000278e-02 1.499903240411814220e+00
2.101000000000000090e-01 1.423435000000000006e+00 5.000000000000000278e-02 1.486055322633706766e+00
2.108200000000000074e-01 1.434746999999999995e+00 5.000000000000000278e-02 1.472397102359409349e+00
2.115499999999999881e-01 1.446504999999999930e+00 5.000000000000000278e-02 1.458549184581302338e+00
2.122799999999999965e-01 1.468452000000000091e+00 5.000000000000000278e-02 1.444701266803194883e+00
2.129999999999999949e-01 1.432196000000000025e+00 5.000000000000000278e-02 1.431043046528897467e+00
2.137300000000000033e-01 1.401693000000000078e+00 5.000000000000000278e-02 1.416980071885889814e+00
2.144500000000000017e-01 1.424763000000000002e+00 5.000000000000000278e-02 1.402249669709157764e+00
2.151800000000000102e-01 1.400204999999999922e+00 5.000000000000000278e-02 1.387314678613304153e+00
2.159099999999999908e-01 1.344575000000000076e+00 5.000000000000000278e-02 1.372379687517450986e+00
2.166299999999999892e-01 1.321957999999999966e+00 5.000000000000000278e-02 1.357649285340718937e+00
2.173599999999999977e-01 1.294537999999999967e+00 5.000000000000000278e-02 1.342714294244865325e+00
2.174099999999999921e-01 1.301865000000000050e+00 5.000000000000000278e-02 1.341691349649259068e+00
2.180799999999999961e-01 1.240231000000000083e+00 5.000000000000000278e-02 1.327983892068133276e+00
2.184500000000000053e-01 1.299271000000000065e+00 5.000000000000000278e-02 1.320414102060645689e+00
2.188100000000000045e-01 1.264453999999999967e+00 5.000000000000000278e-02 1.313048900972279665e+00
2.194800000000000084e-01 1.291363999999999956e+00 5.000000000000000278e-02 1.299341443391153650e+00
2.195400000000000129e-01 1.305544000000000038e+00 5.000000000000000278e-02 1.298113909876426053e+00
2.202600000000000113e-01 1.312254000000000032e+00 5.000000000000000278e-02 1.282899509662207560e+00
2.205199999999999938e-01 1.285883000000000109e+00 5.000000000000000278e-02 1.277259577594429762e+00
2.209899999999999920e-01 1.284847999999999990e+00 5.000000000000000278e-02 1.267064315779600214e+00
2.215499999999999969e-01 1.254850000000000021e+00 5.000000000000000278e-02 1.254916769787462583e+00
2.217099999999999904e-01 1.266623000000000054e+00 5.000000000000000278e-02 1.251446042361137767e+00
2.224399999999999988e-01 1.236458999999999975e+00 5.000000000000000278e-02 1.235610848478529755e+00
2.225900000000000101e-01 1.214474000000000053e+00 5.000000000000000278e-02 1.232357041516349838e+00
2.231700000000000073e-01 1.237001999999999935e+00 5.000000000000000278e-02 1.219775654595921743e+00
2.236200000000000132e-01 1.210823999999999900e+00 5.000000000000000278e-02 1.210014233709382658e+00
2.238900000000000057e-01 1.254658999999999969e+00 5.000000000000000278e-02 1.204157381177459296e+00
2.246199999999999863e-01 1.224795000000000078e+00 5.000000000000000278e-02 1.188322187294851950e+00
2.246599999999999986e-01 1.219213000000000102e+00 5.000000000000000278e-02 1.187454505438270358e+00
2.253400000000000125e-01 1.187038000000000038e+00 5.000000000000000278e-02 1.172703913876388837e+00
2.256900000000000017e-01 1.191847000000000101e+00 5.000000000000000278e-02 1.165111697631303178e+00
2.260699999999999932e-01 1.155742999999999965e+00 5.000000000000000278e-02 1.156868719993781491e+00
2.267299999999999871e-01 1.157461999999999991e+00 5.000000000000000278e-02 1.141992198643617673e+00
2.268000000000000016e-01 1.154500000000000082e+00 5.000000000000000278e-02 1.140406261889806316e+00
2.275200000000000000e-01 1.135698000000000096e+00 5.000000000000000278e-02 1.124093769564892487e+00
2.277599999999999902e-01 1.159840999999999900e+00 5.000000000000000278e-02 1.118656272123254913e+00
2.282500000000000084e-01 1.064249999999999918e+00 5.000000000000000278e-02 1.107554714846576971e+00
2.287899999999999934e-01 1.129191999999999974e+00 5.000000000000000278e-02 1.095320345602891932e+00
2.289700000000000069e-01 1.102988999999999997e+00 5.000000000000000278e-02 1.091242222521663141e+00
2.296999999999999875e-01 1.069236999999999993e+00 5.000000000000000278e-02 1.074703167803348292e+00
2.298300000000000065e-01 1.095920000000000005e+00 5.000000000000000278e-02 1.071757856689127264e+00
2.304299999999999959e-01 1.062599999999999989e+00 5.000000000000000278e-02 1.058164113085032776e+00
2.308600000000000096e-01 1.081482999999999972e+00 5.000000000000000278e-02 1.048421930168764504e+00
2.311499999999999944e-01 9.980649999999999800e-01 5.000000000000000278e-02 1.041851620760118946e+00
2.318800000000000028e-01 9.336680000000000534e-01 5.000000000000000278e-02 1.025312566041803430e+00
2.318999999999999950e-01 1.057390999999999970e+00 5.000000000000000278e-02 1.024859441255000503e+00
2.326000000000000012e-01 1.019643000000000077e+00 5.000000000000000278e-02 1.008884327280568094e+00
2.329299999999999982e-01 1.045822999999999947e+00 5.000000000000000278e-02 1.001181258515119410e+00
2.333300000000000096e-01 1.063328999999999969e+00 5.000000000000000278e-02 9.918442054660906448e-01
2.339600000000000013e-01 1.013487999999999944e+00 5.000000000000000278e-02 9.771383469138706923e-01
2.340599999999999903e-01 9.963400000000000034e-01 5.000000000000000278e-02 9.748040836516138619e-01
2.347799999999999887e-01 8.843809999999999727e-01 5.000000000000000278e-02 9.579973881633623289e-01
2.349999999999999867e-01 9.664800000000000058e-01 5.000000000000000278e-02 9.528620089863966136e-01
2.355099999999999971e-01 8.496810000000000196e-01 5.000000000000000278e-02 9.409572663488848798e-01
2.360299999999999898e-01 9.524789999999999646e-01 5.000000000000000278e-02 9.288190973851478960e-01
2.362299999999999955e-01 8.931219999999999715e-01 5.000000000000000278e-02 9.241505708606334579e-01
2.369600000000000040e-01 8.773459999999999592e-01 5.000000000000000278e-02 9.071104490461560088e-01
2.370700000000000029e-01 9.302740000000000453e-01 5.000000000000000278e-02 9.045427594576731511e-01
2.376800000000000024e-01 8.455019999999999758e-01 5.000000000000000278e-02 8.903037535579045869e-01
2.381000000000000061e-01 9.086250000000000160e-01 5.000000000000000278e-02 8.804998478564244335e-01
2.384100000000000108e-01 8.919230000000000214e-01 5.000000000000000278e-02 8.732636317434271378e-01
2.391300000000000092e-01 8.661450000000000538e-01 5.000000000000000278e-02 8.562886105081422006e-01
2.391399999999999915e-01 8.618749999999999467e-01 5.000000000000000278e-02 8.560511446967155047e-01
2.398599999999999899e-01 7.125019999999999687e-01 5.000000000000000278e-02 8.389536062739586519e-01
2.401699999999999946e-01 8.355329999999999702e-01 5.000000000000000278e-02 8.315921661197159809e-01
2.405899999999999983e-01 7.773120000000000029e-01 5.000000000000000278e-02 8.216186020397743262e-01
2.411999999999999977e-01 8.391929999999999668e-01 5.000000000000000278e-02 8.071331875427164571e-01
2.413099999999999967e-01 8.524119999999999475e-01 5.000000000000000278e-02 8.045210636170174734e-01
2.420400000000000051e-01 8.565319999999999601e-01 5.000000000000000278e-02 7.871860593828332586e-01
2.422300000000000009e-01 8.273350000000000426e-01 5.000000000000000278e-02 7.826742089657169332e-01
2.427600000000000036e-01 7.773120000000000029e-01 5.000000000000000278e-02 7.700885209600762948e-01
2.432699999999999863e-01 7.961789999999999701e-01 5.000000000000000278e-02 7.579777645772906025e-01
2.434900000000000120e-01 7.428719999999999768e-01 5.000000000000000278e-02 7.527535167258920801e-01
2.442199999999999926e-01 7.387500000000000178e-01 5.000000000000000278e-02 7.354185124917084204e-01
2.442999999999999894e-01 7.416249999999999787e-01 5.000000000000000278e-02 7.335187860002910787e-01
2.449399999999999911e-01 7.060610000000000497e-01 5.000000000000000278e-02 7.183209740689515677e-01
2.453400000000000025e-01 7.151549999999999851e-01 5.000000000000000278e-02 7.087806103567401150e-01
2.456699999999999995e-01 7.979230000000000489e-01 5.000000000000000278e-02 7.009042953372358609e-01
2.463700000000000057e-01 6.694710000000000383e-01 5.000000000000000278e-02 6.841969604473778777e-01
2.463899999999999979e-01 7.372999999999999554e-01 5.000000000000000278e-02 6.837196080219535288e-01
2.471200000000000063e-01 7.508179999999999854e-01 5.000000000000000278e-02 6.662962444939586337e-01
2.474000000000000088e-01 6.324400000000000022e-01 5.000000000000000278e-02 6.596133105380155293e-01
2.478400000000000047e-01 7.208470000000000155e-01 5.000000000000000278e-02 6.491115571786764127e-01
2.484300000000000119e-01 6.153939999999999966e-01 5.000000000000000278e-02 6.350296606286531809e-01
2.485700000000000132e-01 7.391510000000000025e-01 5.000000000000000278e-02 6.316881936506815176e-01
2.492900000000000116e-01 7.272809999999999553e-01 5.000000000000000278e-02 6.145035063353991855e-01
2.494699999999999973e-01 5.856710000000000527e-01 5.000000000000000278e-02 6.102073345065789356e-01
2.500200000000000200e-01 8.567050000000000498e-01 5.000000000000000278e-02 5.970801428074044015e-01
2.505000000000000004e-01 5.421730000000000160e-01 5.000000000000000278e-02 5.856236845972166982e-01
2.507499999999999729e-01 7.883999999999999897e-01 5.000000000000000278e-02 5.796567792794109497e-01
2.514700000000000268e-01 6.967879999999999630e-01 5.000000000000000278e-02 5.625026051993422538e-01
2.515299999999999758e-01 5.284820000000000073e-01 5.000000000000000278e-02 5.610800416186877415e-01
2.525700000000000167e-01 5.234560000000000324e-01 5.000000000000000278e-02 5.364222728873208057e-01
2.535999999999999921e-01 5.167800000000000171e-01 5.000000000000000278e-02 5.120015980860647131e-01
2.546300000000000230e-01 4.935760000000000147e-01 5.000000000000000278e-02 4.875809232848072328e-01
2.556700000000000084e-01 4.628090000000000259e-01 5.000000000000000278e-02 4.629231545534416292e-01
2.566999999999999837e-01 4.558809999999999807e-01 5.000000000000000278e-02 4.385024797521854811e-01
2.577300000000000146e-01 4.472269999999999857e-01 5.000000000000000278e-02 4.141552800594992534e-01
2.587599999999999900e-01 4.100900000000000101e-01 5.000000000000000278e-02 3.901773967392084819e-01
2.597999999999999754e-01 3.831120000000000081e-01 5.000000000000000278e-02 3.659667184352253244e-01
2.608300000000000063e-01 3.616130000000000178e-01 5.000000000000000278e-02 3.419888351149332761e-01
2.618599999999999817e-01 3.088830000000000187e-01 5.000000000000000278e-02 3.180109517946425046e-01
2.628900000000000126e-01 2.663889999999999869e-01 5.000000000000000278e-02 2.940330684743504563e-01
2.639299999999999979e-01 2.840920000000000112e-01 5.000000000000000278e-02 2.698838077133778879e-01
2.649599999999999733e-01 2.630819999999999825e-01 5.000000000000000278e-02 2.466168290965343179e-01
2.659900000000000042e-01 2.527780000000000027e-01 5.000000000000000278e-02 2.233498504796894990e-01
2.670199999999999796e-01 2.251450000000000118e-01 5.000000000000000278e-02 2.000828718628459568e-01
2.680600000000000205e-01 1.981590000000000018e-01 5.000000000000000278e-02 1.765900002497208798e-01
2.690899999999999959e-01 1.742009999999999947e-01 5.000000000000000278e-02 1.533230216328773099e-01
2.701200000000000268e-01 1.548200000000000132e-01 5.000000000000000278e-02 1.300560430160325187e-01
2.711500000000000021e-01 1.229869999999999991e-01 5.000000000000000278e-02 1.097241120876663728e-01
2.721799999999999775e-01 1.330520000000000036e-01 5.000000000000000278e-02 8.940059322434328049e-02
2.732200000000000184e-01 1.984559999999999935e-01 5.000000000000000278e-02 6.887975864389925262e-02
2.742499999999999938e-01 2.345889999999999920e-01 5.000000000000000278e-02 4.855623978057616030e-02
2.752800000000000247e-01 2.090079999999999993e-01 5.000000000000000278e-02 2.823272091725197164e-02
2.763100000000000001e-01 1.384199999999999875e-01 5.000000000000000278e-02 7.909202053928893195e-03
2.773399999999999754e-01 7.714000000000000024e-02 5.000000000000000278e-02 2.519858441856751355e-02
2.783800000000000163e-01 5.129800000000000332e-02 5.000000000000000278e-02 4.650885737011145604e-02
2.794099999999999917e-01 -9.459599999999999953e-02 5.000000000000000278e-02 6.761422385096614585e-02
2.804400000000000226e-01 -1.470960000000000045e-01 5.000000000000000278e-02 8.871959033182195975e-02
2.814699999999999980e-01 -1.671380000000000088e-01 5.000000000000000278e-02 1.098249568126766496e-01
2.824999999999999734e-01 -6.974299999999999944e-02 5.000000000000000278e-02 1.309303232935313255e-01
2.835300000000000042e-01 1.699380000000000057e-01 5.000000000000000278e-02 1.508809406598404790e-01
2.845699999999999896e-01 2.190050000000000052e-01 5.000000000000000278e-02 1.707669475267899750e-01
2.856000000000000205e-01 2.421800000000000064e-01 5.000000000000000278e-02 1.904617427892504322e-01
2.866299999999999959e-01 2.334140000000000104e-01 5.000000000000000278e-02 2.101565380517098625e-01
2.876600000000000268e-01 2.145179999999999865e-01 5.000000000000000278e-02 2.298513333141703197e-01
2.886900000000000022e-01 2.381270000000000053e-01 5.000000000000000278e-02 2.495461285766297221e-01
2.897199999999999775e-01 2.736370000000000191e-01 5.000000000000000278e-02 2.680745061375395255e-01
2.907500000000000084e-01 2.853700000000000125e-01 5.000000000000000278e-02 2.861701282039811334e-01
2.917799999999999838e-01 2.935340000000000171e-01 5.000000000000000278e-02 3.042657502704216865e-01
2.928200000000000247e-01 3.158480000000000176e-01 5.000000000000000278e-02 3.225370579879939248e-01
2.938500000000000001e-01 3.376910000000000189e-01 5.000000000000000278e-02 3.406326800544345890e-01
2.948799999999999755e-01 3.501299999999999968e-01 5.000000000000000278e-02 3.587283021208751421e-01
2.959100000000000064e-01 3.651570000000000094e-01 5.000000000000000278e-02 3.756962524453221763e-01
2.969399999999999817e-01 3.843380000000000130e-01 5.000000000000000278e-02 3.920302633992027164e-01
2.979700000000000126e-01 4.115739999999999954e-01 5.000000000000000278e-02 4.083642743530840891e-01
2.989999999999999880e-01 4.338009999999999922e-01 5.000000000000000278e-02 4.246982853069646291e-01
3.000300000000000189e-01 4.532510000000000150e-01 5.000000000000000278e-02 4.410322962608460573e-01
3.010599999999999943e-01 4.673970000000000069e-01 5.000000000000000278e-02 4.573663072147265973e-01
3.020900000000000252e-01 4.826269999999999727e-01 5.000000000000000278e-02 4.726741190210479449e-01
3.031200000000000006e-01 4.839970000000000105e-01 5.000000000000000278e-02 4.871118924479559409e-01
3.041499999999999759e-01 4.876240000000000019e-01 5.000000000000000278e-02 5.015496658748639369e-01
3.051900000000000168e-01 5.126659999999999551e-01 5.000000000000000278e-02 5.161276118593156603e-01
3.062199999999999922e-01 5.383620000000000072e-01 5.000000000000000278e-02 5.305653852862236564e-01
3.072500000000000231e-01 5.478079999999999616e-01 5.000000000000000278e-02 5.450031587131324295e-01
3.082799999999999985e-01 5.678809999999999691e-01 5.000000000000000278e-02 5.585362357048665460e-01
3.093099999999999739e-01 5.849569999999999492e-01 5.000000000000000278e-02 5.709721366138802434e-01
3.103400000000000047e-01 6.011459999999999582e-01 5.000000000000000278e-02 5.834080375228946069e-01
3.113699999999999801e-01 6.186700000000000532e-01 5.000000000000000278e-02 5.958439384319083043e-01
3.124000000000000110e-01 6.309430000000000316e-01 5.000000000000000278e-02 6.082798393409226678e-01
3.134299999999999864e-01 6.514739999999999975e-01 5.000000000000000278e-02 6.207157402499363652e-01
3.144600000000000173e-01 6.753339999999999899e-01 5.000000000000000278e-02 6.324182469271575346e-01
3.154899999999999927e-01 6.899199999999999777e-01 5.000000000000000278e-02 6.427763376519721739e-01
3.165200000000000236e-01 7.007400000000000295e-01 5.000000000000000278e-02 6.531344283767874792e-01
3.175499999999999989e-01 7.091899999999999871e-01 5.000000000000000278e-02 6.634925191016022294e-01
3.185799999999999743e-01 7.194270000000000387e-01 5.000000000000000278e-02 6.738506098264169797e-01
3.196100000000000052e-01 7.308700000000000196e-01 5.000000000000000278e-02 6.842087005512321740e-01
3.206399999999999806e-01 7.495209999999999928e-01 5.000000000000000278e-02 6.940273314016084383e-01
3.216700000000000115e-01 7.627540000000000431e-01 5.000000000000000278e-02 7.022616050145321642e-01
3.226999999999999869e-01 7.766429999999999723e-01 5.000000000000000278e-02 7.104958786274555571e-01
3.237300000000000177e-01 7.921350000000000335e-01 5.000000000000000278e-02 7.187301522403793941e-01
3.247599999999999931e-01 7.969460000000000433e-01 5.000000000000000278e-02 7.269644258533026759e-01
3.257900000000000240e-01 8.004620000000000068e-01 5.000000000000000278e-02 7.351986994662265129e-01
3.268199999999999994e-01 8.055120000000000058e-01 5.000000000000000278e-02 7.431011582482024425e-01
3.278499999999999748e-01 8.123040000000000260e-01 5.000000000000000278e-02 7.491953088227601976e-01
3.288800000000000057e-01 8.194069999999999965e-01 5.000000000000000278e-02 7.552894593973183968e-01
3.299099999999999810e-01 8.242169999999999774e-01 5.000000000000000278e-02 7.613836099718761519e-01
3.309400000000000119e-01 8.395219999999999905e-01 5.000000000000000278e-02 7.674777605464342400e-01
3.319699999999999873e-01 8.463580000000000547e-01 5.000000000000000278e-02 7.735719111209919951e-01
3.330000000000000182e-01 8.588909999999999600e-01 5.000000000000000278e-02 7.795467470308889979e-01
3.340199999999999836e-01 8.632319999999999993e-01 5.000000000000000278e-02 7.834749814259760470e-01
3.350500000000000145e-01 8.633049999999999891e-01 5.000000000000000278e-02 7.874417279229759536e-01
3.360799999999999899e-01 8.738029999999999964e-01 5.000000000000000278e-02 7.914084744199757493e-01
3.371100000000000207e-01 8.722649999999999570e-01 5.000000000000000278e-02 7.953752209169756560e-01
3.381399999999999961e-01 8.584159999999999568e-01 5.000000000000000278e-02 7.993419674139753406e-01
3.391700000000000270e-01 8.714659999999999629e-01 5.000000000000000278e-02 8.033087139109753583e-01
3.402000000000000024e-01 8.754469999999999752e-01 5.000000000000000278e-02 8.052984320274891861e-01
3.412299999999999778e-01 8.697869999999999768e-01 5.000000000000000278e-02 8.071784195323532529e-01
3.422600000000000087e-01 8.614030000000000298e-01 5.000000000000000278e-02 8.090584070372173198e-01
3.432899999999999840e-01 8.545059999999999878e-01 5.000000000000000278e-02 8.109383945420813866e-01
3.443200000000000149e-01 8.533760000000000234e-01 5.000000000000000278e-02 8.128183820469455645e-01
3.453499999999999903e-01 8.554509999999999614e-01 5.000000000000000278e-02 8.146983695518096313e-01
3.463700000000000112e-01 8.394719999999999960e-01 5.000000000000000278e-02 8.148661051267813704e-01
3.473999999999999866e-01 8.248760000000000536e-01 5.000000000000000278e-02 8.147264135220831927e-01
3.484300000000000175e-01 8.254850000000000243e-01 5.000000000000000278e-02 8.145867219173850149e-01
3.494599999999999929e-01 8.196989999999999554e-01 5.000000000000000278e-02 8.144470303126869482e-01
3.504900000000000237e-01 8.094449999999999701e-01 5.000000000000000278e-02 8.143073387079887704e-01
3.515199999999999991e-01 8.086719999999999464e-01 5.000000000000000278e-02 8.141676471032905926e-01
3.525499999999999745e-01 8.127769999999999717e-01 5.000000000000000278e-02 8.126016372487117057e-01
3.535800000000000054e-01 8.130209999999999937e-01 5.000000000000000278e-02 8.105339330681182730e-01
3.546000000000000263e-01 8.139199999999999768e-01 5.000000000000000278e-02 8.084863036853946472e-01
3.556300000000000017e-01 8.142260000000000053e-01 5.000000000000000278e-02 8.064185995048012146e-01
3.566599999999999770e-01 7.951650000000000107e-01 5.000000000000000278e-02 8.043508953242078929e-01
3.576900000000000079e-01 7.787539999999999463e-01 5.000000000000000278e-02 8.022831911436143493e-01
3.587199999999999833e-01 7.722139999999999560e-01 5.000000000000000278e-02 7.990706871556739754e-01
3.597500000000000142e-01 7.671980000000000466e-01 5.000000000000000278e-02 7.951890592521171364e-01
3.607699999999999796e-01 7.652170000000000361e-01 5.000000000000000278e-02 7.913451170563620130e-01
3.618000000000000105e-01 7.658000000000000362e-01 5.000000000000000278e-02 7.874634891528050629e-01
3.628299999999999859e-01 7.591470000000000162e-01 5.000000000000000278e-02 7.835818612492484458e-01
3.638600000000000168e-01 7.503950000000000342e-01 5.000000000000000278e-02 7.797002333456914958e-01
3.648899999999999921e-01 7.418090000000000517e-01 5.000000000000000278e-02 7.749409701853238186e-01
3.659200000000000230e-01 7.333920000000000439e-01 5.000000000000000278e-02 7.693794938917013493e-01
3.669399999999999884e-01 7.187609999999999832e-01 5.000000000000000278e-02 7.638720125135513017e-01
3.679700000000000193e-01 7.001650000000000373e-01 5.000000000000000278e-02 7.583105362199287214e-01
3.689999999999999947e-01 6.870789999999999953e-01 5.000000000000000278e-02 7.527490599263065851e-01
3.700300000000000256e-01 6.715520000000000378e-01 5.000000000000000278e-02 7.471875836326841158e-01
3.710600000000000009e-01 6.737539999999999640e-01 5.000000000000000278e-02 7.409936665633829467e-01
3.720800000000000218e-01 6.830880000000000285e-01 5.000000000000000278e-02 7.339725783779867951e-01
3.731099999999999972e-01 6.724890000000000034e-01 5.000000000000000278e-02 7.268826559946948151e-01
3.741399999999999726e-01 6.559749999999999748e-01 5.000000000000000278e-02 7.197927336114029462e-01
3.751700000000000035e-01 6.545060000000000322e-01 5.000000000000000278e-02 7.127028112281107441e-01
3.761999999999999789e-01 6.488350000000000506e-01 5.000000000000000278e-02 7.056128888448188752e-01
3.772199999999999998e-01 6.302410000000000512e-01 5.000000000000000278e-02 6.981892998146620455e-01
3.782499999999999751e-01 6.142320000000000002e-01 5.000000000000000278e-02 6.897368274940329780e-01
3.792800000000000060e-01 6.030640000000000445e-01 5.000000000000000278e-02 6.812843551734033554e-01
3.803099999999999814e-01 5.880889999999999729e-01 5.000000000000000278e-02 6.728318828527742879e-01
3.813300000000000023e-01 5.810840000000000449e-01 5.000000000000000278e-02 6.644614733702091103e-01
3.823599999999999777e-01 5.861039999999999583e-01 5.000000000000000278e-02 6.560090010495800428e-01
3.833900000000000086e-01 5.909050000000000136e-01 5.000000000000000278e-02 6.473352276714312570e-01
3.844199999999999839e-01 5.832199999999999607e-01 5.000000000000000278e-02 6.376976400716650728e-01
3.854400000000000048e-01 5.672310000000000407e-01 5.000000000000000278e-02 6.281536212835466815e-01
3.864699999999999802e-01 5.579539999999999500e-01 5.000000000000000278e-02 6.185160336837804973e-01
3.875000000000000111e-01 5.556969999999999965e-01 5.000000000000000278e-02 6.088784460840137580e-01
3.885299999999999865e-01 5.584209999999999452e-01 5.000000000000000278e-02 5.992408584842475738e-01
3.895500000000000074e-01 5.441519999999999690e-01 5.000000000000000278e-02 5.896285403843551931e-01
3.905799999999999828e-01 5.283149999999999791e-01 5.000000000000000278e-02 5.789917848392008848e-01
3.916100000000000136e-01 5.234569999999999501e-01 5.000000000000000278e-02 5.683550292940460213e-01
3.926299999999999790e-01 5.158829999999999805e-01 5.000000000000000278e-02 5.578215432202040525e-01
3.936600000000000099e-01 5.121940000000000381e-01 5.000000000000000278e-02 5.471847876750490780e-01
3.946899999999999853e-01 5.034450000000000314e-01 5.000000000000000278e-02 5.365480321298947697e-01
3.957200000000000162e-01 4.983989999999999809e-01 5.000000000000000278e-02 5.259112765847399062e-01
3.967399999999999816e-01 4.906559999999999810e-01 5.000000000000000278e-02 5.146104424151020096e-01
3.977700000000000125e-01 4.699039999999999884e-01 5.000000000000000278e-02 5.031659338316930574e-01
3.987999999999999878e-01 4.567160000000000108e-01 5.000000000000000278e-02 4.917214252482847159e-01
3.998200000000000087e-01 4.502950000000000008e-01 5.000000000000000278e-02 4.803880283986953770e-01
4.008499999999999841e-01 4.497039999999999926e-01 5.000000000000000278e-02 4.689435198152870354e-01
4.018800000000000150e-01 4.543860000000000121e-01 5.000000000000000278e-02 4.574990112318781388e-01
4.028999999999999804e-01 4.502479999999999816e-01 5.000000000000000278e-02 4.456551068994104026e-01
4.039300000000000113e-01 4.373949999999999783e-01 5.000000000000000278e-02 4.335967131926530826e-01
4.049599999999999866e-01 4.257369999999999766e-01 5.000000000000000278e-02 4.215383194858963734e-01
4.059800000000000075e-01 4.121540000000000203e-01 5.000000000000000278e-02 4.095969975626999049e-01
4.070099999999999829e-01 3.921430000000000193e-01 5.000000000000000278e-02 3.975386038559432511e-01
4.080400000000000138e-01 3.759009999999999851e-01 5.000000000000000278e-02 3.854802101491859312e-01
4.090599999999999792e-01 3.744660000000000211e-01 5.000000000000000278e-02 3.732389773244722542e-01
4.100900000000000101e-01 3.700789999999999913e-01 5.000000000000000278e-02 3.607600829743883852e-01
4.111099999999999755e-01 3.552580000000000182e-01 5.000000000000000278e-02 3.484023429383837911e-01
4.121400000000000063e-01 3.432499999999999996e-01 5.000000000000000278e-02 3.359234485882998666e-01
4.131699999999999817e-01 3.369079999999999853e-01 5.000000000000000278e-02 3.234445542382166638e-01
4.141900000000000026e-01 3.280520000000000103e-01 5.000000000000000278e-02 3.110868142022114036e-01
4.152199999999999780e-01 3.250660000000000216e-01 5.000000000000000278e-02 2.984708594618176725e-01
4.162500000000000089e-01 3.070570000000000244e-01 5.000000000000000278e-02 2.857615518059679616e-01
4.172699999999999743e-01 2.778939999999999744e-01 5.000000000000000278e-02 2.731756354865836345e-01
4.183000000000000052e-01 2.654670000000000085e-01 5.000000000000000278e-02 2.604663278307339236e-01
4.193299999999999805e-01 2.625959999999999961e-01 5.000000000000000278e-02 2.477570201748849066e-01
4.203500000000000014e-01 2.484040000000000137e-01 5.000000000000000278e-02 2.351711038554998856e-01
4.213799999999999768e-01 2.228249999999999953e-01 5.000000000000000278e-02 2.224397485284431986e-01
4.223999999999999977e-01 2.102410000000000112e-01 5.000000000000000278e-02 2.098080083424606890e-01
4.234299999999999731e-01 2.178110000000000046e-01 5.000000000000000278e-02 1.970524275664200797e-01
4.244499999999999940e-01 2.180290000000000006e-01 5.000000000000000278e-02 1.844206873804375701e-01
4.254800000000000249e-01 1.932129999999999959e-01 5.000000000000000278e-02 1.716651066043962948e-01
4.265100000000000002e-01 1.821540000000000104e-01 5.000000000000000278e-02 1.589095258283557133e-01
4.275300000000000211e-01 2.171730000000000049e-01 5.000000000000000278e-02 1.463228907598628503e-01
4.285599999999999965e-01 1.958850000000000036e-01 5.000000000000000278e-02 1.336967803121690279e-01
4.295800000000000174e-01 1.280910000000000104e-01 5.000000000000000278e-02 1.211932534610542234e-01
4.306099999999999928e-01 1.052069999999999950e-01 5.000000000000000278e-02 1.085671430133604287e-01
4.316300000000000137e-01 1.270090000000000108e-01 5.000000000000000278e-02 9.606361616224559641e-02
4.326599999999999890e-01 1.261529999999999874e-01 5.000000000000000278e-02 8.343750571455180176e-02
4.336900000000000199e-01 1.186949999999999950e-01 5.000000000000000278e-02 7.099183330503827660e-02
4.347099999999999853e-01 9.339400000000000479e-02 5.000000000000000278e-02 5.926518852329041437e-02
4.357400000000000162e-01 1.182700000000000071e-02 5.000000000000000278e-02 4.742357663583837701e-02
4.367599999999999816e-01 -6.838199999999999834e-02 5.000000000000000278e-02 3.569693185409051478e-02
4.377900000000000125e-01 -3.754099999999999798e-02 5.000000000000000278e-02 2.385531996663847742e-02
4.388099999999999778e-01 -9.718699999999999561e-02 5.000000000000000278e-02 1.212867518489060825e-02
4.398400000000000087e-01 -1.137689999999999951e-01 5.000000000000000278e-02 2.705165309397726883e-03
4.408599999999999741e-01 -9.365999999999999326e-02 5.000000000000000278e-02 1.447413614737317646e-02
4.418900000000000050e-01 -8.489099999999999424e-02 5.000000000000000278e-02 2.635848905238836332e-02
4.429100000000000259e-01 9.298599999999999921e-02 5.000000000000000278e-02 3.812745989036445127e-02
4.439400000000000013e-01 1.646259999999999946e-01 5.000000000000000278e-02 5.001181279537899455e-02
4.449600000000000222e-01 1.494610000000000105e-01 5.000000000000000278e-02 6.178078363335508250e-02
4.459899999999999975e-01 7.823700000000000099e-02 5.000000000000000278e-02 7.366513653836963271e-02
4.470100000000000184e-01 1.010469999999999979e-01 5.000000000000000278e-02 8.486964561543428043e-02
4.480399999999999938e-01 1.443270000000000108e-01 5.000000000000000278e-02 9.616853191203209028e-02
4.490600000000000147e-01 1.126150000000000068e-01 5.000000000000000278e-02 1.073577202834207212e-01
4.500899999999999901e-01 9.527199999999999558e-02 5.000000000000000278e-02 1.186566065800185310e-01
4.511100000000000110e-01 1.403780000000000028e-01 5.000000000000000278e-02 1.298457949514071619e-01
4.521399999999999864e-01 1.982770000000000088e-01 5.000000000000000278e-02 1.411446812480049717e-01
4.531600000000000072e-01 2.109499999999999986e-01 5.000000000000000278e-02 1.517418334280228875e-01
4.541899999999999826e-01 1.778639999999999943e-01 5.000000000000000278e-02 1.623325734331614312e-01
4.552100000000000035e-01 1.566309999999999925e-01 5.000000000000000278e-02 1.728204907198039597e-01
4.562300000000000244e-01 2.085509999999999864e-01 5.000000000000000278e-02 1.833084080064464882e-01
4.572599999999999998e-01 2.487179999999999946e-01 5.000000000000000278e-02 1.938991480115850319e-01
4.582800000000000207e-01 2.498730000000000118e-01 5.000000000000000278e-02 2.043870652982275604e-01
4.593099999999999961e-01 2.438589999999999924e-01 5.000000000000000278e-02 2.144014465889694798e-01
4.603300000000000169e-01 2.527780000000000027e-01 5.000000000000000278e-02 2.240831447749411787e-01
4.613599999999999923e-01 2.637970000000000037e-01 5.000000000000000278e-02 2.338597615705788058e-01
4.623800000000000132e-01 2.890510000000000024e-01 5.000000000000000278e-02 2.435414597565505046e-01
4.634099999999999886e-01 2.923689999999999900e-01 5.000000000000000278e-02 2.533180765521881317e-01
4.644300000000000095e-01 2.871929999999999761e-01 5.000000000000000278e-02 2.629997747381598305e-01
4.654499999999999749e-01 3.005169999999999786e-01 5.000000000000000278e-02 2.721668306987946040e-01
4.664800000000000058e-01 3.199049999999999949e-01 5.000000000000000278e-02 2.810408121071988896e-01
4.675000000000000266e-01 3.423519999999999897e-01 5.000000000000000278e-02 2.898286383562981849e-01
4.685300000000000020e-01 3.463950000000000085e-01 5.000000000000000278e-02 2.987026197647020265e-01
4.695500000000000229e-01 3.434079999999999910e-01 5.000000000000000278e-02 3.074904460138013218e-01
4.705699999999999883e-01 3.417879999999999807e-01 5.000000000000000278e-02 3.162782722629001730e-01
4.716000000000000192e-01 3.433550000000000213e-01 5.000000000000000278e-02 3.247220183547365746e-01
4.726199999999999846e-01 3.460409999999999875e-01 5.000000000000000278e-02 3.325460619407679674e-01
4.736500000000000155e-01 3.399090000000000167e-01 5.000000000000000278e-02 3.404468118364668006e-01
4.746699999999999808e-01 3.313159999999999994e-01 5.000000000000000278e-02 3.482708554224981934e-01
4.756900000000000017e-01 3.525760000000000005e-01 5.000000000000000278e-02 3.560948990085300303e-01
4.767199999999999771e-01 3.761680000000000024e-01 5.000000000000000278e-02 3.639956489042284749e-01
4.777399999999999980e-01 3.821979999999999822e-01 5.000000000000000278e-02 3.715075791728425503e-01
4.787699999999999734e-01 3.751889999999999947e-01 5.000000000000000278e-02 3.783825642564000447e-01
4.797899999999999943e-01 3.708060000000000245e-01 5.000000000000000278e-02 3.851908019119620885e-01
4.808100000000000152e-01 3.911519999999999997e-01 5.000000000000000278e-02 3.919990395675241324e-01
4.818399999999999905e-01 4.054110000000000213e-01 5.000000000000000278e-02 3.988740246510816267e-01
4.828600000000000114e-01 3.996390000000000220e-01 5.000000000000000278e-02 4.056822623066436706e-01
4.838799999999999768e-01 3.901540000000000008e-01 5.000000000000000278e-02 4.123139689573150912e-01
4.849100000000000077e-01 3.920600000000000196e-01 5.000000000000000278e-02 4.181285720606083833e-01
4.859299999999999731e-01 3.848289999999999766e-01 5.000000000000000278e-02 4.238867227065877263e-01
4.869499999999999940e-01 3.902059999999999973e-01 5.000000000000000278e-02 4.296448733525674579e-01
4.879800000000000249e-01 4.089169999999999749e-01 5.000000000000000278e-02 4.354594764558607500e-01
4.889999999999999902e-01 4.227210000000000134e-01 5.000000000000000278e-02 4.412176271018400930e-01
4.900200000000000111e-01 4.324109999999999898e-01 5.000000000000000278e-02 4.469448709277931697e-01
4.910399999999999765e-01 4.452220000000000066e-01 5.000000000000000278e-02 4.516359752541504458e-01
4.920700000000000074e-01 4.708570000000000255e-01 5.000000000000000278e-02 4.563730707993938762e-01
4.930899999999999728e-01 4.618769999999999820e-01 5.000000000000000278e-02 4.610641751257511523e-01
4.941099999999999937e-01 4.540150000000000019e-01 5.000000000000000278e-02 4.657552794521087058e-01
4.951400000000000245e-01 4.589139999999999886e-01 5.000000000000000278e-02 4.704923749973521363e-01
4.961599999999999899e-01 4.584869999999999779e-01 5.000000000000000278e-02 4.751834793237094123e-01
4.971800000000000108e-01 4.644940000000000180e-01 5.000000000000000278e-02 4.789248267052714780e-01
4.982099999999999862e-01 4.959529999999999772e-01 5.000000000000000278e-02 4.825840980331501107e-01
4.992300000000000071e-01 5.006720000000000059e-01 5.000000000000000278e-02 4.862078424549329814e-01
5.002499999999999725e-01 4.980769999999999920e-01 5.000000000000000278e-02 4.898315868767156855e-01
5.012699999999999934e-01 5.053109999999999546e-01 5.000000000000000278e-02 4.934553312984985562e-01
5.022999999999999687e-01 5.067930000000000490e-01 5.000000000000000278e-02 4.971146026263771889e-01
5.033199999999999896e-01 5.294210000000000305e-01 5.000000000000000278e-02 4.999486869968943759e-01
5.043400000000000105e-01 5.241749999999999465e-01 5.000000000000000278e-02 5.025204950518918912e-01
5.053600000000000314e-01 5.166169999999999929e-01 5.000000000000000278e-02 5.050923031068892399e-01
5.063900000000000068e-01 5.266399999999999970e-01 5.000000000000000278e-02 5.076893249663473329e-01
5.074100000000000277e-01 5.457729999999999526e-01 5.000000000000000278e-02 5.102611330213447927e-01
5.084300000000000486e-01 5.584350000000000147e-01 5.000000000000000278e-02 5.128329410763422525e-01
5.094499999999999584e-01 5.675810000000000022e-01 5.000000000000000278e-02 5.147898540186824912e-01
5.104800000000000448e-01 5.704949999999999743e-01 5.000000000000000278e-02 5.163549665274589362e-01
5.114999999999999547e-01 5.694249999999999590e-01 5.000000000000000278e-02 5.179048837691595519e-01
5.125199999999999756e-01 5.772469999999999546e-01 5.000000000000000278e-02 5.194548010108603897e-01
5.135399999999999965e-01 5.828790000000000360e-01 5.000000000000000278e-02 5.210047182525612275e-01
5.145600000000000174e-01 5.926949999999999719e-01 5.000000000000000278e-02 5.225546354942620653e-01
5.155899999999999928e-01 6.026860000000000550e-01 5.000000000000000278e-02 5.236671089117482802e-01
5.166100000000000136e-01 6.118179999999999730e-01 5.000000000000000278e-02 5.242385097510656733e-01
5.176300000000000345e-01 6.247369999999999868e-01 5.000000000000000278e-02 5.248099105903829553e-01
5.186500000000000554e-01 6.290000000000000036e-01 5.000000000000000278e-02 5.253813114297002373e-01
5.196699999999999653e-01 6.295739999999999670e-01 5.000000000000000278e-02 5.259527122690175194e-01
5.207000000000000517e-01 6.129390000000000116e-01 5.000000000000000278e-02 5.265297150773478041e-01
5.217199999999999616e-01 6.030140000000000500e-01 5.000000000000000278e-02 5.268115585180491722e-01
5.227399999999999824e-01 6.156070000000000153e-01 5.000000000000000278e-02 5.264597052595786364e-01
5.237600000000000033e-01 6.337169999999999748e-01 5.000000000000000278e-02 5.261078520011081006e-01
5.247800000000000242e-01 6.373010000000000064e-01 5.000000000000000278e-02 5.257559987426376757e-01
5.258000000000000451e-01 6.332740000000000036e-01 5.000000000000000278e-02 5.254041454841671399e-01
5.268199999999999550e-01 6.332989999999999453e-01 5.000000000000000278e-02 5.250522922256966041e-01
5.278500000000000414e-01 6.379380000000000051e-01 5.000000000000000278e-02 5.245557522916617366e-01
5.288699999999999513e-01 6.426659999999999595e-01 5.000000000000000278e-02 5.233462377871496152e-01
5.298899999999999721e-01 6.455680000000000307e-01 5.000000000000000278e-02 5.221367232826372717e-01
5.309099999999999930e-01 6.468760000000000066e-01 5.000000000000000278e-02 5.209272087781249283e-01
5.319300000000000139e-01 6.380949999999999678e-01 5.000000000000000278e-02 5.197176942736125849e-01
5.329500000000000348e-01 6.308409999999999851e-01 5.000000000000000278e-02 5.185081797691002414e-01
5.339699999999999447e-01 6.226159999999999473e-01 5.000000000000000278e-02 5.172940251372477594e-01
5.350000000000000311e-01 6.194520000000000026e-01 5.000000000000000278e-02 5.152815928670064771e-01
5.360200000000000520e-01 6.269550000000000400e-01 5.000000000000000278e-02 5.132886987741464013e-01
5.370399999999999618e-01 6.313819999999999988e-01 5.000000000000000278e-02 5.112958046812865476e-01
5.380599999999999827e-01 6.272590000000000110e-01 5.000000000000000278e-02 5.093029105884264718e-01
5.390800000000000036e-01 6.138169999999999460e-01 5.000000000000000278e-02 5.073100164955663960e-01
5.401000000000000245e-01 6.015089999999999604e-01 5.000000000000000278e-02 5.053171224027063202e-01
5.411200000000000454e-01 5.943599999999999994e-01 5.000000000000000278e-02 5.027225445292561323e-01
5.421399999999999553e-01 5.861979999999999968e-01 5.000000000000000278e-02 5.000275471331574462e-01
5.431599999999999762e-01 5.786810000000000009e-01 5.000000000000000278e-02 4.973325497370584269e-01
5.441799999999999971e-01 5.738440000000000207e-01 5.000000000000000278e-02 4.946375523409594632e-01
5.452000000000000179e-01 5.698839999999999462e-01 5.000000000000000278e-02 4.919425549448604440e-01
5.462299999999999933e-01 5.666830000000000478e-01 5.000000000000000278e-02 4.892211360056625269e-01
5.472500000000000142e-01 5.613000000000000211e-01 5.000000000000000278e-02 4.860903164869695980e-01
5.482700000000000351e-01 5.575759999999999605e-01 5.000000000000000278e-02 4.827797714404240548e-01
5.492899999999999450e-01 5.405010000000000092e-01 5.000000000000000278e-02 4.794692263938789001e-01
5.503099999999999659e-01 5.328770000000000451e-01 5.000000000000000278e-02 4.761586813473333013e-01
5.513299999999999867e-01 5.266229999999999523e-01 5.000000000000000278e-02 4.728481363007878135e-01
5.523500000000000076e-01 5.016260000000000163e-01 5.000000000000000278e-02 4.695375912542422148e-01
5.533700000000000285e-01 4.963770000000000127e-01 5.000000000000000278e-02 4.659384496990692792e-01
5.543900000000000494e-01 5.033990000000000409e-01 5.000000000000000278e-02 4.621024859016017450e-01
5.554099999999999593e-01 4.977699999999999902e-01 5.000000000000000278e-02 4.582665221041345993e-01
5.564299999999999802e-01 4.741569999999999951e-01 5.000000000000000278e-02 4.544305583066670651e-01
5.574500000000000011e-01 4.654690000000000216e-01 5.000000000000000278e-02 4.505945945091995308e-01
5.584700000000000220e-01 4.629289999999999794e-01 5.000000000000000278e-02 4.467586307117319411e-01
5.594900000000000428e-01 4.437409999999999966e-01 5.000000000000000278e-02 4.427534232777270984e-01
5.605099999999999527e-01 4.393050000000000010e-01 5.000000000000000278e-02 4.384840744863590656e-01
5.615299999999999736e-01 4.331240000000000090e-01 5.000000000000000278e-02 4.342147256949905332e-01
5.625499999999999945e-01 4.273150000000000004e-01 5.000000000000000278e-02 4.299453769036219453e-01
5.635700000000000154e-01 3.922619999999999996e-01 5.000000000000000278e-02 4.256760281122534129e-01
5.645900000000000363e-01 3.787909999999999888e-01 5.000000000000000278e-02 4.214066793208848805e-01
5.656099999999999461e-01 3.820649999999999880e-01 5.000000000000000278e-02 4.170582880364832601e-01
5.666299999999999670e-01 3.894569999999999976e-01 5.000000000000000278e-02 4.124478887346917921e-01
5.676499999999999879e-01 3.936140000000000194e-01 5.000000000000000278e-02 4.078374894329002687e-01
5.686700000000000088e-01 3.845439999999999969e-01 5.000000000000000278e-02 4.032270901311088007e-01
5.696900000000000297e-01 3.637219999999999898e-01 5.000000000000000278e-02 3.986166908293172773e-01
5.707100000000000506e-01 3.450960000000000139e-01 5.000000000000000278e-02 3.940062915275257538e-01
5.717299999999999605e-01 3.409539999999999793e-01 5.000000000000000278e-02 3.893776452580500202e-01
5.727499999999999813e-01 3.271990000000000176e-01 5.000000000000000278e-02 3.845173148611273350e-01
5.737700000000000022e-01 3.144919999999999938e-01 5.000000000000000278e-02 3.796569844642045943e-01
5.747799999999999576e-01 3.175640000000000129e-01 5.000000000000000278e-02 3.748443043652912587e-01
5.757999999999999785e-01 3.251120000000000121e-01 5.000000000000000278e-02 3.699839739683685735e-01
5.768199999999999994e-01 2.909439999999999804e-01 5.000000000000000278e-02 3.651236435714458328e-01
5.778400000000000203e-01 2.667840000000000211e-01 5.000000000000000278e-02 3.602633131745231476e-01
5.788600000000000412e-01 2.657379999999999742e-01 5.000000000000000278e-02 3.552569747582913218e-01
5.798799999999999510e-01 2.838620000000000032e-01 5.000000000000000278e-02 3.502352114655216120e-01
5.808999999999999719e-01 3.129230000000000067e-01 5.000000000000000278e-02 3.452134481727513471e-01
5.819199999999999928e-01 3.147639999999999882e-01 5.000000000000000278e-02 3.401916848799810267e-01
5.829400000000000137e-01 2.811890000000000223e-01 5.000000000000000278e-02 3.351699215872107618e-01
5.839600000000000346e-01 2.529299999999999882e-01 5.000000000000000278e-02 3.301481582944404969e-01
5.849800000000000555e-01 2.437630000000000075e-01 5.000000000000000278e-02 3.250691000728106461e-01
5.859900000000000109e-01 2.233890000000000042e-01 5.000000000000000278e-02 3.200204889045160095e-01
5.870100000000000318e-01 2.189969999999999972e-01 5.000000000000000278e-02 3.149218914870300368e-01
5.880300000000000527e-01 2.123099999999999987e-01 5.000000000000000278e-02 3.098232940695440640e-01
5.890499999999999625e-01 2.096969999999999945e-01 5.000000000000000278e-02 3.047246966520586464e-01
5.900699999999999834e-01 2.231360000000000010e-01 5.000000000000000278e-02 2.996260992345726182e-01
5.910900000000000043e-01 2.290270000000000084e-01 5.000000000000000278e-02 2.945290774187343530e-01
5.921100000000000252e-01 2.002919999999999978e-01 5.000000000000000278e-02 2.894332100241624461e-01
5.931199999999999806e-01 1.710510000000000086e-01 5.000000000000000278e-02 2.843873021138513812e-01
5.941400000000000015e-01 1.550219999999999931e-01 5.000000000000000278e-02 2.792914347192794744e-01
5.951600000000000223e-01 1.890699999999999881e-01 5.000000000000000278e-02 2.741955673247075675e-01
5.961800000000000432e-01 2.277859999999999885e-01 5.000000000000000278e-02 2.690996999301356607e-01
5.971999999999999531e-01 2.367470000000000130e-01 5.000000000000000278e-02 2.640349987248680197e-01
5.982199999999999740e-01 1.795609999999999984e-01 5.000000000000000278e-02 2.590154104541717572e-01
5.992300000000000404e-01 9.678900000000000003e-02 5.000000000000000278e-02 2.540450338331879387e-01
6.002499999999999503e-01 1.409700000000000120e-01 5.000000000000000278e-02 2.490254455624922314e-01
6.012699999999999712e-01 1.813849999999999907e-01 5.000000000000000278e-02 2.440058572917959689e-01
6.022899999999999920e-01 1.363709999999999922e-01 5.000000000000000278e-02 2.389862690210996787e-01
6.033100000000000129e-01 5.366900000000000143e-02 5.000000000000000278e-02 2.340010030688758902e-01
6.043199999999999683e-01 1.571460000000000079e-01 5.000000000000000278e-02 2.291722204335057689e-01
6.053399999999999892e-01 1.585699999999999887e-01 5.000000000000000278e-02 2.242956280690722448e-01
6.063600000000000101e-01 1.745190000000000075e-01 5.000000000000000278e-02 2.194190357046387208e-01
6.073800000000000310e-01 1.902389999999999914e-01 5.000000000000000278e-02 2.145424433402051689e-01
6.084000000000000519e-01 1.837149999999999894e-01 5.000000000000000278e-02 2.096658509757716449e-01
6.094100000000000072e-01 1.671610000000000040e-01 5.000000000000000278e-02 2.048495382027800127e-01
6.104300000000000281e-01 1.813140000000000029e-01 5.000000000000000278e-02 2.001751771052598106e-01
6.114500000000000490e-01 1.609899999999999942e-01 5.000000000000000278e-02 1.955008160077396084e-01
6.124699999999999589e-01 1.189940000000000025e-01 5.000000000000000278e-02 1.908264549102199059e-01
6.134800000000000253e-01 3.167699999999999683e-02 5.000000000000000278e-02 1.861979208822830412e-01
6.145000000000000462e-01 -9.466499999999999915e-02 5.000000000000000278e-02 1.815235597847628390e-01
6.155199999999999561e-01 -6.729899999999999771e-02 5.000000000000000278e-02 1.768491986872431365e-01
6.165300000000000225e-01 1.141429999999999945e-01 5.000000000000000278e-02 1.724445864389885508e-01
